LP information:
0
39 12.5 40 9.0 41 8.5 
1
69 10.0 
2
1 10.0 129 2.0 2 17.0 3 2.0 6 2.0 124 10.0 126 13.0 127 6.0 
3
71 1.5 73 11.5 74 6.0 
4
88 17.0 
5
65 23.0 113 23.0 
6
83 28.0 123 28.0 
7
0 20.0 138 20.0 
8
15 13.0 18 8.0 73 6.0 86 13.0 87 8.0 92 6.0 
9
0 19.0 55 19.0 
10
93 8.5 104 1.5 54 10.0 
11
138 20.0 
12
6 14.0 145 14.0 
13
132 11.0 
14
137 5.0 139 23.0 96 5.0 98 23.0 
15
77 16.0 89 5.0 
16
60 8.5 63 12.5 
17
91 12.5 96 7.5 
18
15 6.0 29 10.0 
19
128 22.0 127 2.0 

Final Solution:
0
44 30.0 
1
63 10.0 
2
20 31.0 40 31.0 
3
74 19.0 
4
85 17.0 
5
14 4.0 63 19.0 85 4.0 114 19.0 
6
85 28.0 123 28.0 
7
139 20.0 14 20.0 
8
74 27.0 92 27.0 
9
14 19.0 54 19.0 
10
92 10.0 54 10.0 
11
139 12.0 143 6.0 74 2.0 123 2.0 
12
5 14.0 143 14.0 
13
123 11.0 
14
139 28.0 98 28.0 
15
76 20.0 85 1.0 
16
63 21.0 
17
98 20.0 
18
20 16.0 
19
131 20.0 123 4.0 
