LP information:
0
36 24.0 39 8.999999999999998 42 3.0 
1
61 12.0 
2
128 16.0 129 20.0 3 16.0 6 20.0 
3
70 7.0 73 16.0 
4
75 4.0 89 16.0 
5
63 26.0 111 26.0 
6
134 2.0 79 2.0 83 32.0 123 32.0 
7
139 25.0 12 25.0 
8
20 6.0 28 17.0 73 8.999999999999998 75 6.0 84 17.0 91 8.999999999999998 
9
12 7.0 13 17.0 50 7.0 53 17.0 
10
94 12.0 54 12.0 
11
142 25.0 
12
5 12.999999999999995 8 4.000000000000005 144 12.999999999999995 146 4.000000000000005 
13
133 2.0000000000000058 124 10.999999999999995 
14
137 26.0 138 8.0 96 26.0 98 8.0 
15
75 22.999999999999993 79 2.000000000000007 
16
65 8.0 70 17.0 
17
103 24.0 
18
25 7.0 29 12.0 
19
129 29.0 

Final Solution:
0
35 4.0 40 32.0 
1
69 11.999999999999993 
2
1 18.0 19 18.0 40 18.0 127 18.0 
3
60 23.0 
4
87 20.0 
5
13 16.0 69 10.0 83 16.0 117 10.0 
6
83 34.0 122 34.0 
7
1 15.0 13 10.0 142 25.0 
8
19 4.999999999999993 69 27.000000000000007 87 4.999999999999993 90 27.000000000000007 
9
13 24.0 53 24.00000000000001 
10
90 12.000000000000005 53 12.000000000000005 
11
142 8.0 148 15.999999999999993 69 1.000000000000007 122 1.000000000000007 
12
1 17.0 142 17.0 
13
122 13.0 
14
148 34.0 94 34.0 
15
87 25.0 
16
60 25.0 
17
90 10.999999999999986 94 13.000000000000014 
18
19 19.00000000000001 
19
127 29.0 
