LP information:
0
38 13.0 42 15.0 44 17.0 
1
73 15.0 
2
128 22.0 129 23.0 5 45.0 
3
61 15.0 70 7.0 73 7.0 
4
76 13.0 84 13.0 
5
63 33.0 111 33.0 
6
80 21.0 85 21.0 120 21.0 125 21.0 
7
136 32.0 13 32.0 
8
28 13.0 29 15.0 72 13.0 84 28.0 90 13.0 
9
13 9.0 14 21.0 51 17.0 53 13.0 
10
94 15.0 54 15.0 
11
138 32.0 
12
9 21.0 147 21.0 
13
129 12.0 124 5.0 
14
137 42.0 96 42.0 
15
76 32.0 
16
63 32.0 
17
96 23.0 103 7.0 
18
21 7.0 26 17.0 
19
124 36.0 

Final Solution:
0
40 45.0 
1
62 15.0 
2
129 45.0 6 45.0 
3
65 29.0 
4
83 2.0 84 6.0 89 18.0 
5
8 3.0 14 8.0 62 5.0 65 17.0 79 11.0 110 5.0 113 17.0 
6
134 16.0 79 9.0 83 18.0 84 15.0 123 11.0 124 15.0 
7
136 32.0 13 32.0 
8
29 26.0 74 15.0 84 26.0 92 15.0 
9
13 18.0 14 12.0 52 30.0 
10
84 2.0 92 13.0 105 2.0 52 13.0 124 2.0 
11
129 3.0 146 29.0 74 3.0 
12
6 4.0 8 17.0 146 21.0 
13
124 17.0 
14
65 4.0 134 4.0 136 18.0 148 20.0 92 20.0 98 22.0 
15
89 32.0 
16
74 32.0 
17
92 2.0 98 28.0 
18
29 24.0 
19
132 20.0 124 16.0 
