LP information:
0
36 1.5 42 52.5 
1
61 18.0 
2
128 54.0 4 54.0 
3
72 34.0 
4
88 31.0 
5
6 6.0 63 32.5 70 1.5 77 6.0 113 32.5 118 1.5 
6
134 27.0 79 27.0 85 23.0 125 23.0 
7
0 23.0 3 15.0 139 23.0 141 15.0 
8
15 34.0 61 15.0 85 34.0 94 15.0 
9
0 34.0 8 2.0 48 2.0 55 34.0 
10
92 18.0 52 18.0 
11
139 36.5 144 1.5 
12
8 25.0 146 25.0 
13
133 20.0 
14
137 12.5 148 37.5 94 37.5 96 12.5 
15
88 38.0 
16
61 19.5 71 0.5 74 18.0 
17
90 34.0 103 1.5 104 0.5 
18
23 11.0 27 18.0 
19
128 15.0 125 28.0 

Final Solution:
0
36 46.0 40 8.0 
1
64 18.0 
2
1 18.0 131 36.0 8 36.0 127 18.0 
3
74 34.0 
4
87 31.0 
5
8 14.0 11 7.0 64 9.0 70 10.0 79 21.0 118 19.0 
6
134 13.0 80 13.0 84 37.0 123 37.0 
7
0 18.0 1 7.0 134 1.0 137 12.0 11 13.0 142 25.0 64 1.0 
8
29 13.0 70 36.0 84 13.0 103 36.0 
9
0 32.0 36 4.0 54 32.0 70 4.0 118 4.0 
10
92 18.0 54 18.0 
11
137 38.0 
12
1 25.0 142 25.0 
13
131 14.0 134 6.0 
14
137 50.0 97 50.0 
15
79 29.0 87 9.0 
16
64 22.0 74 16.0 
17
92 32.0 103 4.0 
18
29 29.0 
19
123 11.0 127 32.0 
