LP information:
0
38 2.0 40 26.0 42 9.0 
1
61 14.0 
2
131 18.0 8 18.0 23 18.0 42 18.0 
3
72 2.0 74 26.0 
4
75 12.0 
5
10 3.0 64 22.0 65 2.0 80 3.0 112 22.0 116 2.0 
6
134 18.0 79 18.0 81 11.0 121 11.0 
7
139 19.0 14 19.0 
8
15 3.0 29 22.0 84 22.0 86 3.0 
9
0 13.0 10 8.0 48 18.0 55 3.0 
10
92 26.0 54 26.0 
11
146 23.0 
12
4 12.0 9 3.0 142 12.0 147 3.0 
13
124 1.0 
14
138 16.0 97 16.0 
15
84 12.0 86 10.0 
16
61 13.0 64 16.0 
17
90 2.0 94 27.0 97 4.0 
18
29 2.0 
19
125 13.0 

Final Solution:
0
39 37.0 
1
74 14.0 
2
1 24.0 20 12.0 39 12.0 127 24.0 
3
74 28.0 
4
84 12.0 
5
14 7.0 65 20.0 84 7.0 116 20.0 
6
84 29.0 124 29.0 
7
138 19.0 14 19.0 
8
20 20.0 74 5.0 84 2.0 87 18.0 92 5.0 
9
14 21.0 54 21.0 
10
92 26.0 54 26.0 
11
138 15.0 139 5.0 74 3.0 127 3.0 
12
1 15.0 139 15.0 
13
124 1.0 
14
138 16.0 98 16.0 
15
87 22.0 
16
65 29.0 
17
98 33.0 
18
20 2.0 
19
127 13.0 
