LP information:
0
44 23.0 
1
61 8.000000000000004 63 9.0 73 2.9999999999999964 
2
129 28.999999999999996 3 8.0 131 23.000000000000004 6 44.0 
3
61 20.0 
4
89 14.0 
5

6
85 13.0 124 13.0 
7
3 6.9999999999999964 141 20.0 14 13.000000000000004 
8
29 17.0 85 17.0 
9
14 17.0 51 17.0 
10
94 17.0 54 17.0 
11
143 24.0 
12
3 14.0 144 14.0 
13
124 3.0 
14
135 11.0 137 23.0 94 11.0 96 23.0 
15
89 15.0 
16
63 14.0 
17

18
23 5.0 26 17.0 
19
128 2.9999999999999964 130 3.0 124 14.000000000000004 

Final Solution:
0
40 23.0 
1
61 4.0 73 16.0 
2
128 39.0 3 3.0 5 36.0 20 13.0 40 13.0 
3
61 20.0 
4
76 14.0 
5

6
85 13.0 125 13.0 
7
3 17.0 14 3.0 142 20.0 
8
20 15.0 73 2.0 76 6.0 88 9.0 94 2.0 
9
14 17.0 54 17.0 
10
85 3.0 94 14.0 106 3.0 54 14.0 125 3.0 
11
143 6.0 148 16.0 73 2.0 125 2.0 
12
5 14.0 143 14.0 
13
131 3.0 
14
148 34.0 94 34.0 
15
85 4.0 88 11.0 
16
61 14.0 
17

18
20 22.0 
19
131 20.0 
