LP information:
0
35 7.999999999999999 38 2.000000000000001 
1
73 1.0 
2
128 14.0 3 22.0 127 8.0 
3
72 8.0 74 14.0 
4
89 17.0 
5
62 36.0 63 2.0 110 24.0 111 14.0 
6
84 39.0 123 39.0 
7
137 35.0 13 35.0 
8
15 4.0 18 9.0 29 15.0 69 8.0 84 15.0 86 4.0 89 9.0 102 8.0 
9
0 4.0 10 12.0 13 16.0 49 12.0 52 16.0 55 4.0 
10
91 1.0 92 14.0 54 15.0 
11
148 18.0 
12
3 4.0 142 4.0 
13
133 2.0 120 12.0 123 10.0 
14
136 24.0 95 6.0 98 18.0 
15
80 12.0 87 6.0 
16
65 18.0 
17
95 30.0 
18
24 12.0 27 16.0 
19
128 12.0 123 9.0 

Final Solution:
0
38 10.0 
1
65 1.0 
2
1 5.0 19 17.0 38 17.0 124 5.0 
3
65 3.0 72 19.0 
4
87 17.0 
5
14 11.0 65 27.0 85 11.0 113 20.0 116 7.0 
6
85 39.0 122 39.0 
7
1 28.0 139 16.0 141 19.0 14 7.0 
8
19 5.0 72 31.0 87 5.0 90 31.0 
9
14 32.0 54 32.0 
10
90 15.0 54 15.0 
11
141 18.0 
12
1 4.0 141 4.0 
13
124 24.0 
14
136 20.0 139 4.0 98 24.0 
15
87 18.0 
16
65 18.0 
17
90 4.0 98 26.0 
18
19 28.0 
19
124 21.0 
