LP information:
0
43 17.0 
1
60 16.0 
2
129 36.0 3 36.0 131 3.0 7 3.0 
3
60 2.0 72 10.0 
4
85 11.0 
5
62 17.0 65 14.0 110 17.0 113 14.0 
6
80 21.0 120 21.0 
7
137 18.0 14 18.0 
8
15 26.0 20 3.0 28 1.0 76 3.0 84 20.0 85 7.0 
9
9 12.0 13 14.0 48 12.0 51 13.0 53 1.0 
10

11
139 16.0 
12
9 9.0 147 9.0 
13
123 9.0 124 20.0 
14
136 17.0 139 16.0 95 17.0 98 16.0 
15
89 20.0 
16
68 9.0 
17
93 26.0 
18
23 12.0 26 13.0 
19
125 18.0 127 10.0 

Final Solution:
0
44 17.0 
1
64 4.0 73 12.0 
2
1 36.0 20 3.0 39 3.0 126 36.0 
3
73 12.0 
4
87 11.0 
5
14 24.0 64 7.0 85 24.0 113 7.0 
6
85 21.0 124 21.0 
7
1 18.0 139 18.0 
8
20 22.0 73 8.0 87 22.0 92 8.0 
9
14 26.0 54 26.0 
10

11
139 6.0 148 4.0 73 6.0 126 6.0 
12
1 9.0 139 9.0 
13
124 29.0 
14
139 17.0 148 16.0 92 16.0 98 17.0 
15
85 5.0 87 15.0 
16
64 9.0 
17
92 26.0 
18
20 25.0 
19
126 28.0 
