LP information:
0
36 13.0 40 22.0 
1

2
129 13.0 3 11.0 6 2.0 
3
70 7.0 
4
76 15.0 
5
64 5.0 66 6.0 115 11.0 
6
81 27.0 121 27.0 
7
141 11.0 14 11.0 
8
19 11.0 29 30.0 85 30.0 89 11.0 
9
10 3.0 14 19.0 49 3.0 54 19.0 
10
91 7.0 92 2.0 94 11.0 51 7.0 52 2.0 54 11.0 
11
138 14.0 
12
7 2.0 145 2.0 
13
131 25.0 121 6.0 
14
139 41.0 98 41.0 
15
76 12.0 
16
70 6.0 
17
92 20.0 97 5.0 103 13.0 
18
24 17.0 26 7.000000000000001 27 2.0 
19
125 30.0 

Final Solution:
0
39 35.0 
1

2
128 13.0 3 13.0 
3
64 7.0 
4
89 15.0 
5
64 11.0 116 11.0 
6
85 27.0 125 27.0 
7
138 9.0 14 11.0 142 2.0 
8
19 24.0 73 17.0 89 24.0 91 17.0 
9
14 22.0 53 22.0 
10
85 16.0 91 4.0 106 16.0 53 4.0 125 16.0 
11
142 14.0 
12
3 2.0 142 2.0 
13
129 31.0 
14
138 41.0 97 41.0 
15
85 7.0 89 5.0 
16
64 6.0 
17
91 29.0 97 9.0 
18
19 26.0 
19
128 7.0 129 19.0 125 4.0 
