LP information:
0
42 60.0 
1
61 20.0 
2
128 60.0 4 60.0 
3
61 26.0 73 12.0 
4
88 34.0 
5
63 34.0 66 10.0 111 6.0 114 38.0 
6
82 56.0 122 56.0 
7
137 42.0 11 42.0 
8
15 14.0 17 10.0 29 14.0 61 16.0 85 14.0 86 14.0 88 10.0 94 16.0 
9
0 14.0 8 12.0 11 14.0 48 12.0 51 14.0 55 14.0 
10
94 20.0 54 20.0 
11
139 42.0 
12
1 28.0 140 28.0 
13
133 12.0 121 10.0 
14
135 56.0 94 18.0 95 38.0 
15
78 12.0 86 14.0 88 16.0 
16
61 4.0 62 38.0 
17
94 6.0 96 34.0 
18
23 12.0 26 14.0 29 6.0 
19
131 6.0 125 14.000000000000002 126 28.0 

Final Solution:
0
44 60.0 
1
65 20.0 
2
1 10.0 130 50.0 4 50.0 124 8.0 126 2.0 
3
61 8.0 65 30.0 
4
75 34.0 
5
13 30.0 63 14.0 84 30.0 111 14.0 
6
84 16.0 85 40.0 124 16.0 125 40.0 
7
0 10.0 1 12.0 137 20.0 140 22.0 13 20.0 
8
15 18.0 61 36.0 86 18.0 94 36.0 
9
0 40.0 54 40.0 
10
85 10.0 94 10.0 106 10.0 54 10.0 125 10.0 
11
137 22.0 146 20.0 
12
1 28.0 140 28.0 
13
124 22.0 
14
137 56.0 96 6.0 98 50.0 
15
75 10.0 86 32.0 
16
61 6.0 63 36.0 
17
96 40.0 
18
15 32.0 
19
126 48.0 
