Network:
75 225 417

Commodity:
11 12 7 12 11 8 6 8 7 7 5 11 8 10 6 11 12 10 11 10 

Service Arc:
0 (0,0)->(4,3)
2 3 40 37 107 22 228 129 192 224 214 148 180 151 3 3 3 3 3 3 3 3 2 3 3 3
1 (0,1)->(4,4)
4 3 73 37 107 0 228 90 164 185 227 198 213 123 3 3 2 3 3 3 3 3 2 3 3 3
2 (0,2)->(4,5)
4 3 73 37 67 0 188 90 197 185 166 187 213 101 3 3 2 3 3 3 3 2 2 3 3 2
3 (0,3)->(4,6)
5 3 73 37 40 0 178 119 216 196 144 187 173 103 3 3 2 3 3 3 3 2 2 3 3 2
4 (0,4)->(4,7)
6 3 90 37 40 0 155 136 216 146 138 187 163 108 3 3 2 3 3 3 3 2 2 3 3 2
5 (0,5)->(4,8)
5 3 67 37 40 0 155 136 207 146 149 186 140 108 3 3 2 3 2 3 3 2 3 3 3 2
6 (0,6)->(4,9)
5 3 67 37 51 22 166 110 158 113 189 184 128 92 3 3 3 3 2 3 3 3 3 3 3 2
7 (0,7)->(4,10)
5 3 67 21 51 22 144 137 142 123 201 206 139 116 3 3 3 3 2 3 3 3 3 3 3 3
8 (0,8)->(4,11)
6 3 67 48 51 44 111 171 206 102 201 200 139 159 3 3 3 3 3 3 3 3 3 3 3 3
9 (0,9)->(4,12)
5 3 34 60 51 44 94 166 206 129 182 167 106 210 3 3 3 3 3 3 3 3 3 3 3 3
10 (0,10)->(4,13)
4 3 17 55 58 44 124 116 168 124 175 147 68 205 3 3 3 3 3 3 3 3 3 3 2 3
11 (0,11)->(4,14)
4 3 40 55 67 44 107 116 151 167 191 126 98 205 3 2 3 3 3 3 3 3 3 3 2 3
12 (0,12)->(4,0)
4 3 40 55 67 44 107 137 174 196 191 126 107 205 3 2 3 3 3 3 3 3 3 3 2 3
13 (0,13)->(4,1)
3 3 40 76 67 44 107 169 227 246 214 110 107 203 3 2 3 3 3 3 3 3 3 3 2 3
14 (0,14)->(4,2)
3 3 40 76 107 44 195 151 214 256 214 154 128 190 3 3 3 3 3 3 3 3 3 3 3 3
15 (0,0)->(1,4)
3 4 40 37 48 70 228 129 192 224 168 172 121 177 3 3 3 3 3 3 3 3 3 3 3 3
16 (0,1)->(1,5)
3 4 73 37 48 53 228 90 164 185 204 200 154 171 3 3 2 3 3 3 3 3 3 3 3 3
17 (0,2)->(1,6)
3 4 73 37 48 53 188 90 197 185 214 218 154 154 3 3 2 3 3 3 3 3 3 3 3 3
18 (0,3)->(1,7)
3 4 73 37 48 82 178 119 216 196 192 235 154 156 3 3 2 3 3 3 3 3 3 3 3 3
19 (0,4)->(1,8)
4 4 90 37 48 99 155 136 216 146 186 256 171 190 3 3 2 3 3 3 3 3 3 3 3 3
20 (0,5)->(1,9)
4 4 67 37 48 99 155 136 207 146 186 224 148 207 3 3 2 3 2 3 3 3 3 3 3 3
21 (0,6)->(1,10)
2 4 67 37 48 67 166 110 158 113 183 196 136 191 3 3 3 3 2 3 3 3 3 3 3 3
22 (0,7)->(1,11)
3 4 67 21 26 67 144 137 142 123 216 196 136 161 3 3 3 3 2 3 3 3 3 3 3 3
23 (0,8)->(1,12)
3 4 67 48 26 67 111 171 206 102 216 196 114 204 3 3 3 3 3 3 3 3 3 3 3 3
24 (0,9)->(1,13)
2 4 34 60 26 67 94 166 206 129 190 113 81 233 3 3 3 3 3 3 3 3 3 3 3 3
25 (0,10)->(1,14)
1 4 17 55 26 17 124 116 168 124 165 91 43 228 3 3 3 3 3 3 3 2 3 3 2 3
26 (0,11)->(1,0)
2 4 40 55 0 17 107 116 151 167 158 65 66 178 3 2 3 3 3 3 3 2 3 3 2 3
27 (0,12)->(1,1)
2 4 40 55 0 17 107 137 174 196 158 97 40 178 3 2 3 3 3 3 3 2 3 3 1 3
28 (0,13)->(1,2)
3 4 40 76 0 49 107 169 227 246 201 102 40 176 3 2 3 3 3 3 3 3 3 3 1 3
29 (0,14)->(1,3)
3 4 40 76 48 70 195 151 214 256 201 177 61 195 3 3 3 3 3 3 3 3 3 3 2 3
30 (1,0)->(2,4)
1 4 0 17 91 11 158 65 66 178 179 148 142 98 3 2 3 3 2 3 3 3 3 3 2 3
31 (1,1)->(2,5)
1 4 0 17 91 11 158 97 40 178 141 177 158 72 3 2 3 3 1 3 3 3 3 3 2 3
32 (1,2)->(2,6)
1 4 0 49 86 11 201 102 40 176 103 220 158 104 3 3 3 3 1 3 3 2 3 3 2 3
33 (1,3)->(2,7)
4 4 48 70 86 59 201 177 61 195 126 220 241 125 3 3 3 3 2 3 3 2 3 3 3 3
34 (1,4)->(2,8)
5 4 48 70 86 59 168 172 121 177 179 253 241 151 3 3 3 3 3 3 3 2 3 3 3 3
35 (1,5)->(2,9)
6 4 48 53 139 92 204 200 154 171 166 240 241 112 3 3 3 3 3 3 3 2 3 3 3 2
36 (1,6)->(2,10)
5 4 48 53 126 81 214 218 154 154 165 227 254 145 3 3 3 3 3 3 3 3 3 3 3 2
37 (1,7)->(2,11)
4 4 48 82 104 81 192 235 154 156 171 188 214 163 3 3 3 3 3 3 3 3 3 3 3 2
38 (1,8)->(2,12)
3 4 48 99 98 81 186 256 171 190 204 182 192 180 3 3 3 3 3 3 3 3 3 3 3 2
39 (1,9)->(2,13)
3 4 48 99 98 81 186 224 148 207 223 193 186 180 3 3 3 3 3 3 3 3 3 3 3 2
40 (1,10)->(2,14)
2 4 48 67 117 92 183 196 136 191 223 195 197 170 3 3 3 3 3 3 3 3 3 3 3 3
41 (1,11)->(2,0)
3 4 26 67 117 92 216 196 136 161 240 200 194 181 3 3 3 3 3 3 3 3 3 3 3 3
42 (1,12)->(2,1)
3 4 26 67 117 92 216 196 114 204 191 167 194 203 3 3 3 3 3 3 3 3 3 3 3 3
43 (1,13)->(2,2)
2 4 26 67 91 59 190 113 81 233 163 129 194 203 3 3 3 3 3 3 3 3 3 3 3 3
44 (1,14)->(2,3)
1 4 26 17 75 37 165 91 43 228 179 105 175 120 3 2 3 3 2 3 3 3 3 3 3 3
45 (1,0)->(0,5)
1 5 0 17 67 37 158 65 66 178 155 136 207 146 3 2 3 3 2 3 3 3 2 3 2 3
46 (1,1)->(0,6)
1 5 0 17 67 37 158 97 40 178 166 110 158 113 3 2 3 3 1 3 3 3 3 3 2 3
47 (1,2)->(0,7)
1 5 0 49 67 21 201 102 40 176 144 137 142 123 3 3 3 3 1 3 3 3 3 3 2 3
48 (1,3)->(0,8)
3 5 48 70 67 48 201 177 61 195 111 171 206 102 3 3 3 3 2 3 3 3 3 3 3 3
49 (1,4)->(0,9)
4 5 48 70 34 60 168 172 121 177 94 166 206 129 3 3 3 3 3 3 3 3 3 3 3 3
50 (1,5)->(0,10)
3 5 48 53 17 55 204 200 154 171 124 116 168 124 3 3 3 3 3 3 3 3 3 3 3 3
51 (1,6)->(0,11)
2 5 48 53 40 55 214 218 154 154 107 116 151 167 3 3 3 3 3 3 3 2 3 3 3 3
52 (1,7)->(0,12)
2 5 48 82 40 55 192 235 154 156 107 137 174 196 3 3 3 3 3 3 3 2 3 3 3 3
53 (1,8)->(0,13)
3 5 48 99 40 76 186 256 171 190 107 169 227 246 3 3 3 3 3 3 3 2 3 3 3 3
54 (1,9)->(0,14)
3 5 48 99 40 76 186 224 148 207 195 151 214 256 3 3 3 3 3 3 3 3 3 3 3 3
55 (1,10)->(0,0)
1 5 48 67 40 37 183 196 136 191 228 129 192 224 3 3 3 3 3 3 3 3 3 3 3 3
56 (1,11)->(0,1)
0 5 26 67 73 37 216 196 136 161 228 90 164 185 3 3 3 3 3 3 3 3 2 3 3 3
57 (1,12)->(0,2)
0 5 26 67 73 37 216 196 114 204 188 90 197 185 3 3 3 3 3 3 3 3 2 3 3 3
58 (1,13)->(0,3)
0 5 26 67 73 37 190 113 81 233 178 119 216 196 3 3 3 3 3 3 3 3 2 3 3 3
59 (1,14)->(0,4)
1 5 26 17 90 37 165 91 43 228 155 136 216 146 3 2 3 3 2 3 3 3 2 3 3 3
60 (2,0)->(3,3)
4 3 117 92 33 71 240 200 194 181 121 170 217 202 3 3 3 3 3 3 3 3 2 3 3 3
61 (2,1)->(3,4)
4 3 117 92 33 71 191 167 194 203 109 154 217 207 3 3 3 3 3 3 3 3 2 3 3 3
62 (2,2)->(3,5)
3 3 91 59 21 55 163 129 194 203 120 162 191 174 3 3 3 3 3 3 3 3 3 3 3 3
63 (2,3)->(3,6)
4 3 75 37 21 73 179 105 175 120 98 178 203 136 3 3 3 3 3 3 3 3 3 3 3 3
64 (2,4)->(3,7)
6 3 91 11 21 89 179 148 142 98 98 217 219 106 3 3 3 3 2 3 3 3 3 3 3 3
65 (2,5)->(3,8)
6 3 91 11 21 106 141 177 158 72 77 217 219 100 3 3 3 3 2 3 3 2 3 3 3 2
66 (2,6)->(3,9)
6 3 86 11 0 106 103 220 158 104 84 167 174 117 3 2 3 3 2 3 3 2 3 3 3 2
67 (2,7)->(3,10)
8 3 86 59 0 106 126 220 241 125 67 167 126 165 3 2 3 3 3 3 3 1 3 3 2 2
68 (2,8)->(3,11)
8 3 86 59 0 106 179 253 241 151 67 144 126 165 3 2 3 3 3 3 3 1 3 3 2 2
69 (2,9)->(3,12)
9 3 139 92 0 83 166 240 241 112 88 163 179 198 3 2 3 3 3 2 3 2 3 3 2 2
70 (2,10)->(3,13)
8 3 126 81 21 70 165 227 254 145 188 184 177 186 3 3 3 3 3 2 3 3 3 3 2 3
71 (2,11)->(3,14)
7 3 104 81 33 70 171 188 214 163 188 156 176 173 3 3 3 3 3 2 3 3 3 3 3 3
72 (2,12)->(3,0)
5 3 98 81 33 64 204 182 192 180 188 117 182 195 3 3 3 3 3 2 3 3 2 3 3 3
73 (2,13)->(3,1)
5 3 98 81 33 64 223 193 186 180 148 119 182 189 3 3 3 3 3 2 3 3 2 3 3 3
74 (2,14)->(3,2)
5 3 117 92 33 66 223 195 197 170 121 153 208 200 3 3 3 3 3 3 3 3 2 3 3 3
75 (2,0)->(0,4)
5 4 117 92 90 37 240 200 194 181 155 136 216 146 3 3 3 3 3 3 3 3 2 3 3 3
76 (2,1)->(0,5)
5 4 117 92 67 37 191 167 194 203 155 136 207 146 3 3 3 3 3 3 3 3 2 3 2 3
77 (2,2)->(0,6)
4 4 91 59 67 37 163 129 194 203 166 110 158 113 3 3 3 3 3 3 3 3 3 3 2 3
78 (2,3)->(0,7)
4 4 75 37 67 21 179 105 175 120 144 137 142 123 3 3 3 3 3 3 3 3 3 3 2 3
79 (2,4)->(0,8)
5 4 91 11 67 48 179 148 142 98 111 171 206 102 3 3 3 3 2 3 3 3 3 3 3 3
80 (2,5)->(0,9)
5 4 91 11 34 60 141 177 158 72 94 166 206 129 3 3 3 3 2 3 3 3 3 3 3 3
81 (2,6)->(0,10)
4 4 86 11 17 55 103 220 158 104 124 116 168 124 3 2 3 3 2 3 3 3 3 3 3 3
82 (2,7)->(0,11)
5 4 86 59 40 55 126 220 241 125 107 116 151 167 3 2 3 3 3 3 3 2 3 3 3 3
83 (2,8)->(0,12)
6 4 86 59 40 55 179 253 241 151 107 137 174 196 3 2 3 3 3 3 3 2 3 3 3 3
84 (2,9)->(0,13)
7 4 139 92 40 76 166 240 241 112 107 169 227 246 3 2 3 3 3 2 3 2 3 3 3 3
85 (2,10)->(0,14)
7 4 126 81 40 76 165 227 254 145 195 151 214 256 3 3 3 3 3 2 3 3 3 3 3 3
86 (2,11)->(0,0)
4 4 104 81 40 37 171 188 214 163 228 129 192 224 3 3 3 3 3 2 3 3 3 3 3 3
87 (2,12)->(0,1)
4 4 98 81 73 37 204 182 192 180 228 90 164 185 3 3 3 3 3 2 3 3 2 3 3 3
88 (2,13)->(0,2)
4 4 98 81 73 37 223 193 186 180 188 90 197 185 3 3 3 3 3 2 3 3 2 3 3 3
89 (2,14)->(0,3)
5 4 117 92 73 37 223 195 197 170 178 119 216 196 3 3 3 3 3 3 3 3 2 3 3 3
90 (3,0)->(1,5)
4 5 33 64 48 53 188 117 182 195 204 200 154 171 3 3 2 3 3 3 3 3 3 3 3 3
91 (3,1)->(1,6)
3 5 33 64 48 53 148 119 182 189 214 218 154 154 3 3 2 3 3 3 3 3 3 3 3 3
92 (3,2)->(1,7)
4 5 33 66 48 82 121 153 208 200 192 235 154 156 3 3 2 3 3 3 3 3 3 3 3 3
93 (3,3)->(1,8)
5 5 33 71 48 99 121 170 217 202 186 256 171 190 3 3 2 3 3 3 3 3 3 3 3 3
94 (3,4)->(1,9)
5 5 33 71 48 99 109 154 217 207 186 224 148 207 3 3 2 3 3 3 3 3 3 3 3 3
95 (3,5)->(1,10)
2 5 21 55 48 67 120 162 191 174 183 196 136 191 3 3 3 3 3 3 3 3 3 3 3 3
96 (3,6)->(1,11)
3 5 21 73 26 67 98 178 203 136 216 196 136 161 3 3 3 3 3 3 3 3 3 3 3 3
97 (3,7)->(1,12)
3 5 21 89 26 67 98 217 219 106 216 196 114 204 3 3 3 3 3 3 3 3 3 3 3 3
98 (3,8)->(1,13)
3 5 21 106 26 67 77 217 219 100 190 113 81 233 3 2 3 3 3 2 3 3 3 3 3 3
99 (3,9)->(1,14)
1 5 0 106 26 17 84 167 174 117 165 91 43 228 3 2 3 3 3 2 3 2 3 3 2 3
100 (3,10)->(1,0)
1 5 0 106 0 17 67 167 126 165 158 65 66 178 3 1 3 3 2 2 3 2 3 3 2 3
101 (3,11)->(1,1)
2 5 0 106 0 17 67 144 126 165 158 97 40 178 3 1 3 3 2 2 3 2 3 3 1 3
102 (3,12)->(1,2)
3 5 0 83 0 49 88 163 179 198 201 102 40 176 3 2 3 3 2 2 3 3 3 3 1 3
103 (3,13)->(1,3)
5 5 21 70 48 70 188 184 177 186 201 177 61 195 3 3 3 3 2 3 3 3 3 3 2 3
104 (3,14)->(1,4)
6 5 33 70 48 70 188 156 176 173 168 172 121 177 3 3 3 3 3 3 3 3 3 3 3 3
105 (3,0)->(4,4)
1 4 33 64 107 0 188 117 182 195 227 198 213 123 3 3 2 3 3 3 3 3 2 3 3 3
106 (3,1)->(4,5)
1 4 33 64 67 0 148 119 182 189 166 187 213 101 3 3 2 3 3 3 3 2 2 3 3 2
107 (3,2)->(4,6)
0 4 33 66 40 0 121 153 208 200 144 187 173 103 3 3 2 3 3 3 3 2 2 3 3 2
108 (3,3)->(4,7)
0 4 33 71 40 0 121 170 217 202 138 187 163 108 3 3 2 3 3 3 3 2 2 3 3 2
109 (3,4)->(4,8)
0 4 33 71 40 0 109 154 217 207 149 186 140 108 3 3 2 3 3 3 3 2 3 3 3 2
110 (3,5)->(4,9)
1 4 21 55 51 22 120 162 191 174 189 184 128 92 3 3 3 3 3 3 3 3 3 3 3 2
111 (3,6)->(4,10)
1 4 21 73 51 22 98 178 203 136 201 206 139 116 3 3 3 3 3 3 3 3 3 3 3 3
112 (3,7)->(4,11)
1 4 21 89 51 44 98 217 219 106 201 200 139 159 3 3 3 3 3 3 3 3 3 3 3 3
113 (3,8)->(4,12)
1 4 21 106 51 44 77 217 219 100 182 167 106 210 3 2 3 3 3 2 3 3 3 3 3 3
114 (3,9)->(4,13)
1 4 0 106 58 44 84 167 174 117 175 147 68 205 3 2 3 3 3 2 3 3 3 3 2 3
115 (3,10)->(4,14)
2 4 0 106 67 44 67 167 126 165 191 126 98 205 3 1 3 3 2 2 3 3 3 3 2 3
116 (3,11)->(4,0)
2 4 0 106 67 44 67 144 126 165 191 126 107 205 3 1 3 3 2 2 3 3 3 3 2 3
117 (3,12)->(4,1)
2 4 0 83 67 44 88 163 179 198 214 110 107 203 3 2 3 3 2 2 3 3 3 3 2 3
118 (3,13)->(4,2)
2 4 21 70 107 44 188 184 177 186 214 154 128 190 3 3 3 3 2 3 3 3 3 3 3 3
119 (3,14)->(4,3)
2 4 33 70 107 22 188 156 176 173 214 148 180 151 3 3 3 3 3 3 3 3 2 3 3 3
120 (4,0)->(2,5)
4 5 67 44 91 11 191 126 107 205 141 177 158 72 3 3 3 3 2 3 3 3 3 3 2 3
121 (4,1)->(2,6)
3 5 67 44 86 11 214 110 107 203 103 220 158 104 3 3 3 3 2 3 3 2 3 3 2 3
122 (4,2)->(2,7)
5 5 107 44 86 59 214 154 128 190 126 220 241 125 3 3 3 3 3 3 3 2 3 3 3 3
123 (4,3)->(2,8)
6 5 107 22 86 59 214 148 180 151 179 253 241 151 3 3 2 3 3 3 3 2 3 3 3 3
124 (4,4)->(2,9)
7 5 107 0 139 92 227 198 213 123 166 240 241 112 3 3 2 3 3 3 3 2 3 3 3 2
125 (4,5)->(2,10)
6 5 67 0 126 81 166 187 213 101 165 227 254 145 3 2 2 3 3 2 3 3 3 3 3 2
126 (4,6)->(2,11)
4 5 40 0 104 81 144 187 173 103 171 188 214 163 3 2 2 3 3 2 3 3 3 3 3 2
127 (4,7)->(2,12)
4 5 40 0 98 81 138 187 163 108 204 182 192 180 3 2 2 3 3 2 3 3 3 3 3 2
128 (4,8)->(2,13)
4 5 40 0 98 81 149 186 140 108 223 193 186 180 3 2 3 3 3 2 3 3 3 3 3 2
129 (4,9)->(2,14)
4 5 51 22 117 92 189 184 128 92 223 195 197 170 3 3 3 3 3 2 3 3 3 3 3 3
130 (4,10)->(2,0)
3 5 51 22 117 92 201 206 139 116 240 200 194 181 3 3 3 3 3 3 3 3 3 3 3 3
131 (4,11)->(2,1)
4 5 51 44 117 92 201 200 139 159 191 167 194 203 3 3 3 3 3 3 3 3 3 3 3 3
132 (4,12)->(2,2)
3 5 51 44 91 59 182 167 106 210 163 129 194 203 3 3 3 3 3 3 3 3 3 3 3 3
133 (4,13)->(2,3)
3 5 58 44 75 37 175 147 68 205 179 105 175 120 3 3 3 3 2 3 3 3 3 3 3 3
134 (4,14)->(2,4)
4 5 67 44 91 11 191 126 98 205 179 148 142 98 3 3 3 3 2 3 3 3 3 3 2 3
135 (4,0)->(3,4)
4 4 67 44 33 71 191 126 107 205 109 154 217 207 3 3 3 3 2 3 3 3 2 3 3 3
136 (4,1)->(3,5)
2 4 67 44 21 55 214 110 107 203 120 162 191 174 3 3 3 3 2 3 3 3 3 3 3 3
137 (4,2)->(3,6)
4 4 107 44 21 73 214 154 128 190 98 178 203 136 3 3 3 3 3 3 3 3 3 3 3 3
138 (4,3)->(3,7)
4 4 107 22 21 89 214 148 180 151 98 217 219 106 3 3 2 3 3 3 3 3 3 3 3 3
139 (4,4)->(3,8)
6 4 107 0 21 106 227 198 213 123 77 217 219 100 3 3 2 3 3 3 3 2 3 3 3 2
140 (4,5)->(3,9)
4 4 67 0 0 106 166 187 213 101 84 167 174 117 3 2 2 3 3 2 3 2 3 3 3 2
141 (4,6)->(3,10)
5 4 40 0 0 106 144 187 173 103 67 167 126 165 3 2 2 3 3 2 3 1 3 3 2 2
142 (4,7)->(3,11)
6 4 40 0 0 106 138 187 163 108 67 144 126 165 3 2 2 3 3 2 3 1 3 3 2 2
143 (4,8)->(3,12)
5 4 40 0 0 83 149 186 140 108 88 163 179 198 3 2 3 3 3 2 3 2 3 3 2 2
144 (4,9)->(3,13)
5 4 51 22 21 70 189 184 128 92 188 184 177 186 3 3 3 3 3 2 3 3 3 3 2 3
145 (4,10)->(3,14)
5 4 51 22 33 70 201 206 139 116 188 156 176 173 3 3 3 3 3 3 3 3 3 3 3 3
146 (4,11)->(3,0)
4 4 51 44 33 64 201 200 139 159 188 117 182 195 3 3 3 3 3 3 3 3 2 3 3 3
147 (4,12)->(3,1)
3 4 51 44 33 64 182 167 106 210 148 119 182 189 3 3 3 3 3 3 3 3 2 3 3 3
148 (4,13)->(3,2)
3 4 58 44 33 66 175 147 68 205 121 153 208 200 3 3 3 3 2 3 3 3 2 3 3 3
149 (4,14)->(3,3)
4 4 67 44 33 71 191 126 98 205 121 170 217 202 3 3 3 3 2 3 3 3 2 3 3 3

Commodity k & Service arc:
0
0 (0,0)->(4,3)
0 0 0
1 (0,1)->(4,4)
0 0 0
2 (0,2)->(4,5)
0 0 0
3 (0,3)->(4,6)
0 0 0
4 (0,4)->(4,7)
0 0 0
5 (0,5)->(4,8)
0 0 0
6 (0,6)->(4,9)
0 0 0
7 (0,7)->(4,10)
0 0 0
8 (0,8)->(4,11)
0 0 1
9 (0,9)->(4,12)
0 0 1
10 (0,10)->(4,13)
0 0 1
11 (0,11)->(4,14)
0 0 0
12 (0,12)->(4,0)
0 0 0
13 (0,13)->(4,1)
0 0 0
14 (0,14)->(4,2)
0 0 0
15 (0,0)->(1,4)
0 0 0
16 (0,1)->(1,5)
0 0 0
17 (0,2)->(1,6)
0 0 0
18 (0,3)->(1,7)
0 0 0
19 (0,4)->(1,8)
0 0 0
20 (0,5)->(1,9)
0 0 0
21 (0,6)->(1,10)
0 0 0
22 (0,7)->(1,11)
0 0 0
23 (0,8)->(1,12)
0 0 0
24 (0,9)->(1,13)
0 0 0
25 (0,10)->(1,14)
0 0 0
26 (0,11)->(1,0)
0 0 0
27 (0,12)->(1,1)
0 0 0
28 (0,13)->(1,2)
0 0 0
29 (0,14)->(1,3)
0 0 0
30 (1,0)->(2,4)
0 0 0
31 (1,1)->(2,5)
0 0 0
32 (1,2)->(2,6)
0 0 0
33 (1,3)->(2,7)
1 1 1
34 (1,4)->(2,8)
1 1 1
35 (1,5)->(2,9)
1 1 1
36 (1,6)->(2,10)
1 1 1
37 (1,7)->(2,11)
1 1 1
38 (1,8)->(2,12)
1 1 1
39 (1,9)->(2,13)
1 1 1
40 (1,10)->(2,14)
1 1 1
41 (1,11)->(2,0)
1 1 1
42 (1,12)->(2,1)
1 1 1
43 (1,13)->(2,2)
1 1 1
44 (1,14)->(2,3)
1 1 1
45 (1,0)->(0,5)
0 0 0
46 (1,1)->(0,6)
0 0 0
47 (1,2)->(0,7)
0 0 0
48 (1,3)->(0,8)
1 0 1
49 (1,4)->(0,9)
1 0 1
50 (1,5)->(0,10)
1 0 1
51 (1,6)->(0,11)
1 0 0
52 (1,7)->(0,12)
1 0 0
53 (1,8)->(0,13)
1 0 0
54 (1,9)->(0,14)
1 0 0
55 (1,10)->(0,0)
1 0 0
56 (1,11)->(0,1)
1 0 0
57 (1,12)->(0,2)
1 0 0
58 (1,13)->(0,3)
1 0 0
59 (1,14)->(0,4)
1 0 0
60 (2,0)->(3,3)
0 0 0
61 (2,1)->(3,4)
0 0 0
62 (2,2)->(3,5)
0 0 0
63 (2,3)->(3,6)
0 0 0
64 (2,4)->(3,7)
0 0 0
65 (2,5)->(3,8)
0 0 0
66 (2,6)->(3,9)
0 0 0
67 (2,7)->(3,10)
0 0 0
68 (2,8)->(3,11)
0 0 0
69 (2,9)->(3,12)
0 0 0
70 (2,10)->(3,13)
0 0 0
71 (2,11)->(3,14)
0 0 0
72 (2,12)->(3,0)
0 0 0
73 (2,13)->(3,1)
0 0 0
74 (2,14)->(3,2)
0 0 0
75 (2,0)->(0,4)
0 0 0
76 (2,1)->(0,5)
0 0 0
77 (2,2)->(0,6)
0 0 0
78 (2,3)->(0,7)
0 0 0
79 (2,4)->(0,8)
0 0 0
80 (2,5)->(0,9)
0 0 0
81 (2,6)->(0,10)
0 0 0
82 (2,7)->(0,11)
0 0 0
83 (2,8)->(0,12)
0 0 0
84 (2,9)->(0,13)
0 0 0
85 (2,10)->(0,14)
0 0 0
86 (2,11)->(0,0)
0 0 0
87 (2,12)->(0,1)
0 0 0
88 (2,13)->(0,2)
0 0 0
89 (2,14)->(0,3)
0 0 0
90 (3,0)->(1,5)
0 0 0
91 (3,1)->(1,6)
0 0 0
92 (3,2)->(1,7)
0 0 0
93 (3,3)->(1,8)
0 0 0
94 (3,4)->(1,9)
0 0 0
95 (3,5)->(1,10)
0 0 0
96 (3,6)->(1,11)
0 0 0
97 (3,7)->(1,12)
0 0 0
98 (3,8)->(1,13)
0 0 0
99 (3,9)->(1,14)
0 0 0
100 (3,10)->(1,0)
0 0 0
101 (3,11)->(1,1)
0 0 0
102 (3,12)->(1,2)
0 0 0
103 (3,13)->(1,3)
0 0 0
104 (3,14)->(1,4)
0 0 0
105 (3,0)->(4,4)
0 0 0
106 (3,1)->(4,5)
0 0 0
107 (3,2)->(4,6)
0 0 0
108 (3,3)->(4,7)
0 0 0
109 (3,4)->(4,8)
0 0 0
110 (3,5)->(4,9)
0 0 0
111 (3,6)->(4,10)
0 0 0
112 (3,7)->(4,11)
0 0 0
113 (3,8)->(4,12)
0 0 0
114 (3,9)->(4,13)
0 0 0
115 (3,10)->(4,14)
0 0 0
116 (3,11)->(4,0)
0 0 0
117 (3,12)->(4,1)
0 0 0
118 (3,13)->(4,2)
0 0 0
119 (3,14)->(4,3)
0 0 0
120 (4,0)->(2,5)
0 0 0
121 (4,1)->(2,6)
0 0 0
122 (4,2)->(2,7)
0 1 0
123 (4,3)->(2,8)
0 1 0
124 (4,4)->(2,9)
0 1 0
125 (4,5)->(2,10)
0 1 0
126 (4,6)->(2,11)
0 1 0
127 (4,7)->(2,12)
0 1 0
128 (4,8)->(2,13)
0 1 0
129 (4,9)->(2,14)
0 1 0
130 (4,10)->(2,0)
0 1 0
131 (4,11)->(2,1)
0 1 1
132 (4,12)->(2,2)
0 1 1
133 (4,13)->(2,3)
0 1 1
134 (4,14)->(2,4)
0 0 0
135 (4,0)->(3,4)
0 0 0
136 (4,1)->(3,5)
0 0 0
137 (4,2)->(3,6)
0 0 0
138 (4,3)->(3,7)
0 0 0
139 (4,4)->(3,8)
0 0 0
140 (4,5)->(3,9)
0 0 0
141 (4,6)->(3,10)
0 0 0
142 (4,7)->(3,11)
0 0 0
143 (4,8)->(3,12)
0 0 0
144 (4,9)->(3,13)
0 0 0
145 (4,10)->(3,14)
0 0 0
146 (4,11)->(3,0)
0 0 0
147 (4,12)->(3,1)
0 0 0
148 (4,13)->(3,2)
0 0 0
149 (4,14)->(3,3)
0 0 0
1
0 (0,0)->(4,3)
0 0 0
1 (0,1)->(4,4)
0 0 1
2 (0,2)->(4,5)
0 0 1
3 (0,3)->(4,6)
0 0 1
4 (0,4)->(4,7)
0 0 1
5 (0,5)->(4,8)
0 0 1
6 (0,6)->(4,9)
0 0 0
7 (0,7)->(4,10)
0 0 0
8 (0,8)->(4,11)
0 0 0
9 (0,9)->(4,12)
0 0 0
10 (0,10)->(4,13)
0 0 0
11 (0,11)->(4,14)
0 0 0
12 (0,12)->(4,0)
0 0 0
13 (0,13)->(4,1)
0 0 0
14 (0,14)->(4,2)
0 0 0
15 (0,0)->(1,4)
0 0 0
16 (0,1)->(1,5)
0 0 0
17 (0,2)->(1,6)
0 0 0
18 (0,3)->(1,7)
0 0 0
19 (0,4)->(1,8)
0 0 0
20 (0,5)->(1,9)
0 0 0
21 (0,6)->(1,10)
0 0 0
22 (0,7)->(1,11)
0 0 0
23 (0,8)->(1,12)
0 0 0
24 (0,9)->(1,13)
0 0 0
25 (0,10)->(1,14)
0 0 0
26 (0,11)->(1,0)
0 0 0
27 (0,12)->(1,1)
0 0 0
28 (0,13)->(1,2)
0 0 0
29 (0,14)->(1,3)
0 0 0
30 (1,0)->(2,4)
0 0 0
31 (1,1)->(2,5)
0 0 0
32 (1,2)->(2,6)
0 0 0
33 (1,3)->(2,7)
0 0 0
34 (1,4)->(2,8)
0 0 0
35 (1,5)->(2,9)
0 0 0
36 (1,6)->(2,10)
0 0 0
37 (1,7)->(2,11)
0 0 0
38 (1,8)->(2,12)
0 0 0
39 (1,9)->(2,13)
0 0 0
40 (1,10)->(2,14)
0 0 0
41 (1,11)->(2,0)
0 0 0
42 (1,12)->(2,1)
0 0 0
43 (1,13)->(2,2)
0 0 0
44 (1,14)->(2,3)
0 0 0
45 (1,0)->(0,5)
0 0 0
46 (1,1)->(0,6)
0 0 0
47 (1,2)->(0,7)
0 0 0
48 (1,3)->(0,8)
0 0 0
49 (1,4)->(0,9)
0 0 0
50 (1,5)->(0,10)
0 0 0
51 (1,6)->(0,11)
0 0 0
52 (1,7)->(0,12)
0 0 0
53 (1,8)->(0,13)
0 0 0
54 (1,9)->(0,14)
0 0 0
55 (1,10)->(0,0)
0 0 0
56 (1,11)->(0,1)
0 0 0
57 (1,12)->(0,2)
0 0 0
58 (1,13)->(0,3)
0 0 0
59 (1,14)->(0,4)
0 0 0
60 (2,0)->(3,3)
1 1 1
61 (2,1)->(3,4)
1 1 1
62 (2,2)->(3,5)
1 1 1
63 (2,3)->(3,6)
1 1 1
64 (2,4)->(3,7)
1 1 1
65 (2,5)->(3,8)
1 1 1
66 (2,6)->(3,9)
1 1 1
67 (2,7)->(3,10)
1 1 1
68 (2,8)->(3,11)
1 1 1
69 (2,9)->(3,12)
1 1 1
70 (2,10)->(3,13)
0 0 0
71 (2,11)->(3,14)
0 0 0
72 (2,12)->(3,0)
1 1 1
73 (2,13)->(3,1)
1 1 1
74 (2,14)->(3,2)
1 1 1
75 (2,0)->(0,4)
1 0 1
76 (2,1)->(0,5)
1 0 1
77 (2,2)->(0,6)
1 0 0
78 (2,3)->(0,7)
1 0 0
79 (2,4)->(0,8)
1 0 0
80 (2,5)->(0,9)
1 0 0
81 (2,6)->(0,10)
1 0 0
82 (2,7)->(0,11)
1 0 0
83 (2,8)->(0,12)
1 0 0
84 (2,9)->(0,13)
1 0 0
85 (2,10)->(0,14)
0 0 0
86 (2,11)->(0,0)
0 0 0
87 (2,12)->(0,1)
1 0 1
88 (2,13)->(0,2)
1 0 1
89 (2,14)->(0,3)
1 0 1
90 (3,0)->(1,5)
0 0 0
91 (3,1)->(1,6)
0 0 0
92 (3,2)->(1,7)
0 0 0
93 (3,3)->(1,8)
0 0 0
94 (3,4)->(1,9)
0 0 0
95 (3,5)->(1,10)
0 0 0
96 (3,6)->(1,11)
0 0 0
97 (3,7)->(1,12)
0 0 0
98 (3,8)->(1,13)
0 0 0
99 (3,9)->(1,14)
0 0 0
100 (3,10)->(1,0)
0 0 0
101 (3,11)->(1,1)
0 0 0
102 (3,12)->(1,2)
0 0 0
103 (3,13)->(1,3)
0 0 0
104 (3,14)->(1,4)
0 0 0
105 (3,0)->(4,4)
0 0 0
106 (3,1)->(4,5)
0 0 0
107 (3,2)->(4,6)
0 0 0
108 (3,3)->(4,7)
0 0 0
109 (3,4)->(4,8)
0 0 0
110 (3,5)->(4,9)
0 0 0
111 (3,6)->(4,10)
0 0 0
112 (3,7)->(4,11)
0 0 0
113 (3,8)->(4,12)
0 0 0
114 (3,9)->(4,13)
0 0 0
115 (3,10)->(4,14)
0 0 0
116 (3,11)->(4,0)
0 0 0
117 (3,12)->(4,1)
0 0 0
118 (3,13)->(4,2)
0 0 0
119 (3,14)->(4,3)
0 0 0
120 (4,0)->(2,5)
0 0 0
121 (4,1)->(2,6)
0 0 0
122 (4,2)->(2,7)
0 0 0
123 (4,3)->(2,8)
0 0 0
124 (4,4)->(2,9)
0 0 0
125 (4,5)->(2,10)
0 0 0
126 (4,6)->(2,11)
0 0 0
127 (4,7)->(2,12)
0 0 0
128 (4,8)->(2,13)
0 0 0
129 (4,9)->(2,14)
0 0 0
130 (4,10)->(2,0)
0 0 0
131 (4,11)->(2,1)
0 0 0
132 (4,12)->(2,2)
0 0 0
133 (4,13)->(2,3)
0 0 0
134 (4,14)->(2,4)
0 0 0
135 (4,0)->(3,4)
0 1 0
136 (4,1)->(3,5)
0 1 0
137 (4,2)->(3,6)
0 1 0
138 (4,3)->(3,7)
0 1 0
139 (4,4)->(3,8)
0 1 1
140 (4,5)->(3,9)
0 1 1
141 (4,6)->(3,10)
0 1 1
142 (4,7)->(3,11)
0 1 1
143 (4,8)->(3,12)
0 1 1
144 (4,9)->(3,13)
0 0 0
145 (4,10)->(3,14)
0 0 0
146 (4,11)->(3,0)
0 1 0
147 (4,12)->(3,1)
0 1 0
148 (4,13)->(3,2)
0 1 0
149 (4,14)->(3,3)
0 1 0
2
0 (0,0)->(4,3)
0 0 0
1 (0,1)->(4,4)
1 0 1
2 (0,2)->(4,5)
1 0 1
3 (0,3)->(4,6)
1 0 1
4 (0,4)->(4,7)
1 0 1
5 (0,5)->(4,8)
1 0 1
6 (0,6)->(4,9)
1 0 1
7 (0,7)->(4,10)
1 0 1
8 (0,8)->(4,11)
1 0 1
9 (0,9)->(4,12)
0 0 0
10 (0,10)->(4,13)
0 0 0
11 (0,11)->(4,14)
0 0 0
12 (0,12)->(4,0)
0 0 0
13 (0,13)->(4,1)
0 0 0
14 (0,14)->(4,2)
0 0 0
15 (0,0)->(1,4)
0 0 0
16 (0,1)->(1,5)
1 0 1
17 (0,2)->(1,6)
1 0 1
18 (0,3)->(1,7)
1 0 1
19 (0,4)->(1,8)
1 0 1
20 (0,5)->(1,9)
1 0 1
21 (0,6)->(1,10)
1 0 1
22 (0,7)->(1,11)
1 0 1
23 (0,8)->(1,12)
1 0 1
24 (0,9)->(1,13)
0 0 0
25 (0,10)->(1,14)
0 0 0
26 (0,11)->(1,0)
0 0 0
27 (0,12)->(1,1)
0 0 0
28 (0,13)->(1,2)
0 0 0
29 (0,14)->(1,3)
0 0 0
30 (1,0)->(2,4)
0 0 0
31 (1,1)->(2,5)
0 0 0
32 (1,2)->(2,6)
0 0 0
33 (1,3)->(2,7)
0 0 0
34 (1,4)->(2,8)
0 0 0
35 (1,5)->(2,9)
0 1 1
36 (1,6)->(2,10)
0 1 1
37 (1,7)->(2,11)
0 1 1
38 (1,8)->(2,12)
0 1 1
39 (1,9)->(2,13)
0 1 1
40 (1,10)->(2,14)
0 1 1
41 (1,11)->(2,0)
0 1 1
42 (1,12)->(2,1)
0 1 1
43 (1,13)->(2,2)
0 0 0
44 (1,14)->(2,3)
0 0 0
45 (1,0)->(0,5)
0 0 0
46 (1,1)->(0,6)
0 0 0
47 (1,2)->(0,7)
0 0 0
48 (1,3)->(0,8)
0 0 0
49 (1,4)->(0,9)
0 0 0
50 (1,5)->(0,10)
0 0 0
51 (1,6)->(0,11)
0 0 0
52 (1,7)->(0,12)
0 0 0
53 (1,8)->(0,13)
0 0 0
54 (1,9)->(0,14)
0 0 0
55 (1,10)->(0,0)
0 0 0
56 (1,11)->(0,1)
0 0 0
57 (1,12)->(0,2)
0 0 0
58 (1,13)->(0,3)
0 0 0
59 (1,14)->(0,4)
0 0 0
60 (2,0)->(3,3)
0 0 0
61 (2,1)->(3,4)
0 0 0
62 (2,2)->(3,5)
0 0 0
63 (2,3)->(3,6)
0 0 0
64 (2,4)->(3,7)
0 0 0
65 (2,5)->(3,8)
0 0 0
66 (2,6)->(3,9)
0 0 0
67 (2,7)->(3,10)
0 0 0
68 (2,8)->(3,11)
0 0 0
69 (2,9)->(3,12)
0 0 0
70 (2,10)->(3,13)
0 0 0
71 (2,11)->(3,14)
0 0 0
72 (2,12)->(3,0)
0 0 0
73 (2,13)->(3,1)
0 0 0
74 (2,14)->(3,2)
0 0 0
75 (2,0)->(0,4)
0 0 0
76 (2,1)->(0,5)
0 0 0
77 (2,2)->(0,6)
0 0 0
78 (2,3)->(0,7)
0 0 0
79 (2,4)->(0,8)
0 0 0
80 (2,5)->(0,9)
0 0 0
81 (2,6)->(0,10)
0 0 0
82 (2,7)->(0,11)
0 0 0
83 (2,8)->(0,12)
0 0 0
84 (2,9)->(0,13)
0 0 0
85 (2,10)->(0,14)
0 0 0
86 (2,11)->(0,0)
0 0 0
87 (2,12)->(0,1)
0 0 0
88 (2,13)->(0,2)
0 0 0
89 (2,14)->(0,3)
0 0 0
90 (3,0)->(1,5)
0 0 0
91 (3,1)->(1,6)
0 0 0
92 (3,2)->(1,7)
0 0 0
93 (3,3)->(1,8)
0 0 0
94 (3,4)->(1,9)
0 0 0
95 (3,5)->(1,10)
0 0 0
96 (3,6)->(1,11)
0 0 0
97 (3,7)->(1,12)
0 0 0
98 (3,8)->(1,13)
0 0 0
99 (3,9)->(1,14)
0 0 0
100 (3,10)->(1,0)
0 0 0
101 (3,11)->(1,1)
0 0 0
102 (3,12)->(1,2)
0 0 0
103 (3,13)->(1,3)
0 0 0
104 (3,14)->(1,4)
0 0 0
105 (3,0)->(4,4)
0 0 0
106 (3,1)->(4,5)
0 0 0
107 (3,2)->(4,6)
0 0 0
108 (3,3)->(4,7)
0 0 0
109 (3,4)->(4,8)
0 0 0
110 (3,5)->(4,9)
0 0 0
111 (3,6)->(4,10)
0 0 0
112 (3,7)->(4,11)
0 0 0
113 (3,8)->(4,12)
0 0 0
114 (3,9)->(4,13)
0 0 0
115 (3,10)->(4,14)
0 0 0
116 (3,11)->(4,0)
0 0 0
117 (3,12)->(4,1)
0 0 0
118 (3,13)->(4,2)
0 0 0
119 (3,14)->(4,3)
0 0 0
120 (4,0)->(2,5)
0 0 0
121 (4,1)->(2,6)
0 0 0
122 (4,2)->(2,7)
0 0 0
123 (4,3)->(2,8)
0 0 0
124 (4,4)->(2,9)
0 1 1
125 (4,5)->(2,10)
0 1 1
126 (4,6)->(2,11)
0 1 1
127 (4,7)->(2,12)
0 1 1
128 (4,8)->(2,13)
0 1 1
129 (4,9)->(2,14)
0 1 1
130 (4,10)->(2,0)
0 1 1
131 (4,11)->(2,1)
0 1 1
132 (4,12)->(2,2)
0 0 0
133 (4,13)->(2,3)
0 0 0
134 (4,14)->(2,4)
0 0 0
135 (4,0)->(3,4)
0 0 0
136 (4,1)->(3,5)
0 0 0
137 (4,2)->(3,6)
0 0 0
138 (4,3)->(3,7)
0 0 0
139 (4,4)->(3,8)
0 0 0
140 (4,5)->(3,9)
0 0 0
141 (4,6)->(3,10)
0 0 0
142 (4,7)->(3,11)
0 0 0
143 (4,8)->(3,12)
0 0 0
144 (4,9)->(3,13)
0 0 0
145 (4,10)->(3,14)
0 0 0
146 (4,11)->(3,0)
0 0 0
147 (4,12)->(3,1)
0 0 0
148 (4,13)->(3,2)
0 0 0
149 (4,14)->(3,3)
0 0 0
3
0 (0,0)->(4,3)
0 0 0
1 (0,1)->(4,4)
0 0 0
2 (0,2)->(4,5)
0 0 0
3 (0,3)->(4,6)
0 0 0
4 (0,4)->(4,7)
0 0 0
5 (0,5)->(4,8)
0 0 0
6 (0,6)->(4,9)
0 0 0
7 (0,7)->(4,10)
0 0 0
8 (0,8)->(4,11)
0 0 1
9 (0,9)->(4,12)
0 0 1
10 (0,10)->(4,13)
0 0 1
11 (0,11)->(4,14)
0 0 1
12 (0,12)->(4,0)
0 0 1
13 (0,13)->(4,1)
0 0 0
14 (0,14)->(4,2)
0 0 0
15 (0,0)->(1,4)
0 0 0
16 (0,1)->(1,5)
0 0 0
17 (0,2)->(1,6)
0 0 0
18 (0,3)->(1,7)
0 0 0
19 (0,4)->(1,8)
0 0 0
20 (0,5)->(1,9)
0 0 0
21 (0,6)->(1,10)
0 0 0
22 (0,7)->(1,11)
0 0 0
23 (0,8)->(1,12)
0 0 0
24 (0,9)->(1,13)
0 0 0
25 (0,10)->(1,14)
0 0 0
26 (0,11)->(1,0)
0 0 0
27 (0,12)->(1,1)
0 0 0
28 (0,13)->(1,2)
0 0 0
29 (0,14)->(1,3)
0 0 0
30 (1,0)->(2,4)
0 0 0
31 (1,1)->(2,5)
0 0 0
32 (1,2)->(2,6)
0 0 0
33 (1,3)->(2,7)
0 0 0
34 (1,4)->(2,8)
0 0 0
35 (1,5)->(2,9)
0 0 0
36 (1,6)->(2,10)
0 0 0
37 (1,7)->(2,11)
0 0 0
38 (1,8)->(2,12)
0 0 0
39 (1,9)->(2,13)
0 0 0
40 (1,10)->(2,14)
0 0 0
41 (1,11)->(2,0)
0 0 0
42 (1,12)->(2,1)
0 0 0
43 (1,13)->(2,2)
0 0 0
44 (1,14)->(2,3)
0 0 0
45 (1,0)->(0,5)
0 0 0
46 (1,1)->(0,6)
0 0 0
47 (1,2)->(0,7)
0 0 0
48 (1,3)->(0,8)
0 0 0
49 (1,4)->(0,9)
0 0 0
50 (1,5)->(0,10)
0 0 0
51 (1,6)->(0,11)
0 0 0
52 (1,7)->(0,12)
0 0 0
53 (1,8)->(0,13)
0 0 0
54 (1,9)->(0,14)
0 0 0
55 (1,10)->(0,0)
0 0 0
56 (1,11)->(0,1)
0 0 0
57 (1,12)->(0,2)
0 0 0
58 (1,13)->(0,3)
0 0 0
59 (1,14)->(0,4)
0 0 0
60 (2,0)->(3,3)
1 1 1
61 (2,1)->(3,4)
1 1 1
62 (2,2)->(3,5)
0 0 0
63 (2,3)->(3,6)
0 0 0
64 (2,4)->(3,7)
1 1 1
65 (2,5)->(3,8)
1 1 1
66 (2,6)->(3,9)
1 1 1
67 (2,7)->(3,10)
1 1 1
68 (2,8)->(3,11)
1 1 1
69 (2,9)->(3,12)
1 1 1
70 (2,10)->(3,13)
1 1 1
71 (2,11)->(3,14)
1 1 1
72 (2,12)->(3,0)
1 1 1
73 (2,13)->(3,1)
1 1 1
74 (2,14)->(3,2)
1 1 1
75 (2,0)->(0,4)
1 0 0
76 (2,1)->(0,5)
1 0 0
77 (2,2)->(0,6)
0 0 0
78 (2,3)->(0,7)
0 0 0
79 (2,4)->(0,8)
1 0 1
80 (2,5)->(0,9)
1 0 1
81 (2,6)->(0,10)
1 0 1
82 (2,7)->(0,11)
1 0 1
83 (2,8)->(0,12)
1 0 1
84 (2,9)->(0,13)
1 0 0
85 (2,10)->(0,14)
1 0 0
86 (2,11)->(0,0)
1 0 0
87 (2,12)->(0,1)
1 0 0
88 (2,13)->(0,2)
1 0 0
89 (2,14)->(0,3)
1 0 0
90 (3,0)->(1,5)
0 0 0
91 (3,1)->(1,6)
0 0 0
92 (3,2)->(1,7)
0 0 0
93 (3,3)->(1,8)
0 0 0
94 (3,4)->(1,9)
0 0 0
95 (3,5)->(1,10)
0 0 0
96 (3,6)->(1,11)
0 0 0
97 (3,7)->(1,12)
0 0 0
98 (3,8)->(1,13)
0 0 0
99 (3,9)->(1,14)
0 0 0
100 (3,10)->(1,0)
0 0 0
101 (3,11)->(1,1)
0 0 0
102 (3,12)->(1,2)
0 0 0
103 (3,13)->(1,3)
0 0 0
104 (3,14)->(1,4)
0 0 0
105 (3,0)->(4,4)
0 0 0
106 (3,1)->(4,5)
0 0 0
107 (3,2)->(4,6)
0 0 0
108 (3,3)->(4,7)
0 0 0
109 (3,4)->(4,8)
0 0 0
110 (3,5)->(4,9)
0 0 0
111 (3,6)->(4,10)
0 0 0
112 (3,7)->(4,11)
0 0 0
113 (3,8)->(4,12)
0 0 0
114 (3,9)->(4,13)
0 0 0
115 (3,10)->(4,14)
0 0 0
116 (3,11)->(4,0)
0 0 0
117 (3,12)->(4,1)
0 0 0
118 (3,13)->(4,2)
0 0 0
119 (3,14)->(4,3)
0 0 0
120 (4,0)->(2,5)
0 0 0
121 (4,1)->(2,6)
0 0 0
122 (4,2)->(2,7)
0 0 0
123 (4,3)->(2,8)
0 0 0
124 (4,4)->(2,9)
0 0 0
125 (4,5)->(2,10)
0 0 0
126 (4,6)->(2,11)
0 0 0
127 (4,7)->(2,12)
0 0 0
128 (4,8)->(2,13)
0 0 0
129 (4,9)->(2,14)
0 0 0
130 (4,10)->(2,0)
0 0 0
131 (4,11)->(2,1)
0 0 0
132 (4,12)->(2,2)
0 0 0
133 (4,13)->(2,3)
0 0 0
134 (4,14)->(2,4)
0 0 0
135 (4,0)->(3,4)
0 1 1
136 (4,1)->(3,5)
0 0 0
137 (4,2)->(3,6)
0 0 0
138 (4,3)->(3,7)
0 1 0
139 (4,4)->(3,8)
0 1 0
140 (4,5)->(3,9)
0 1 0
141 (4,6)->(3,10)
0 1 0
142 (4,7)->(3,11)
0 1 0
143 (4,8)->(3,12)
0 1 0
144 (4,9)->(3,13)
0 1 0
145 (4,10)->(3,14)
0 1 0
146 (4,11)->(3,0)
0 1 1
147 (4,12)->(3,1)
0 1 1
148 (4,13)->(3,2)
0 1 1
149 (4,14)->(3,3)
0 1 1
4
0 (0,0)->(4,3)
0 0 0
1 (0,1)->(4,4)
0 0 0
2 (0,2)->(4,5)
0 0 0
3 (0,3)->(4,6)
0 0 0
4 (0,4)->(4,7)
0 0 0
5 (0,5)->(4,8)
0 0 0
6 (0,6)->(4,9)
0 0 0
7 (0,7)->(4,10)
0 0 0
8 (0,8)->(4,11)
0 0 0
9 (0,9)->(4,12)
0 0 0
10 (0,10)->(4,13)
0 0 0
11 (0,11)->(4,14)
0 0 0
12 (0,12)->(4,0)
0 0 0
13 (0,13)->(4,1)
0 0 0
14 (0,14)->(4,2)
0 0 0
15 (0,0)->(1,4)
0 0 0
16 (0,1)->(1,5)
0 0 0
17 (0,2)->(1,6)
0 0 0
18 (0,3)->(1,7)
0 0 0
19 (0,4)->(1,8)
0 0 0
20 (0,5)->(1,9)
0 0 0
21 (0,6)->(1,10)
0 0 0
22 (0,7)->(1,11)
0 0 0
23 (0,8)->(1,12)
0 0 0
24 (0,9)->(1,13)
0 0 0
25 (0,10)->(1,14)
0 0 0
26 (0,11)->(1,0)
0 0 0
27 (0,12)->(1,1)
0 0 0
28 (0,13)->(1,2)
0 0 0
29 (0,14)->(1,3)
0 0 0
30 (1,0)->(2,4)
0 0 0
31 (1,1)->(2,5)
0 0 0
32 (1,2)->(2,6)
0 0 0
33 (1,3)->(2,7)
0 0 0
34 (1,4)->(2,8)
0 0 0
35 (1,5)->(2,9)
0 0 0
36 (1,6)->(2,10)
0 0 0
37 (1,7)->(2,11)
0 0 0
38 (1,8)->(2,12)
0 0 0
39 (1,9)->(2,13)
0 0 0
40 (1,10)->(2,14)
0 0 0
41 (1,11)->(2,0)
0 0 0
42 (1,12)->(2,1)
0 0 0
43 (1,13)->(2,2)
0 0 0
44 (1,14)->(2,3)
0 0 0
45 (1,0)->(0,5)
0 1 1
46 (1,1)->(0,6)
0 1 1
47 (1,2)->(0,7)
0 0 0
48 (1,3)->(0,8)
0 0 0
49 (1,4)->(0,9)
0 0 0
50 (1,5)->(0,10)
0 1 0
51 (1,6)->(0,11)
0 1 0
52 (1,7)->(0,12)
0 1 0
53 (1,8)->(0,13)
0 1 0
54 (1,9)->(0,14)
0 1 0
55 (1,10)->(0,0)
0 1 0
56 (1,11)->(0,1)
0 1 0
57 (1,12)->(0,2)
0 1 0
58 (1,13)->(0,3)
0 1 0
59 (1,14)->(0,4)
0 1 1
60 (2,0)->(3,3)
1 0 0
61 (2,1)->(3,4)
1 0 0
62 (2,2)->(3,5)
1 0 0
63 (2,3)->(3,6)
0 0 0
64 (2,4)->(3,7)
0 0 0
65 (2,5)->(3,8)
0 0 0
66 (2,6)->(3,9)
1 0 1
67 (2,7)->(3,10)
1 0 1
68 (2,8)->(3,11)
1 0 1
69 (2,9)->(3,12)
1 0 0
70 (2,10)->(3,13)
1 0 0
71 (2,11)->(3,14)
1 0 0
72 (2,12)->(3,0)
1 0 0
73 (2,13)->(3,1)
1 0 0
74 (2,14)->(3,2)
1 0 0
75 (2,0)->(0,4)
1 1 1
76 (2,1)->(0,5)
1 1 1
77 (2,2)->(0,6)
1 1 1
78 (2,3)->(0,7)
0 0 0
79 (2,4)->(0,8)
0 0 0
80 (2,5)->(0,9)
0 0 0
81 (2,6)->(0,10)
1 1 1
82 (2,7)->(0,11)
1 1 1
83 (2,8)->(0,12)
1 1 1
84 (2,9)->(0,13)
1 1 1
85 (2,10)->(0,14)
1 1 1
86 (2,11)->(0,0)
1 1 1
87 (2,12)->(0,1)
1 1 1
88 (2,13)->(0,2)
1 1 1
89 (2,14)->(0,3)
1 1 1
90 (3,0)->(1,5)
0 0 0
91 (3,1)->(1,6)
0 0 0
92 (3,2)->(1,7)
0 0 0
93 (3,3)->(1,8)
0 0 0
94 (3,4)->(1,9)
0 0 0
95 (3,5)->(1,10)
0 0 0
96 (3,6)->(1,11)
0 0 0
97 (3,7)->(1,12)
0 0 0
98 (3,8)->(1,13)
0 0 0
99 (3,9)->(1,14)
0 0 1
100 (3,10)->(1,0)
0 0 1
101 (3,11)->(1,1)
0 0 1
102 (3,12)->(1,2)
0 0 0
103 (3,13)->(1,3)
0 0 0
104 (3,14)->(1,4)
0 0 0
105 (3,0)->(4,4)
0 0 0
106 (3,1)->(4,5)
0 0 0
107 (3,2)->(4,6)
0 0 0
108 (3,3)->(4,7)
0 0 0
109 (3,4)->(4,8)
0 0 0
110 (3,5)->(4,9)
0 0 0
111 (3,6)->(4,10)
0 0 0
112 (3,7)->(4,11)
0 0 0
113 (3,8)->(4,12)
0 0 0
114 (3,9)->(4,13)
0 0 0
115 (3,10)->(4,14)
0 0 0
116 (3,11)->(4,0)
0 0 0
117 (3,12)->(4,1)
0 0 0
118 (3,13)->(4,2)
0 0 0
119 (3,14)->(4,3)
0 0 0
120 (4,0)->(2,5)
0 0 0
121 (4,1)->(2,6)
0 0 0
122 (4,2)->(2,7)
0 0 0
123 (4,3)->(2,8)
0 0 0
124 (4,4)->(2,9)
0 0 0
125 (4,5)->(2,10)
0 0 0
126 (4,6)->(2,11)
0 0 0
127 (4,7)->(2,12)
0 0 0
128 (4,8)->(2,13)
0 0 0
129 (4,9)->(2,14)
0 0 0
130 (4,10)->(2,0)
0 0 0
131 (4,11)->(2,1)
0 0 0
132 (4,12)->(2,2)
0 0 0
133 (4,13)->(2,3)
0 0 0
134 (4,14)->(2,4)
0 0 0
135 (4,0)->(3,4)
0 0 0
136 (4,1)->(3,5)
0 0 0
137 (4,2)->(3,6)
0 0 0
138 (4,3)->(3,7)
0 0 0
139 (4,4)->(3,8)
0 0 0
140 (4,5)->(3,9)
0 0 0
141 (4,6)->(3,10)
0 0 0
142 (4,7)->(3,11)
0 0 0
143 (4,8)->(3,12)
0 0 0
144 (4,9)->(3,13)
0 0 0
145 (4,10)->(3,14)
0 0 0
146 (4,11)->(3,0)
0 0 0
147 (4,12)->(3,1)
0 0 0
148 (4,13)->(3,2)
0 0 0
149 (4,14)->(3,3)
0 0 0
5
0 (0,0)->(4,3)
0 0 0
1 (0,1)->(4,4)
0 0 0
2 (0,2)->(4,5)
0 0 0
3 (0,3)->(4,6)
0 0 0
4 (0,4)->(4,7)
0 0 0
5 (0,5)->(4,8)
0 0 0
6 (0,6)->(4,9)
0 1 1
7 (0,7)->(4,10)
0 1 1
8 (0,8)->(4,11)
0 1 1
9 (0,9)->(4,12)
0 1 1
10 (0,10)->(4,13)
0 1 1
11 (0,11)->(4,14)
0 1 1
12 (0,12)->(4,0)
0 1 1
13 (0,13)->(4,1)
0 1 1
14 (0,14)->(4,2)
0 1 1
15 (0,0)->(1,4)
0 0 0
16 (0,1)->(1,5)
0 0 0
17 (0,2)->(1,6)
0 0 0
18 (0,3)->(1,7)
0 0 0
19 (0,4)->(1,8)
0 0 0
20 (0,5)->(1,9)
0 0 0
21 (0,6)->(1,10)
0 0 0
22 (0,7)->(1,11)
0 0 0
23 (0,8)->(1,12)
0 0 0
24 (0,9)->(1,13)
0 0 0
25 (0,10)->(1,14)
0 0 0
26 (0,11)->(1,0)
0 0 0
27 (0,12)->(1,1)
0 0 0
28 (0,13)->(1,2)
0 0 0
29 (0,14)->(1,3)
0 0 0
30 (1,0)->(2,4)
0 0 0
31 (1,1)->(2,5)
0 0 0
32 (1,2)->(2,6)
0 0 0
33 (1,3)->(2,7)
0 0 0
34 (1,4)->(2,8)
0 0 0
35 (1,5)->(2,9)
0 0 0
36 (1,6)->(2,10)
0 0 0
37 (1,7)->(2,11)
0 0 0
38 (1,8)->(2,12)
0 0 0
39 (1,9)->(2,13)
0 0 0
40 (1,10)->(2,14)
0 0 0
41 (1,11)->(2,0)
0 0 0
42 (1,12)->(2,1)
0 0 0
43 (1,13)->(2,2)
0 0 0
44 (1,14)->(2,3)
0 0 0
45 (1,0)->(0,5)
0 0 0
46 (1,1)->(0,6)
0 0 0
47 (1,2)->(0,7)
0 0 0
48 (1,3)->(0,8)
0 0 0
49 (1,4)->(0,9)
0 0 0
50 (1,5)->(0,10)
0 0 0
51 (1,6)->(0,11)
0 0 0
52 (1,7)->(0,12)
0 0 0
53 (1,8)->(0,13)
0 0 0
54 (1,9)->(0,14)
0 0 0
55 (1,10)->(0,0)
0 0 0
56 (1,11)->(0,1)
0 0 0
57 (1,12)->(0,2)
0 0 0
58 (1,13)->(0,3)
0 0 0
59 (1,14)->(0,4)
0 0 0
60 (2,0)->(3,3)
0 0 0
61 (2,1)->(3,4)
0 0 0
62 (2,2)->(3,5)
1 0 1
63 (2,3)->(3,6)
1 0 1
64 (2,4)->(3,7)
1 0 1
65 (2,5)->(3,8)
1 0 1
66 (2,6)->(3,9)
1 0 1
67 (2,7)->(3,10)
1 0 1
68 (2,8)->(3,11)
1 0 1
69 (2,9)->(3,12)
1 0 1
70 (2,10)->(3,13)
1 0 1
71 (2,11)->(3,14)
0 0 0
72 (2,12)->(3,0)
0 0 0
73 (2,13)->(3,1)
0 0 0
74 (2,14)->(3,2)
0 0 0
75 (2,0)->(0,4)
0 0 0
76 (2,1)->(0,5)
0 0 0
77 (2,2)->(0,6)
1 0 1
78 (2,3)->(0,7)
1 0 1
79 (2,4)->(0,8)
1 0 1
80 (2,5)->(0,9)
1 0 1
81 (2,6)->(0,10)
1 0 1
82 (2,7)->(0,11)
1 0 1
83 (2,8)->(0,12)
1 0 1
84 (2,9)->(0,13)
1 0 1
85 (2,10)->(0,14)
1 0 1
86 (2,11)->(0,0)
0 0 0
87 (2,12)->(0,1)
0 0 0
88 (2,13)->(0,2)
0 0 0
89 (2,14)->(0,3)
0 0 0
90 (3,0)->(1,5)
0 0 0
91 (3,1)->(1,6)
0 0 0
92 (3,2)->(1,7)
0 0 0
93 (3,3)->(1,8)
0 0 0
94 (3,4)->(1,9)
0 0 0
95 (3,5)->(1,10)
0 0 0
96 (3,6)->(1,11)
0 0 0
97 (3,7)->(1,12)
0 0 0
98 (3,8)->(1,13)
0 0 0
99 (3,9)->(1,14)
0 0 0
100 (3,10)->(1,0)
0 0 0
101 (3,11)->(1,1)
0 0 0
102 (3,12)->(1,2)
0 0 0
103 (3,13)->(1,3)
0 0 0
104 (3,14)->(1,4)
0 0 0
105 (3,0)->(4,4)
0 0 0
106 (3,1)->(4,5)
0 0 0
107 (3,2)->(4,6)
0 0 0
108 (3,3)->(4,7)
0 0 0
109 (3,4)->(4,8)
0 0 0
110 (3,5)->(4,9)
0 1 1
111 (3,6)->(4,10)
0 1 1
112 (3,7)->(4,11)
0 1 1
113 (3,8)->(4,12)
0 1 1
114 (3,9)->(4,13)
0 1 1
115 (3,10)->(4,14)
0 1 1
116 (3,11)->(4,0)
0 1 1
117 (3,12)->(4,1)
0 1 1
118 (3,13)->(4,2)
0 1 1
119 (3,14)->(4,3)
0 0 0
120 (4,0)->(2,5)
0 0 0
121 (4,1)->(2,6)
0 0 0
122 (4,2)->(2,7)
0 0 0
123 (4,3)->(2,8)
0 0 0
124 (4,4)->(2,9)
0 0 0
125 (4,5)->(2,10)
0 0 0
126 (4,6)->(2,11)
0 0 0
127 (4,7)->(2,12)
0 0 0
128 (4,8)->(2,13)
0 0 0
129 (4,9)->(2,14)
0 0 0
130 (4,10)->(2,0)
0 0 0
131 (4,11)->(2,1)
0 0 0
132 (4,12)->(2,2)
0 0 0
133 (4,13)->(2,3)
0 0 0
134 (4,14)->(2,4)
0 0 0
135 (4,0)->(3,4)
0 0 0
136 (4,1)->(3,5)
0 0 0
137 (4,2)->(3,6)
0 0 0
138 (4,3)->(3,7)
0 0 0
139 (4,4)->(3,8)
0 0 0
140 (4,5)->(3,9)
0 0 0
141 (4,6)->(3,10)
0 0 0
142 (4,7)->(3,11)
0 0 0
143 (4,8)->(3,12)
0 0 0
144 (4,9)->(3,13)
0 0 0
145 (4,10)->(3,14)
0 0 0
146 (4,11)->(3,0)
0 0 0
147 (4,12)->(3,1)
0 0 0
148 (4,13)->(3,2)
0 0 0
149 (4,14)->(3,3)
0 0 0
6
0 (0,0)->(4,3)
0 0 0
1 (0,1)->(4,4)
0 0 0
2 (0,2)->(4,5)
0 0 0
3 (0,3)->(4,6)
0 0 0
4 (0,4)->(4,7)
0 0 0
5 (0,5)->(4,8)
0 0 0
6 (0,6)->(4,9)
0 0 0
7 (0,7)->(4,10)
0 0 0
8 (0,8)->(4,11)
0 0 0
9 (0,9)->(4,12)
0 0 0
10 (0,10)->(4,13)
0 0 0
11 (0,11)->(4,14)
0 0 0
12 (0,12)->(4,0)
0 0 0
13 (0,13)->(4,1)
0 0 0
14 (0,14)->(4,2)
0 0 0
15 (0,0)->(1,4)
0 0 0
16 (0,1)->(1,5)
0 0 0
17 (0,2)->(1,6)
0 0 0
18 (0,3)->(1,7)
0 0 0
19 (0,4)->(1,8)
0 0 0
20 (0,5)->(1,9)
0 0 0
21 (0,6)->(1,10)
0 0 0
22 (0,7)->(1,11)
0 0 0
23 (0,8)->(1,12)
0 0 0
24 (0,9)->(1,13)
0 0 0
25 (0,10)->(1,14)
0 0 0
26 (0,11)->(1,0)
0 0 0
27 (0,12)->(1,1)
0 0 0
28 (0,13)->(1,2)
0 0 0
29 (0,14)->(1,3)
0 0 0
30 (1,0)->(2,4)
0 0 0
31 (1,1)->(2,5)
0 0 0
32 (1,2)->(2,6)
0 0 0
33 (1,3)->(2,7)
0 0 0
34 (1,4)->(2,8)
0 0 0
35 (1,5)->(2,9)
0 0 0
36 (1,6)->(2,10)
0 0 0
37 (1,7)->(2,11)
0 0 0
38 (1,8)->(2,12)
0 0 0
39 (1,9)->(2,13)
0 0 0
40 (1,10)->(2,14)
0 0 0
41 (1,11)->(2,0)
0 0 0
42 (1,12)->(2,1)
0 0 0
43 (1,13)->(2,2)
0 0 0
44 (1,14)->(2,3)
0 0 0
45 (1,0)->(0,5)
0 0 0
46 (1,1)->(0,6)
0 0 0
47 (1,2)->(0,7)
0 0 0
48 (1,3)->(0,8)
0 1 0
49 (1,4)->(0,9)
0 1 0
50 (1,5)->(0,10)
0 1 0
51 (1,6)->(0,11)
0 1 0
52 (1,7)->(0,12)
0 1 0
53 (1,8)->(0,13)
0 1 1
54 (1,9)->(0,14)
0 1 1
55 (1,10)->(0,0)
0 0 0
56 (1,11)->(0,1)
0 0 0
57 (1,12)->(0,2)
0 0 0
58 (1,13)->(0,3)
0 0 0
59 (1,14)->(0,4)
0 0 0
60 (2,0)->(3,3)
0 0 0
61 (2,1)->(3,4)
0 0 0
62 (2,2)->(3,5)
0 0 0
63 (2,3)->(3,6)
0 0 0
64 (2,4)->(3,7)
0 0 0
65 (2,5)->(3,8)
0 0 0
66 (2,6)->(3,9)
0 0 0
67 (2,7)->(3,10)
0 0 0
68 (2,8)->(3,11)
0 0 0
69 (2,9)->(3,12)
0 0 0
70 (2,10)->(3,13)
0 0 0
71 (2,11)->(3,14)
0 0 0
72 (2,12)->(3,0)
0 0 0
73 (2,13)->(3,1)
0 0 0
74 (2,14)->(3,2)
0 0 0
75 (2,0)->(0,4)
0 0 0
76 (2,1)->(0,5)
0 0 0
77 (2,2)->(0,6)
0 0 0
78 (2,3)->(0,7)
0 0 0
79 (2,4)->(0,8)
0 1 1
80 (2,5)->(0,9)
0 1 1
81 (2,6)->(0,10)
0 1 1
82 (2,7)->(0,11)
0 1 1
83 (2,8)->(0,12)
0 1 1
84 (2,9)->(0,13)
0 1 1
85 (2,10)->(0,14)
0 1 1
86 (2,11)->(0,0)
0 0 0
87 (2,12)->(0,1)
0 0 0
88 (2,13)->(0,2)
0 0 0
89 (2,14)->(0,3)
0 0 0
90 (3,0)->(1,5)
0 0 0
91 (3,1)->(1,6)
0 0 0
92 (3,2)->(1,7)
0 0 0
93 (3,3)->(1,8)
0 0 1
94 (3,4)->(1,9)
0 0 1
95 (3,5)->(1,10)
0 0 0
96 (3,6)->(1,11)
0 0 0
97 (3,7)->(1,12)
0 0 0
98 (3,8)->(1,13)
0 0 0
99 (3,9)->(1,14)
0 0 0
100 (3,10)->(1,0)
0 0 0
101 (3,11)->(1,1)
0 0 0
102 (3,12)->(1,2)
0 0 0
103 (3,13)->(1,3)
0 0 0
104 (3,14)->(1,4)
0 0 0
105 (3,0)->(4,4)
0 0 0
106 (3,1)->(4,5)
0 0 0
107 (3,2)->(4,6)
0 0 0
108 (3,3)->(4,7)
0 0 0
109 (3,4)->(4,8)
0 0 0
110 (3,5)->(4,9)
0 0 0
111 (3,6)->(4,10)
0 0 0
112 (3,7)->(4,11)
0 0 0
113 (3,8)->(4,12)
0 0 0
114 (3,9)->(4,13)
0 0 0
115 (3,10)->(4,14)
0 0 0
116 (3,11)->(4,0)
0 0 0
117 (3,12)->(4,1)
0 0 0
118 (3,13)->(4,2)
0 0 0
119 (3,14)->(4,3)
0 0 0
120 (4,0)->(2,5)
1 0 1
121 (4,1)->(2,6)
1 0 1
122 (4,2)->(2,7)
1 0 1
123 (4,3)->(2,8)
1 0 1
124 (4,4)->(2,9)
1 0 1
125 (4,5)->(2,10)
1 0 1
126 (4,6)->(2,11)
0 0 0
127 (4,7)->(2,12)
0 0 0
128 (4,8)->(2,13)
0 0 0
129 (4,9)->(2,14)
0 0 0
130 (4,10)->(2,0)
0 0 0
131 (4,11)->(2,1)
0 0 0
132 (4,12)->(2,2)
0 0 0
133 (4,13)->(2,3)
0 0 0
134 (4,14)->(2,4)
1 0 1
135 (4,0)->(3,4)
1 0 1
136 (4,1)->(3,5)
1 0 0
137 (4,2)->(3,6)
1 0 0
138 (4,3)->(3,7)
1 0 0
139 (4,4)->(3,8)
1 0 0
140 (4,5)->(3,9)
1 0 0
141 (4,6)->(3,10)
0 0 0
142 (4,7)->(3,11)
0 0 0
143 (4,8)->(3,12)
0 0 0
144 (4,9)->(3,13)
0 0 0
145 (4,10)->(3,14)
0 0 0
146 (4,11)->(3,0)
0 0 0
147 (4,12)->(3,1)
0 0 0
148 (4,13)->(3,2)
0 0 0
149 (4,14)->(3,3)
1 0 1
7
0 (0,0)->(4,3)
1 0 2
1 (0,1)->(4,4)
1 0 1
2 (0,2)->(4,5)
1 0 1
3 (0,3)->(4,6)
1 0 1
4 (0,4)->(4,7)
1 0 1
5 (0,5)->(4,8)
0 0 0
6 (0,6)->(4,9)
0 0 0
7 (0,7)->(4,10)
0 0 0
8 (0,8)->(4,11)
0 0 0
9 (0,9)->(4,12)
0 0 0
10 (0,10)->(4,13)
0 0 0
11 (0,11)->(4,14)
1 0 2
12 (0,12)->(4,0)
1 0 2
13 (0,13)->(4,1)
1 0 2
14 (0,14)->(4,2)
1 0 2
15 (0,0)->(1,4)
1 0 1
16 (0,1)->(1,5)
1 0 0
17 (0,2)->(1,6)
1 0 0
18 (0,3)->(1,7)
1 0 0
19 (0,4)->(1,8)
1 0 0
20 (0,5)->(1,9)
0 0 0
21 (0,6)->(1,10)
0 0 0
22 (0,7)->(1,11)
0 0 0
23 (0,8)->(1,12)
0 0 0
24 (0,9)->(1,13)
0 0 0
25 (0,10)->(1,14)
0 0 0
26 (0,11)->(1,0)
1 0 1
27 (0,12)->(1,1)
1 0 1
28 (0,13)->(1,2)
1 0 1
29 (0,14)->(1,3)
1 0 1
30 (1,0)->(2,4)
0 0 1
31 (1,1)->(2,5)
0 0 1
32 (1,2)->(2,6)
0 0 1
33 (1,3)->(2,7)
0 0 1
34 (1,4)->(2,8)
0 0 1
35 (1,5)->(2,9)
0 0 0
36 (1,6)->(2,10)
0 0 0
37 (1,7)->(2,11)
0 0 0
38 (1,8)->(2,12)
0 0 0
39 (1,9)->(2,13)
0 0 0
40 (1,10)->(2,14)
0 0 0
41 (1,11)->(2,0)
0 0 0
42 (1,12)->(2,1)
0 0 0
43 (1,13)->(2,2)
0 0 0
44 (1,14)->(2,3)
0 0 0
45 (1,0)->(0,5)
0 0 0
46 (1,1)->(0,6)
0 0 0
47 (1,2)->(0,7)
0 0 0
48 (1,3)->(0,8)
0 0 0
49 (1,4)->(0,9)
0 0 0
50 (1,5)->(0,10)
0 0 0
51 (1,6)->(0,11)
0 0 0
52 (1,7)->(0,12)
0 0 0
53 (1,8)->(0,13)
0 0 0
54 (1,9)->(0,14)
0 0 0
55 (1,10)->(0,0)
0 0 0
56 (1,11)->(0,1)
0 0 0
57 (1,12)->(0,2)
0 0 0
58 (1,13)->(0,3)
0 0 0
59 (1,14)->(0,4)
0 0 0
60 (2,0)->(3,3)
0 1 0
61 (2,1)->(3,4)
0 1 0
62 (2,2)->(3,5)
0 1 0
63 (2,3)->(3,6)
0 1 0
64 (2,4)->(3,7)
0 1 2
65 (2,5)->(3,8)
0 1 2
66 (2,6)->(3,9)
0 1 2
67 (2,7)->(3,10)
0 1 2
68 (2,8)->(3,11)
0 1 2
69 (2,9)->(3,12)
0 0 0
70 (2,10)->(3,13)
0 0 0
71 (2,11)->(3,14)
0 0 0
72 (2,12)->(3,0)
0 0 0
73 (2,13)->(3,1)
0 0 0
74 (2,14)->(3,2)
0 0 0
75 (2,0)->(0,4)
0 0 0
76 (2,1)->(0,5)
0 0 0
77 (2,2)->(0,6)
0 0 0
78 (2,3)->(0,7)
0 0 0
79 (2,4)->(0,8)
0 0 0
80 (2,5)->(0,9)
0 0 0
81 (2,6)->(0,10)
0 0 0
82 (2,7)->(0,11)
0 0 0
83 (2,8)->(0,12)
0 0 0
84 (2,9)->(0,13)
0 0 0
85 (2,10)->(0,14)
0 0 0
86 (2,11)->(0,0)
0 0 0
87 (2,12)->(0,1)
0 0 0
88 (2,13)->(0,2)
0 0 0
89 (2,14)->(0,3)
0 0 0
90 (3,0)->(1,5)
0 0 0
91 (3,1)->(1,6)
0 0 0
92 (3,2)->(1,7)
0 0 0
93 (3,3)->(1,8)
0 0 0
94 (3,4)->(1,9)
0 0 0
95 (3,5)->(1,10)
0 0 0
96 (3,6)->(1,11)
0 0 0
97 (3,7)->(1,12)
0 0 0
98 (3,8)->(1,13)
0 0 0
99 (3,9)->(1,14)
0 0 0
100 (3,10)->(1,0)
0 0 0
101 (3,11)->(1,1)
0 0 0
102 (3,12)->(1,2)
0 0 0
103 (3,13)->(1,3)
0 0 0
104 (3,14)->(1,4)
0 0 0
105 (3,0)->(4,4)
0 0 0
106 (3,1)->(4,5)
0 0 0
107 (3,2)->(4,6)
0 0 0
108 (3,3)->(4,7)
0 0 0
109 (3,4)->(4,8)
0 0 0
110 (3,5)->(4,9)
0 0 0
111 (3,6)->(4,10)
0 0 0
112 (3,7)->(4,11)
0 0 0
113 (3,8)->(4,12)
0 0 0
114 (3,9)->(4,13)
0 0 0
115 (3,10)->(4,14)
0 0 0
116 (3,11)->(4,0)
0 0 0
117 (3,12)->(4,1)
0 0 0
118 (3,13)->(4,2)
0 0 0
119 (3,14)->(4,3)
0 0 0
120 (4,0)->(2,5)
0 0 1
121 (4,1)->(2,6)
0 0 1
122 (4,2)->(2,7)
0 0 1
123 (4,3)->(2,8)
0 0 1
124 (4,4)->(2,9)
0 0 0
125 (4,5)->(2,10)
0 0 0
126 (4,6)->(2,11)
0 0 0
127 (4,7)->(2,12)
0 0 0
128 (4,8)->(2,13)
0 0 0
129 (4,9)->(2,14)
0 0 0
130 (4,10)->(2,0)
0 0 0
131 (4,11)->(2,1)
0 0 0
132 (4,12)->(2,2)
0 0 0
133 (4,13)->(2,3)
0 0 0
134 (4,14)->(2,4)
0 0 1
135 (4,0)->(3,4)
0 1 1
136 (4,1)->(3,5)
0 1 1
137 (4,2)->(3,6)
0 1 1
138 (4,3)->(3,7)
0 1 1
139 (4,4)->(3,8)
0 1 1
140 (4,5)->(3,9)
0 1 1
141 (4,6)->(3,10)
0 1 1
142 (4,7)->(3,11)
0 1 1
143 (4,8)->(3,12)
0 0 0
144 (4,9)->(3,13)
0 0 0
145 (4,10)->(3,14)
0 0 0
146 (4,11)->(3,0)
0 0 0
147 (4,12)->(3,1)
0 0 0
148 (4,13)->(3,2)
0 0 0
149 (4,14)->(3,3)
0 1 1
8
0 (0,0)->(4,3)
0 0 0
1 (0,1)->(4,4)
0 0 0
2 (0,2)->(4,5)
0 0 0
3 (0,3)->(4,6)
0 0 0
4 (0,4)->(4,7)
0 0 0
5 (0,5)->(4,8)
0 0 0
6 (0,6)->(4,9)
0 0 0
7 (0,7)->(4,10)
0 0 0
8 (0,8)->(4,11)
0 0 0
9 (0,9)->(4,12)
0 0 0
10 (0,10)->(4,13)
0 0 0
11 (0,11)->(4,14)
0 0 0
12 (0,12)->(4,0)
0 0 0
13 (0,13)->(4,1)
0 0 0
14 (0,14)->(4,2)
0 0 0
15 (0,0)->(1,4)
0 1 1
16 (0,1)->(1,5)
0 1 1
17 (0,2)->(1,6)
0 1 1
18 (0,3)->(1,7)
0 1 1
19 (0,4)->(1,8)
0 1 1
20 (0,5)->(1,9)
0 1 1
21 (0,6)->(1,10)
0 0 0
22 (0,7)->(1,11)
0 0 0
23 (0,8)->(1,12)
0 0 0
24 (0,9)->(1,13)
0 0 0
25 (0,10)->(1,14)
0 0 0
26 (0,11)->(1,0)
0 0 0
27 (0,12)->(1,1)
0 0 0
28 (0,13)->(1,2)
0 1 1
29 (0,14)->(1,3)
0 1 1
30 (1,0)->(2,4)
0 0 0
31 (1,1)->(2,5)
0 0 0
32 (1,2)->(2,6)
0 0 0
33 (1,3)->(2,7)
0 0 0
34 (1,4)->(2,8)
0 0 0
35 (1,5)->(2,9)
0 0 0
36 (1,6)->(2,10)
0 0 0
37 (1,7)->(2,11)
0 0 0
38 (1,8)->(2,12)
0 0 0
39 (1,9)->(2,13)
0 0 0
40 (1,10)->(2,14)
0 0 0
41 (1,11)->(2,0)
0 0 0
42 (1,12)->(2,1)
0 0 0
43 (1,13)->(2,2)
0 0 0
44 (1,14)->(2,3)
0 0 0
45 (1,0)->(0,5)
0 0 0
46 (1,1)->(0,6)
0 0 0
47 (1,2)->(0,7)
0 0 0
48 (1,3)->(0,8)
0 0 0
49 (1,4)->(0,9)
0 0 0
50 (1,5)->(0,10)
0 0 0
51 (1,6)->(0,11)
0 0 0
52 (1,7)->(0,12)
0 0 0
53 (1,8)->(0,13)
0 0 0
54 (1,9)->(0,14)
0 0 0
55 (1,10)->(0,0)
0 0 0
56 (1,11)->(0,1)
0 0 0
57 (1,12)->(0,2)
0 0 0
58 (1,13)->(0,3)
0 0 0
59 (1,14)->(0,4)
0 0 0
60 (2,0)->(3,3)
1 0 1
61 (2,1)->(3,4)
1 0 1
62 (2,2)->(3,5)
0 0 0
63 (2,3)->(3,6)
0 0 0
64 (2,4)->(3,7)
0 0 0
65 (2,5)->(3,8)
0 0 0
66 (2,6)->(3,9)
0 0 0
67 (2,7)->(3,10)
0 0 0
68 (2,8)->(3,11)
0 0 0
69 (2,9)->(3,12)
1 0 1
70 (2,10)->(3,13)
1 0 1
71 (2,11)->(3,14)
1 0 1
72 (2,12)->(3,0)
1 0 1
73 (2,13)->(3,1)
1 0 1
74 (2,14)->(3,2)
1 0 1
75 (2,0)->(0,4)
1 0 1
76 (2,1)->(0,5)
1 0 1
77 (2,2)->(0,6)
0 0 0
78 (2,3)->(0,7)
0 0 0
79 (2,4)->(0,8)
0 0 0
80 (2,5)->(0,9)
0 0 0
81 (2,6)->(0,10)
0 0 0
82 (2,7)->(0,11)
0 0 0
83 (2,8)->(0,12)
0 0 0
84 (2,9)->(0,13)
1 0 1
85 (2,10)->(0,14)
1 0 1
86 (2,11)->(0,0)
1 0 1
87 (2,12)->(0,1)
1 0 1
88 (2,13)->(0,2)
1 0 1
89 (2,14)->(0,3)
1 0 1
90 (3,0)->(1,5)
0 1 1
91 (3,1)->(1,6)
0 1 1
92 (3,2)->(1,7)
0 1 1
93 (3,3)->(1,8)
0 1 1
94 (3,4)->(1,9)
0 1 1
95 (3,5)->(1,10)
0 0 0
96 (3,6)->(1,11)
0 0 0
97 (3,7)->(1,12)
0 0 0
98 (3,8)->(1,13)
0 0 0
99 (3,9)->(1,14)
0 0 0
100 (3,10)->(1,0)
0 0 0
101 (3,11)->(1,1)
0 0 0
102 (3,12)->(1,2)
0 1 1
103 (3,13)->(1,3)
0 1 1
104 (3,14)->(1,4)
0 1 1
105 (3,0)->(4,4)
0 0 0
106 (3,1)->(4,5)
0 0 0
107 (3,2)->(4,6)
0 0 0
108 (3,3)->(4,7)
0 0 0
109 (3,4)->(4,8)
0 0 0
110 (3,5)->(4,9)
0 0 0
111 (3,6)->(4,10)
0 0 0
112 (3,7)->(4,11)
0 0 0
113 (3,8)->(4,12)
0 0 0
114 (3,9)->(4,13)
0 0 0
115 (3,10)->(4,14)
0 0 0
116 (3,11)->(4,0)
0 0 0
117 (3,12)->(4,1)
0 0 0
118 (3,13)->(4,2)
0 0 0
119 (3,14)->(4,3)
0 0 0
120 (4,0)->(2,5)
0 0 0
121 (4,1)->(2,6)
0 0 0
122 (4,2)->(2,7)
0 0 0
123 (4,3)->(2,8)
0 0 0
124 (4,4)->(2,9)
0 0 0
125 (4,5)->(2,10)
0 0 0
126 (4,6)->(2,11)
0 0 0
127 (4,7)->(2,12)
0 0 0
128 (4,8)->(2,13)
0 0 0
129 (4,9)->(2,14)
0 0 0
130 (4,10)->(2,0)
0 0 0
131 (4,11)->(2,1)
0 0 0
132 (4,12)->(2,2)
0 0 0
133 (4,13)->(2,3)
0 0 0
134 (4,14)->(2,4)
0 0 0
135 (4,0)->(3,4)
0 0 0
136 (4,1)->(3,5)
0 0 0
137 (4,2)->(3,6)
0 0 0
138 (4,3)->(3,7)
0 0 0
139 (4,4)->(3,8)
0 0 0
140 (4,5)->(3,9)
0 0 0
141 (4,6)->(3,10)
0 0 0
142 (4,7)->(3,11)
0 0 0
143 (4,8)->(3,12)
0 0 0
144 (4,9)->(3,13)
0 0 0
145 (4,10)->(3,14)
0 0 0
146 (4,11)->(3,0)
0 0 0
147 (4,12)->(3,1)
0 0 0
148 (4,13)->(3,2)
0 0 0
149 (4,14)->(3,3)
0 0 0
9
0 (0,0)->(4,3)
0 1 2
1 (0,1)->(4,4)
0 0 0
2 (0,2)->(4,5)
0 0 0
3 (0,3)->(4,6)
0 0 0
4 (0,4)->(4,7)
0 0 0
5 (0,5)->(4,8)
0 0 0
6 (0,6)->(4,9)
0 0 0
7 (0,7)->(4,10)
0 0 0
8 (0,8)->(4,11)
0 1 1
9 (0,9)->(4,12)
0 1 1
10 (0,10)->(4,13)
0 1 1
11 (0,11)->(4,14)
0 1 2
12 (0,12)->(4,0)
0 1 2
13 (0,13)->(4,1)
0 1 2
14 (0,14)->(4,2)
0 1 2
15 (0,0)->(1,4)
0 0 0
16 (0,1)->(1,5)
0 0 0
17 (0,2)->(1,6)
0 0 0
18 (0,3)->(1,7)
0 0 0
19 (0,4)->(1,8)
0 0 0
20 (0,5)->(1,9)
0 0 0
21 (0,6)->(1,10)
0 0 0
22 (0,7)->(1,11)
0 0 0
23 (0,8)->(1,12)
0 0 0
24 (0,9)->(1,13)
0 0 0
25 (0,10)->(1,14)
0 0 0
26 (0,11)->(1,0)
0 0 0
27 (0,12)->(1,1)
0 0 0
28 (0,13)->(1,2)
0 0 0
29 (0,14)->(1,3)
0 0 0
30 (1,0)->(2,4)
0 0 0
31 (1,1)->(2,5)
0 0 0
32 (1,2)->(2,6)
0 0 0
33 (1,3)->(2,7)
1 0 2
34 (1,4)->(2,8)
1 0 2
35 (1,5)->(2,9)
1 0 2
36 (1,6)->(2,10)
1 0 2
37 (1,7)->(2,11)
1 0 2
38 (1,8)->(2,12)
1 0 0
39 (1,9)->(2,13)
1 0 0
40 (1,10)->(2,14)
1 0 0
41 (1,11)->(2,0)
0 0 0
42 (1,12)->(2,1)
0 0 0
43 (1,13)->(2,2)
0 0 0
44 (1,14)->(2,3)
0 0 0
45 (1,0)->(0,5)
0 0 0
46 (1,1)->(0,6)
0 0 0
47 (1,2)->(0,7)
0 0 0
48 (1,3)->(0,8)
1 0 1
49 (1,4)->(0,9)
1 0 1
50 (1,5)->(0,10)
1 0 1
51 (1,6)->(0,11)
1 0 1
52 (1,7)->(0,12)
1 0 1
53 (1,8)->(0,13)
1 0 1
54 (1,9)->(0,14)
1 0 1
55 (1,10)->(0,0)
1 0 1
56 (1,11)->(0,1)
0 0 0
57 (1,12)->(0,2)
0 0 0
58 (1,13)->(0,3)
0 0 0
59 (1,14)->(0,4)
0 0 0
60 (2,0)->(3,3)
0 0 0
61 (2,1)->(3,4)
0 0 0
62 (2,2)->(3,5)
0 0 0
63 (2,3)->(3,6)
0 0 0
64 (2,4)->(3,7)
0 0 0
65 (2,5)->(3,8)
0 0 0
66 (2,6)->(3,9)
0 0 0
67 (2,7)->(3,10)
0 0 1
68 (2,8)->(3,11)
0 0 1
69 (2,9)->(3,12)
0 0 1
70 (2,10)->(3,13)
0 0 1
71 (2,11)->(3,14)
0 0 1
72 (2,12)->(3,0)
0 0 0
73 (2,13)->(3,1)
0 0 0
74 (2,14)->(3,2)
0 0 0
75 (2,0)->(0,4)
0 0 0
76 (2,1)->(0,5)
0 0 0
77 (2,2)->(0,6)
0 0 0
78 (2,3)->(0,7)
0 0 0
79 (2,4)->(0,8)
0 0 0
80 (2,5)->(0,9)
0 0 0
81 (2,6)->(0,10)
0 0 0
82 (2,7)->(0,11)
0 0 1
83 (2,8)->(0,12)
0 0 1
84 (2,9)->(0,13)
0 0 1
85 (2,10)->(0,14)
0 0 1
86 (2,11)->(0,0)
0 0 1
87 (2,12)->(0,1)
0 0 0
88 (2,13)->(0,2)
0 0 0
89 (2,14)->(0,3)
0 0 0
90 (3,0)->(1,5)
0 0 0
91 (3,1)->(1,6)
0 0 0
92 (3,2)->(1,7)
0 0 0
93 (3,3)->(1,8)
0 0 0
94 (3,4)->(1,9)
0 0 0
95 (3,5)->(1,10)
0 0 0
96 (3,6)->(1,11)
0 0 0
97 (3,7)->(1,12)
0 0 0
98 (3,8)->(1,13)
0 0 0
99 (3,9)->(1,14)
0 0 0
100 (3,10)->(1,0)
0 0 0
101 (3,11)->(1,1)
0 0 0
102 (3,12)->(1,2)
0 0 0
103 (3,13)->(1,3)
0 0 0
104 (3,14)->(1,4)
0 0 0
105 (3,0)->(4,4)
0 0 0
106 (3,1)->(4,5)
0 0 0
107 (3,2)->(4,6)
0 0 0
108 (3,3)->(4,7)
0 0 0
109 (3,4)->(4,8)
0 0 0
110 (3,5)->(4,9)
0 0 0
111 (3,6)->(4,10)
0 0 0
112 (3,7)->(4,11)
0 1 0
113 (3,8)->(4,12)
0 1 0
114 (3,9)->(4,13)
0 1 0
115 (3,10)->(4,14)
0 1 1
116 (3,11)->(4,0)
0 1 1
117 (3,12)->(4,1)
0 1 1
118 (3,13)->(4,2)
0 1 1
119 (3,14)->(4,3)
0 1 1
120 (4,0)->(2,5)
0 0 0
121 (4,1)->(2,6)
0 0 0
122 (4,2)->(2,7)
0 0 0
123 (4,3)->(2,8)
0 0 0
124 (4,4)->(2,9)
0 0 0
125 (4,5)->(2,10)
0 0 0
126 (4,6)->(2,11)
0 0 0
127 (4,7)->(2,12)
0 0 0
128 (4,8)->(2,13)
0 0 0
129 (4,9)->(2,14)
0 0 0
130 (4,10)->(2,0)
0 0 0
131 (4,11)->(2,1)
0 0 0
132 (4,12)->(2,2)
0 0 0
133 (4,13)->(2,3)
0 0 0
134 (4,14)->(2,4)
0 0 0
135 (4,0)->(3,4)
0 0 0
136 (4,1)->(3,5)
0 0 0
137 (4,2)->(3,6)
0 0 0
138 (4,3)->(3,7)
0 0 0
139 (4,4)->(3,8)
0 0 0
140 (4,5)->(3,9)
0 0 0
141 (4,6)->(3,10)
0 0 0
142 (4,7)->(3,11)
0 0 0
143 (4,8)->(3,12)
0 0 0
144 (4,9)->(3,13)
0 0 0
145 (4,10)->(3,14)
0 0 0
146 (4,11)->(3,0)
0 0 0
147 (4,12)->(3,1)
0 0 0
148 (4,13)->(3,2)
0 0 0
149 (4,14)->(3,3)
0 0 0
10
0 (0,0)->(4,3)
0 0 0
1 (0,1)->(4,4)
0 0 0
2 (0,2)->(4,5)
0 0 0
3 (0,3)->(4,6)
0 0 0
4 (0,4)->(4,7)
0 0 0
5 (0,5)->(4,8)
0 0 0
6 (0,6)->(4,9)
0 0 0
7 (0,7)->(4,10)
0 0 0
8 (0,8)->(4,11)
0 0 0
9 (0,9)->(4,12)
0 0 0
10 (0,10)->(4,13)
0 0 0
11 (0,11)->(4,14)
0 0 0
12 (0,12)->(4,0)
0 0 0
13 (0,13)->(4,1)
0 0 0
14 (0,14)->(4,2)
0 0 0
15 (0,0)->(1,4)
0 0 0
16 (0,1)->(1,5)
0 0 0
17 (0,2)->(1,6)
0 0 0
18 (0,3)->(1,7)
0 0 0
19 (0,4)->(1,8)
0 0 0
20 (0,5)->(1,9)
0 0 0
21 (0,6)->(1,10)
0 0 0
22 (0,7)->(1,11)
0 0 0
23 (0,8)->(1,12)
0 0 0
24 (0,9)->(1,13)
0 0 0
25 (0,10)->(1,14)
0 0 0
26 (0,11)->(1,0)
0 0 0
27 (0,12)->(1,1)
0 0 0
28 (0,13)->(1,2)
0 0 0
29 (0,14)->(1,3)
0 0 0
30 (1,0)->(2,4)
0 0 0
31 (1,1)->(2,5)
0 0 0
32 (1,2)->(2,6)
0 0 0
33 (1,3)->(2,7)
0 0 0
34 (1,4)->(2,8)
0 0 1
35 (1,5)->(2,9)
0 0 1
36 (1,6)->(2,10)
0 0 1
37 (1,7)->(2,11)
0 0 0
38 (1,8)->(2,12)
0 0 0
39 (1,9)->(2,13)
0 0 0
40 (1,10)->(2,14)
0 0 0
41 (1,11)->(2,0)
0 0 0
42 (1,12)->(2,1)
0 0 0
43 (1,13)->(2,2)
0 0 0
44 (1,14)->(2,3)
0 0 0
45 (1,0)->(0,5)
0 0 0
46 (1,1)->(0,6)
0 0 0
47 (1,2)->(0,7)
0 0 0
48 (1,3)->(0,8)
0 0 0
49 (1,4)->(0,9)
0 1 1
50 (1,5)->(0,10)
0 1 1
51 (1,6)->(0,11)
0 1 1
52 (1,7)->(0,12)
0 1 1
53 (1,8)->(0,13)
0 1 1
54 (1,9)->(0,14)
0 1 1
55 (1,10)->(0,0)
0 0 0
56 (1,11)->(0,1)
0 0 0
57 (1,12)->(0,2)
0 0 0
58 (1,13)->(0,3)
0 0 0
59 (1,14)->(0,4)
0 0 0
60 (2,0)->(3,3)
0 0 0
61 (2,1)->(3,4)
0 0 0
62 (2,2)->(3,5)
0 0 0
63 (2,3)->(3,6)
0 0 0
64 (2,4)->(3,7)
0 0 0
65 (2,5)->(3,8)
0 0 0
66 (2,6)->(3,9)
0 0 0
67 (2,7)->(3,10)
0 0 0
68 (2,8)->(3,11)
0 0 0
69 (2,9)->(3,12)
0 0 0
70 (2,10)->(3,13)
0 0 0
71 (2,11)->(3,14)
0 0 0
72 (2,12)->(3,0)
0 0 0
73 (2,13)->(3,1)
0 0 0
74 (2,14)->(3,2)
0 0 0
75 (2,0)->(0,4)
0 0 0
76 (2,1)->(0,5)
0 0 0
77 (2,2)->(0,6)
0 0 0
78 (2,3)->(0,7)
0 0 0
79 (2,4)->(0,8)
0 0 0
80 (2,5)->(0,9)
0 1 0
81 (2,6)->(0,10)
0 1 0
82 (2,7)->(0,11)
0 1 0
83 (2,8)->(0,12)
0 1 2
84 (2,9)->(0,13)
0 1 2
85 (2,10)->(0,14)
0 1 2
86 (2,11)->(0,0)
0 0 0
87 (2,12)->(0,1)
0 0 0
88 (2,13)->(0,2)
0 0 0
89 (2,14)->(0,3)
0 0 0
90 (3,0)->(1,5)
1 0 2
91 (3,1)->(1,6)
1 0 2
92 (3,2)->(1,7)
1 0 1
93 (3,3)->(1,8)
1 0 1
94 (3,4)->(1,9)
1 0 1
95 (3,5)->(1,10)
0 0 0
96 (3,6)->(1,11)
0 0 0
97 (3,7)->(1,12)
0 0 0
98 (3,8)->(1,13)
0 0 0
99 (3,9)->(1,14)
0 0 0
100 (3,10)->(1,0)
0 0 0
101 (3,11)->(1,1)
0 0 0
102 (3,12)->(1,2)
0 0 0
103 (3,13)->(1,3)
0 0 0
104 (3,14)->(1,4)
1 0 2
105 (3,0)->(4,4)
1 0 1
106 (3,1)->(4,5)
1 0 1
107 (3,2)->(4,6)
1 0 0
108 (3,3)->(4,7)
1 0 0
109 (3,4)->(4,8)
1 0 0
110 (3,5)->(4,9)
0 0 0
111 (3,6)->(4,10)
0 0 0
112 (3,7)->(4,11)
0 0 0
113 (3,8)->(4,12)
0 0 0
114 (3,9)->(4,13)
0 0 0
115 (3,10)->(4,14)
0 0 0
116 (3,11)->(4,0)
0 0 0
117 (3,12)->(4,1)
0 0 0
118 (3,13)->(4,2)
0 0 0
119 (3,14)->(4,3)
1 0 1
120 (4,0)->(2,5)
0 0 0
121 (4,1)->(2,6)
0 0 0
122 (4,2)->(2,7)
0 0 0
123 (4,3)->(2,8)
0 0 1
124 (4,4)->(2,9)
0 0 1
125 (4,5)->(2,10)
0 0 1
126 (4,6)->(2,11)
0 0 0
127 (4,7)->(2,12)
0 0 0
128 (4,8)->(2,13)
0 0 0
129 (4,9)->(2,14)
0 0 0
130 (4,10)->(2,0)
0 0 0
131 (4,11)->(2,1)
0 0 0
132 (4,12)->(2,2)
0 0 0
133 (4,13)->(2,3)
0 0 0
134 (4,14)->(2,4)
0 0 0
135 (4,0)->(3,4)
0 0 0
136 (4,1)->(3,5)
0 0 0
137 (4,2)->(3,6)
0 0 0
138 (4,3)->(3,7)
0 0 0
139 (4,4)->(3,8)
0 0 0
140 (4,5)->(3,9)
0 0 0
141 (4,6)->(3,10)
0 0 0
142 (4,7)->(3,11)
0 0 0
143 (4,8)->(3,12)
0 0 0
144 (4,9)->(3,13)
0 0 0
145 (4,10)->(3,14)
0 0 0
146 (4,11)->(3,0)
0 0 0
147 (4,12)->(3,1)
0 0 0
148 (4,13)->(3,2)
0 0 0
149 (4,14)->(3,3)
0 0 0
11
0 (0,0)->(4,3)
0 0 0
1 (0,1)->(4,4)
0 0 0
2 (0,2)->(4,5)
0 0 0
3 (0,3)->(4,6)
0 0 0
4 (0,4)->(4,7)
0 0 0
5 (0,5)->(4,8)
0 0 0
6 (0,6)->(4,9)
0 0 0
7 (0,7)->(4,10)
0 0 0
8 (0,8)->(4,11)
0 0 0
9 (0,9)->(4,12)
0 0 0
10 (0,10)->(4,13)
0 0 0
11 (0,11)->(4,14)
0 0 0
12 (0,12)->(4,0)
0 0 0
13 (0,13)->(4,1)
0 0 0
14 (0,14)->(4,2)
0 0 0
15 (0,0)->(1,4)
0 0 0
16 (0,1)->(1,5)
0 0 0
17 (0,2)->(1,6)
0 0 0
18 (0,3)->(1,7)
0 0 0
19 (0,4)->(1,8)
0 0 0
20 (0,5)->(1,9)
0 0 0
21 (0,6)->(1,10)
0 0 0
22 (0,7)->(1,11)
0 0 0
23 (0,8)->(1,12)
0 0 0
24 (0,9)->(1,13)
0 0 0
25 (0,10)->(1,14)
0 0 0
26 (0,11)->(1,0)
0 0 0
27 (0,12)->(1,1)
0 0 0
28 (0,13)->(1,2)
0 0 0
29 (0,14)->(1,3)
0 0 0
30 (1,0)->(2,4)
0 0 0
31 (1,1)->(2,5)
0 0 0
32 (1,2)->(2,6)
0 0 0
33 (1,3)->(2,7)
0 0 0
34 (1,4)->(2,8)
0 0 0
35 (1,5)->(2,9)
0 0 0
36 (1,6)->(2,10)
0 0 0
37 (1,7)->(2,11)
0 0 0
38 (1,8)->(2,12)
0 0 0
39 (1,9)->(2,13)
0 0 0
40 (1,10)->(2,14)
0 0 0
41 (1,11)->(2,0)
0 0 0
42 (1,12)->(2,1)
0 0 0
43 (1,13)->(2,2)
0 0 0
44 (1,14)->(2,3)
0 0 0
45 (1,0)->(0,5)
0 0 0
46 (1,1)->(0,6)
0 0 0
47 (1,2)->(0,7)
0 0 0
48 (1,3)->(0,8)
0 0 0
49 (1,4)->(0,9)
0 0 0
50 (1,5)->(0,10)
0 0 0
51 (1,6)->(0,11)
0 0 0
52 (1,7)->(0,12)
0 0 0
53 (1,8)->(0,13)
0 0 0
54 (1,9)->(0,14)
0 0 0
55 (1,10)->(0,0)
0 0 0
56 (1,11)->(0,1)
0 0 0
57 (1,12)->(0,2)
0 0 0
58 (1,13)->(0,3)
0 0 0
59 (1,14)->(0,4)
0 0 0
60 (2,0)->(3,3)
0 0 0
61 (2,1)->(3,4)
0 0 0
62 (2,2)->(3,5)
0 0 0
63 (2,3)->(3,6)
0 1 0
64 (2,4)->(3,7)
0 1 0
65 (2,5)->(3,8)
0 1 0
66 (2,6)->(3,9)
0 1 0
67 (2,7)->(3,10)
0 1 1
68 (2,8)->(3,11)
0 1 1
69 (2,9)->(3,12)
0 1 1
70 (2,10)->(3,13)
0 1 1
71 (2,11)->(3,14)
0 1 1
72 (2,12)->(3,0)
0 1 1
73 (2,13)->(3,1)
0 1 1
74 (2,14)->(3,2)
0 1 1
75 (2,0)->(0,4)
0 0 0
76 (2,1)->(0,5)
0 0 0
77 (2,2)->(0,6)
0 0 0
78 (2,3)->(0,7)
0 0 0
79 (2,4)->(0,8)
0 0 0
80 (2,5)->(0,9)
0 0 0
81 (2,6)->(0,10)
0 0 0
82 (2,7)->(0,11)
0 0 0
83 (2,8)->(0,12)
0 0 0
84 (2,9)->(0,13)
0 0 0
85 (2,10)->(0,14)
0 0 0
86 (2,11)->(0,0)
0 0 0
87 (2,12)->(0,1)
0 0 0
88 (2,13)->(0,2)
0 0 0
89 (2,14)->(0,3)
0 0 0
90 (3,0)->(1,5)
0 0 0
91 (3,1)->(1,6)
0 0 0
92 (3,2)->(1,7)
0 0 0
93 (3,3)->(1,8)
0 0 0
94 (3,4)->(1,9)
0 0 0
95 (3,5)->(1,10)
0 0 0
96 (3,6)->(1,11)
0 0 0
97 (3,7)->(1,12)
0 0 0
98 (3,8)->(1,13)
0 0 0
99 (3,9)->(1,14)
0 0 0
100 (3,10)->(1,0)
0 0 0
101 (3,11)->(1,1)
0 0 0
102 (3,12)->(1,2)
0 0 0
103 (3,13)->(1,3)
0 0 0
104 (3,14)->(1,4)
0 0 0
105 (3,0)->(4,4)
0 0 0
106 (3,1)->(4,5)
0 0 0
107 (3,2)->(4,6)
0 0 0
108 (3,3)->(4,7)
0 0 0
109 (3,4)->(4,8)
0 0 0
110 (3,5)->(4,9)
0 0 0
111 (3,6)->(4,10)
0 0 0
112 (3,7)->(4,11)
0 0 0
113 (3,8)->(4,12)
0 0 0
114 (3,9)->(4,13)
0 0 0
115 (3,10)->(4,14)
0 0 0
116 (3,11)->(4,0)
0 0 0
117 (3,12)->(4,1)
0 0 0
118 (3,13)->(4,2)
0 0 0
119 (3,14)->(4,3)
0 0 0
120 (4,0)->(2,5)
0 0 0
121 (4,1)->(2,6)
0 0 0
122 (4,2)->(2,7)
1 0 1
123 (4,3)->(2,8)
1 0 1
124 (4,4)->(2,9)
1 0 1
125 (4,5)->(2,10)
1 0 1
126 (4,6)->(2,11)
1 0 1
127 (4,7)->(2,12)
1 0 1
128 (4,8)->(2,13)
1 0 1
129 (4,9)->(2,14)
1 0 1
130 (4,10)->(2,0)
1 0 0
131 (4,11)->(2,1)
1 0 0
132 (4,12)->(2,2)
1 0 0
133 (4,13)->(2,3)
1 0 0
134 (4,14)->(2,4)
0 0 0
135 (4,0)->(3,4)
0 0 0
136 (4,1)->(3,5)
0 0 0
137 (4,2)->(3,6)
1 1 1
138 (4,3)->(3,7)
1 1 1
139 (4,4)->(3,8)
1 1 1
140 (4,5)->(3,9)
1 1 1
141 (4,6)->(3,10)
1 1 1
142 (4,7)->(3,11)
1 1 1
143 (4,8)->(3,12)
1 1 1
144 (4,9)->(3,13)
1 1 1
145 (4,10)->(3,14)
1 1 1
146 (4,11)->(3,0)
1 1 1
147 (4,12)->(3,1)
1 1 1
148 (4,13)->(3,2)
1 1 1
149 (4,14)->(3,3)
0 0 0
12
0 (0,0)->(4,3)
0 0 0
1 (0,1)->(4,4)
1 0 2
2 (0,2)->(4,5)
1 0 2
3 (0,3)->(4,6)
1 0 2
4 (0,4)->(4,7)
1 0 2
5 (0,5)->(4,8)
1 0 2
6 (0,6)->(4,9)
1 0 1
7 (0,7)->(4,10)
1 0 1
8 (0,8)->(4,11)
1 0 1
9 (0,9)->(4,12)
1 0 1
10 (0,10)->(4,13)
0 0 0
11 (0,11)->(4,14)
0 0 0
12 (0,12)->(4,0)
0 0 0
13 (0,13)->(4,1)
0 0 0
14 (0,14)->(4,2)
0 0 0
15 (0,0)->(1,4)
0 0 0
16 (0,1)->(1,5)
1 0 1
17 (0,2)->(1,6)
1 0 1
18 (0,3)->(1,7)
1 0 1
19 (0,4)->(1,8)
1 0 1
20 (0,5)->(1,9)
1 0 1
21 (0,6)->(1,10)
1 0 0
22 (0,7)->(1,11)
1 0 0
23 (0,8)->(1,12)
1 0 0
24 (0,9)->(1,13)
1 0 0
25 (0,10)->(1,14)
0 0 0
26 (0,11)->(1,0)
0 0 0
27 (0,12)->(1,1)
0 0 0
28 (0,13)->(1,2)
0 0 0
29 (0,14)->(1,3)
0 0 0
30 (1,0)->(2,4)
0 0 0
31 (1,1)->(2,5)
0 0 0
32 (1,2)->(2,6)
0 0 0
33 (1,3)->(2,7)
0 0 0
34 (1,4)->(2,8)
0 0 0
35 (1,5)->(2,9)
0 0 1
36 (1,6)->(2,10)
0 0 1
37 (1,7)->(2,11)
0 0 1
38 (1,8)->(2,12)
0 0 1
39 (1,9)->(2,13)
0 0 1
40 (1,10)->(2,14)
0 0 0
41 (1,11)->(2,0)
0 0 0
42 (1,12)->(2,1)
0 0 0
43 (1,13)->(2,2)
0 0 0
44 (1,14)->(2,3)
0 0 0
45 (1,0)->(0,5)
0 0 0
46 (1,1)->(0,6)
0 0 0
47 (1,2)->(0,7)
0 0 0
48 (1,3)->(0,8)
0 0 0
49 (1,4)->(0,9)
0 0 0
50 (1,5)->(0,10)
0 0 0
51 (1,6)->(0,11)
0 0 0
52 (1,7)->(0,12)
0 0 0
53 (1,8)->(0,13)
0 0 0
54 (1,9)->(0,14)
0 0 0
55 (1,10)->(0,0)
0 0 0
56 (1,11)->(0,1)
0 0 0
57 (1,12)->(0,2)
0 0 0
58 (1,13)->(0,3)
0 0 0
59 (1,14)->(0,4)
0 0 0
60 (2,0)->(3,3)
0 0 0
61 (2,1)->(3,4)
0 0 0
62 (2,2)->(3,5)
0 0 0
63 (2,3)->(3,6)
0 0 0
64 (2,4)->(3,7)
0 0 0
65 (2,5)->(3,8)
0 1 0
66 (2,6)->(3,9)
0 1 0
67 (2,7)->(3,10)
0 1 0
68 (2,8)->(3,11)
0 1 0
69 (2,9)->(3,12)
0 1 2
70 (2,10)->(3,13)
0 1 2
71 (2,11)->(3,14)
0 1 2
72 (2,12)->(3,0)
0 1 2
73 (2,13)->(3,1)
0 1 2
74 (2,14)->(3,2)
0 0 0
75 (2,0)->(0,4)
0 0 0
76 (2,1)->(0,5)
0 0 0
77 (2,2)->(0,6)
0 0 0
78 (2,3)->(0,7)
0 0 0
79 (2,4)->(0,8)
0 0 0
80 (2,5)->(0,9)
0 0 0
81 (2,6)->(0,10)
0 0 0
82 (2,7)->(0,11)
0 0 0
83 (2,8)->(0,12)
0 0 0
84 (2,9)->(0,13)
0 0 0
85 (2,10)->(0,14)
0 0 0
86 (2,11)->(0,0)
0 0 0
87 (2,12)->(0,1)
0 0 0
88 (2,13)->(0,2)
0 0 0
89 (2,14)->(0,3)
0 0 0
90 (3,0)->(1,5)
0 0 0
91 (3,1)->(1,6)
0 0 0
92 (3,2)->(1,7)
0 0 0
93 (3,3)->(1,8)
0 0 0
94 (3,4)->(1,9)
0 0 0
95 (3,5)->(1,10)
0 0 0
96 (3,6)->(1,11)
0 0 0
97 (3,7)->(1,12)
0 0 0
98 (3,8)->(1,13)
0 0 0
99 (3,9)->(1,14)
0 0 0
100 (3,10)->(1,0)
0 0 0
101 (3,11)->(1,1)
0 0 0
102 (3,12)->(1,2)
0 0 0
103 (3,13)->(1,3)
0 0 0
104 (3,14)->(1,4)
0 0 0
105 (3,0)->(4,4)
0 0 0
106 (3,1)->(4,5)
0 0 0
107 (3,2)->(4,6)
0 0 0
108 (3,3)->(4,7)
0 0 0
109 (3,4)->(4,8)
0 0 0
110 (3,5)->(4,9)
0 0 0
111 (3,6)->(4,10)
0 0 0
112 (3,7)->(4,11)
0 0 0
113 (3,8)->(4,12)
0 0 0
114 (3,9)->(4,13)
0 0 0
115 (3,10)->(4,14)
0 0 0
116 (3,11)->(4,0)
0 0 0
117 (3,12)->(4,1)
0 0 0
118 (3,13)->(4,2)
0 0 0
119 (3,14)->(4,3)
0 0 0
120 (4,0)->(2,5)
0 0 0
121 (4,1)->(2,6)
0 0 0
122 (4,2)->(2,7)
0 0 0
123 (4,3)->(2,8)
0 0 0
124 (4,4)->(2,9)
0 0 1
125 (4,5)->(2,10)
0 0 1
126 (4,6)->(2,11)
0 0 1
127 (4,7)->(2,12)
0 0 1
128 (4,8)->(2,13)
0 0 1
129 (4,9)->(2,14)
0 0 0
130 (4,10)->(2,0)
0 0 0
131 (4,11)->(2,1)
0 0 0
132 (4,12)->(2,2)
0 0 0
133 (4,13)->(2,3)
0 0 0
134 (4,14)->(2,4)
0 0 0
135 (4,0)->(3,4)
0 0 0
136 (4,1)->(3,5)
0 0 0
137 (4,2)->(3,6)
0 0 0
138 (4,3)->(3,7)
0 0 0
139 (4,4)->(3,8)
0 1 1
140 (4,5)->(3,9)
0 1 1
141 (4,6)->(3,10)
0 1 1
142 (4,7)->(3,11)
0 1 1
143 (4,8)->(3,12)
0 1 1
144 (4,9)->(3,13)
0 1 1
145 (4,10)->(3,14)
0 1 1
146 (4,11)->(3,0)
0 1 1
147 (4,12)->(3,1)
0 1 1
148 (4,13)->(3,2)
0 0 0
149 (4,14)->(3,3)
0 0 0
13
0 (0,0)->(4,3)
0 0 0
1 (0,1)->(4,4)
0 0 0
2 (0,2)->(4,5)
0 0 0
3 (0,3)->(4,6)
0 0 0
4 (0,4)->(4,7)
0 0 0
5 (0,5)->(4,8)
0 0 0
6 (0,6)->(4,9)
0 0 0
7 (0,7)->(4,10)
0 0 0
8 (0,8)->(4,11)
0 0 0
9 (0,9)->(4,12)
0 0 0
10 (0,10)->(4,13)
0 0 0
11 (0,11)->(4,14)
0 0 0
12 (0,12)->(4,0)
0 0 0
13 (0,13)->(4,1)
0 0 0
14 (0,14)->(4,2)
0 0 0
15 (0,0)->(1,4)
0 0 0
16 (0,1)->(1,5)
0 0 0
17 (0,2)->(1,6)
0 0 0
18 (0,3)->(1,7)
0 0 0
19 (0,4)->(1,8)
0 0 0
20 (0,5)->(1,9)
0 0 0
21 (0,6)->(1,10)
0 0 0
22 (0,7)->(1,11)
0 0 0
23 (0,8)->(1,12)
0 0 0
24 (0,9)->(1,13)
0 0 0
25 (0,10)->(1,14)
0 0 0
26 (0,11)->(1,0)
0 0 0
27 (0,12)->(1,1)
0 0 0
28 (0,13)->(1,2)
0 0 0
29 (0,14)->(1,3)
0 0 0
30 (1,0)->(2,4)
0 1 0
31 (1,1)->(2,5)
0 1 0
32 (1,2)->(2,6)
0 1 0
33 (1,3)->(2,7)
0 1 1
34 (1,4)->(2,8)
0 1 1
35 (1,5)->(2,9)
0 1 1
36 (1,6)->(2,10)
0 0 0
37 (1,7)->(2,11)
0 0 0
38 (1,8)->(2,12)
0 0 0
39 (1,9)->(2,13)
0 0 0
40 (1,10)->(2,14)
0 1 0
41 (1,11)->(2,0)
0 1 0
42 (1,12)->(2,1)
0 1 0
43 (1,13)->(2,2)
0 1 0
44 (1,14)->(2,3)
0 1 0
45 (1,0)->(0,5)
0 0 0
46 (1,1)->(0,6)
0 0 0
47 (1,2)->(0,7)
0 0 0
48 (1,3)->(0,8)
0 0 0
49 (1,4)->(0,9)
0 0 0
50 (1,5)->(0,10)
0 0 0
51 (1,6)->(0,11)
0 0 0
52 (1,7)->(0,12)
0 0 0
53 (1,8)->(0,13)
0 0 0
54 (1,9)->(0,14)
0 0 0
55 (1,10)->(0,0)
0 0 0
56 (1,11)->(0,1)
0 0 0
57 (1,12)->(0,2)
0 0 0
58 (1,13)->(0,3)
0 0 0
59 (1,14)->(0,4)
0 0 0
60 (2,0)->(3,3)
0 0 0
61 (2,1)->(3,4)
0 0 0
62 (2,2)->(3,5)
0 0 0
63 (2,3)->(3,6)
0 0 0
64 (2,4)->(3,7)
0 0 0
65 (2,5)->(3,8)
0 0 0
66 (2,6)->(3,9)
0 0 0
67 (2,7)->(3,10)
0 0 0
68 (2,8)->(3,11)
0 0 0
69 (2,9)->(3,12)
0 0 0
70 (2,10)->(3,13)
0 0 0
71 (2,11)->(3,14)
0 0 0
72 (2,12)->(3,0)
0 0 0
73 (2,13)->(3,1)
0 0 0
74 (2,14)->(3,2)
0 0 0
75 (2,0)->(0,4)
0 0 0
76 (2,1)->(0,5)
0 0 0
77 (2,2)->(0,6)
0 0 0
78 (2,3)->(0,7)
0 0 0
79 (2,4)->(0,8)
0 0 0
80 (2,5)->(0,9)
0 0 0
81 (2,6)->(0,10)
0 0 0
82 (2,7)->(0,11)
0 0 0
83 (2,8)->(0,12)
0 0 0
84 (2,9)->(0,13)
0 0 0
85 (2,10)->(0,14)
0 0 0
86 (2,11)->(0,0)
0 0 0
87 (2,12)->(0,1)
0 0 0
88 (2,13)->(0,2)
0 0 0
89 (2,14)->(0,3)
0 0 0
90 (3,0)->(1,5)
0 0 1
91 (3,1)->(1,6)
0 0 0
92 (3,2)->(1,7)
0 0 0
93 (3,3)->(1,8)
0 0 0
94 (3,4)->(1,9)
0 0 0
95 (3,5)->(1,10)
0 0 0
96 (3,6)->(1,11)
0 0 0
97 (3,7)->(1,12)
0 0 0
98 (3,8)->(1,13)
0 0 0
99 (3,9)->(1,14)
0 0 0
100 (3,10)->(1,0)
0 0 0
101 (3,11)->(1,1)
0 0 0
102 (3,12)->(1,2)
0 0 0
103 (3,13)->(1,3)
0 0 1
104 (3,14)->(1,4)
0 0 1
105 (3,0)->(4,4)
0 0 0
106 (3,1)->(4,5)
0 0 0
107 (3,2)->(4,6)
0 0 0
108 (3,3)->(4,7)
0 0 0
109 (3,4)->(4,8)
0 0 0
110 (3,5)->(4,9)
0 0 0
111 (3,6)->(4,10)
0 0 0
112 (3,7)->(4,11)
0 0 0
113 (3,8)->(4,12)
0 0 0
114 (3,9)->(4,13)
0 0 0
115 (3,10)->(4,14)
0 0 0
116 (3,11)->(4,0)
0 0 0
117 (3,12)->(4,1)
0 0 0
118 (3,13)->(4,2)
0 0 0
119 (3,14)->(4,3)
0 0 0
120 (4,0)->(2,5)
1 1 1
121 (4,1)->(2,6)
1 1 1
122 (4,2)->(2,7)
1 1 1
123 (4,3)->(2,8)
1 1 1
124 (4,4)->(2,9)
1 1 1
125 (4,5)->(2,10)
0 0 0
126 (4,6)->(2,11)
0 0 0
127 (4,7)->(2,12)
0 0 0
128 (4,8)->(2,13)
0 0 0
129 (4,9)->(2,14)
1 1 1
130 (4,10)->(2,0)
1 1 1
131 (4,11)->(2,1)
1 1 1
132 (4,12)->(2,2)
1 1 1
133 (4,13)->(2,3)
1 1 1
134 (4,14)->(2,4)
1 1 1
135 (4,0)->(3,4)
1 0 0
136 (4,1)->(3,5)
1 0 0
137 (4,2)->(3,6)
1 0 0
138 (4,3)->(3,7)
1 0 0
139 (4,4)->(3,8)
1 0 0
140 (4,5)->(3,9)
0 0 0
141 (4,6)->(3,10)
0 0 0
142 (4,7)->(3,11)
0 0 0
143 (4,8)->(3,12)
0 0 0
144 (4,9)->(3,13)
1 0 1
145 (4,10)->(3,14)
1 0 1
146 (4,11)->(3,0)
1 0 1
147 (4,12)->(3,1)
1 0 0
148 (4,13)->(3,2)
1 0 0
149 (4,14)->(3,3)
1 0 0
14
0 (0,0)->(4,3)
0 0 0
1 (0,1)->(4,4)
0 0 0
2 (0,2)->(4,5)
0 0 0
3 (0,3)->(4,6)
0 0 0
4 (0,4)->(4,7)
0 0 0
5 (0,5)->(4,8)
0 0 0
6 (0,6)->(4,9)
0 0 0
7 (0,7)->(4,10)
0 0 0
8 (0,8)->(4,11)
0 0 0
9 (0,9)->(4,12)
0 0 0
10 (0,10)->(4,13)
0 0 0
11 (0,11)->(4,14)
0 0 0
12 (0,12)->(4,0)
0 0 0
13 (0,13)->(4,1)
0 0 0
14 (0,14)->(4,2)
0 0 0
15 (0,0)->(1,4)
0 0 0
16 (0,1)->(1,5)
0 0 0
17 (0,2)->(1,6)
0 0 0
18 (0,3)->(1,7)
0 1 0
19 (0,4)->(1,8)
0 1 0
20 (0,5)->(1,9)
0 1 0
21 (0,6)->(1,10)
0 1 0
22 (0,7)->(1,11)
0 1 1
23 (0,8)->(1,12)
0 1 1
24 (0,9)->(1,13)
0 1 1
25 (0,10)->(1,14)
0 0 0
26 (0,11)->(1,0)
0 0 0
27 (0,12)->(1,1)
0 0 0
28 (0,13)->(1,2)
0 0 0
29 (0,14)->(1,3)
0 0 0
30 (1,0)->(2,4)
0 0 0
31 (1,1)->(2,5)
0 0 0
32 (1,2)->(2,6)
0 0 0
33 (1,3)->(2,7)
0 0 0
34 (1,4)->(2,8)
0 0 0
35 (1,5)->(2,9)
0 0 0
36 (1,6)->(2,10)
0 0 0
37 (1,7)->(2,11)
0 0 0
38 (1,8)->(2,12)
0 0 0
39 (1,9)->(2,13)
0 0 0
40 (1,10)->(2,14)
0 0 0
41 (1,11)->(2,0)
0 0 0
42 (1,12)->(2,1)
0 0 0
43 (1,13)->(2,2)
0 0 0
44 (1,14)->(2,3)
0 0 0
45 (1,0)->(0,5)
0 0 0
46 (1,1)->(0,6)
0 0 0
47 (1,2)->(0,7)
0 0 0
48 (1,3)->(0,8)
0 0 0
49 (1,4)->(0,9)
0 0 0
50 (1,5)->(0,10)
0 0 0
51 (1,6)->(0,11)
0 0 0
52 (1,7)->(0,12)
0 0 0
53 (1,8)->(0,13)
0 0 0
54 (1,9)->(0,14)
0 0 0
55 (1,10)->(0,0)
0 0 0
56 (1,11)->(0,1)
0 0 0
57 (1,12)->(0,2)
0 0 0
58 (1,13)->(0,3)
0 0 0
59 (1,14)->(0,4)
0 0 0
60 (2,0)->(3,3)
0 0 0
61 (2,1)->(3,4)
0 0 0
62 (2,2)->(3,5)
0 0 0
63 (2,3)->(3,6)
0 0 1
64 (2,4)->(3,7)
0 0 1
65 (2,5)->(3,8)
0 0 1
66 (2,6)->(3,9)
0 0 0
67 (2,7)->(3,10)
0 0 0
68 (2,8)->(3,11)
0 0 0
69 (2,9)->(3,12)
0 0 0
70 (2,10)->(3,13)
0 0 0
71 (2,11)->(3,14)
0 0 0
72 (2,12)->(3,0)
0 0 0
73 (2,13)->(3,1)
0 0 0
74 (2,14)->(3,2)
0 0 0
75 (2,0)->(0,4)
0 0 0
76 (2,1)->(0,5)
0 0 0
77 (2,2)->(0,6)
0 0 0
78 (2,3)->(0,7)
0 0 1
79 (2,4)->(0,8)
0 0 1
80 (2,5)->(0,9)
0 0 1
81 (2,6)->(0,10)
0 0 0
82 (2,7)->(0,11)
0 0 0
83 (2,8)->(0,12)
0 0 0
84 (2,9)->(0,13)
0 0 0
85 (2,10)->(0,14)
0 0 0
86 (2,11)->(0,0)
0 0 0
87 (2,12)->(0,1)
0 0 0
88 (2,13)->(0,2)
0 0 0
89 (2,14)->(0,3)
0 0 0
90 (3,0)->(1,5)
0 0 0
91 (3,1)->(1,6)
0 0 0
92 (3,2)->(1,7)
0 1 1
93 (3,3)->(1,8)
0 1 1
94 (3,4)->(1,9)
0 1 1
95 (3,5)->(1,10)
0 1 1
96 (3,6)->(1,11)
0 1 2
97 (3,7)->(1,12)
0 1 2
98 (3,8)->(1,13)
0 1 2
99 (3,9)->(1,14)
0 0 0
100 (3,10)->(1,0)
0 0 0
101 (3,11)->(1,1)
0 0 0
102 (3,12)->(1,2)
0 0 0
103 (3,13)->(1,3)
0 0 0
104 (3,14)->(1,4)
0 0 0
105 (3,0)->(4,4)
0 0 0
106 (3,1)->(4,5)
0 0 0
107 (3,2)->(4,6)
0 0 0
108 (3,3)->(4,7)
0 0 0
109 (3,4)->(4,8)
0 0 0
110 (3,5)->(4,9)
0 0 0
111 (3,6)->(4,10)
0 0 0
112 (3,7)->(4,11)
0 0 0
113 (3,8)->(4,12)
0 0 0
114 (3,9)->(4,13)
0 0 0
115 (3,10)->(4,14)
0 0 0
116 (3,11)->(4,0)
0 0 0
117 (3,12)->(4,1)
0 0 0
118 (3,13)->(4,2)
0 0 0
119 (3,14)->(4,3)
0 0 0
120 (4,0)->(2,5)
1 0 2
121 (4,1)->(2,6)
1 0 0
122 (4,2)->(2,7)
1 0 0
123 (4,3)->(2,8)
1 0 0
124 (4,4)->(2,9)
1 0 0
125 (4,5)->(2,10)
0 0 0
126 (4,6)->(2,11)
0 0 0
127 (4,7)->(2,12)
0 0 0
128 (4,8)->(2,13)
0 0 0
129 (4,9)->(2,14)
0 0 0
130 (4,10)->(2,0)
0 0 0
131 (4,11)->(2,1)
0 0 0
132 (4,12)->(2,2)
0 0 0
133 (4,13)->(2,3)
1 0 2
134 (4,14)->(2,4)
1 0 2
135 (4,0)->(3,4)
1 0 1
136 (4,1)->(3,5)
1 0 1
137 (4,2)->(3,6)
1 0 1
138 (4,3)->(3,7)
1 0 1
139 (4,4)->(3,8)
1 0 1
140 (4,5)->(3,9)
0 0 0
141 (4,6)->(3,10)
0 0 0
142 (4,7)->(3,11)
0 0 0
143 (4,8)->(3,12)
0 0 0
144 (4,9)->(3,13)
0 0 0
145 (4,10)->(3,14)
0 0 0
146 (4,11)->(3,0)
0 0 0
147 (4,12)->(3,1)
0 0 0
148 (4,13)->(3,2)
1 0 1
149 (4,14)->(3,3)
1 0 1
15
0 (0,0)->(4,3)
0 0 0
1 (0,1)->(4,4)
0 0 0
2 (0,2)->(4,5)
0 0 0
3 (0,3)->(4,6)
0 0 0
4 (0,4)->(4,7)
0 0 0
5 (0,5)->(4,8)
0 0 0
6 (0,6)->(4,9)
0 0 0
7 (0,7)->(4,10)
0 0 0
8 (0,8)->(4,11)
0 0 0
9 (0,9)->(4,12)
0 0 0
10 (0,10)->(4,13)
0 0 0
11 (0,11)->(4,14)
0 0 0
12 (0,12)->(4,0)
0 0 0
13 (0,13)->(4,1)
0 0 0
14 (0,14)->(4,2)
0 0 0
15 (0,0)->(1,4)
0 0 0
16 (0,1)->(1,5)
0 0 0
17 (0,2)->(1,6)
0 0 0
18 (0,3)->(1,7)
0 0 0
19 (0,4)->(1,8)
0 0 0
20 (0,5)->(1,9)
0 0 0
21 (0,6)->(1,10)
0 0 0
22 (0,7)->(1,11)
0 0 0
23 (0,8)->(1,12)
0 0 0
24 (0,9)->(1,13)
0 0 0
25 (0,10)->(1,14)
0 0 0
26 (0,11)->(1,0)
0 0 0
27 (0,12)->(1,1)
0 0 0
28 (0,13)->(1,2)
0 0 0
29 (0,14)->(1,3)
0 0 0
30 (1,0)->(2,4)
0 0 0
31 (1,1)->(2,5)
0 0 0
32 (1,2)->(2,6)
0 0 0
33 (1,3)->(2,7)
0 0 0
34 (1,4)->(2,8)
0 0 0
35 (1,5)->(2,9)
0 0 0
36 (1,6)->(2,10)
0 0 0
37 (1,7)->(2,11)
0 0 0
38 (1,8)->(2,12)
0 0 0
39 (1,9)->(2,13)
0 0 0
40 (1,10)->(2,14)
0 0 0
41 (1,11)->(2,0)
0 0 0
42 (1,12)->(2,1)
0 0 0
43 (1,13)->(2,2)
0 0 0
44 (1,14)->(2,3)
0 0 0
45 (1,0)->(0,5)
0 1 0
46 (1,1)->(0,6)
0 1 0
47 (1,2)->(0,7)
0 1 1
48 (1,3)->(0,8)
0 1 1
49 (1,4)->(0,9)
0 1 1
50 (1,5)->(0,10)
0 0 0
51 (1,6)->(0,11)
0 0 0
52 (1,7)->(0,12)
0 0 0
53 (1,8)->(0,13)
0 1 0
54 (1,9)->(0,14)
0 1 0
55 (1,10)->(0,0)
0 1 0
56 (1,11)->(0,1)
0 1 0
57 (1,12)->(0,2)
0 1 0
58 (1,13)->(0,3)
0 1 0
59 (1,14)->(0,4)
0 1 0
60 (2,0)->(3,3)
1 0 0
61 (2,1)->(3,4)
1 0 0
62 (2,2)->(3,5)
1 0 0
63 (2,3)->(3,6)
1 0 0
64 (2,4)->(3,7)
1 0 0
65 (2,5)->(3,8)
1 0 0
66 (2,6)->(3,9)
0 0 0
67 (2,7)->(3,10)
0 0 0
68 (2,8)->(3,11)
0 0 0
69 (2,9)->(3,12)
1 0 1
70 (2,10)->(3,13)
1 0 1
71 (2,11)->(3,14)
1 0 1
72 (2,12)->(3,0)
1 0 0
73 (2,13)->(3,1)
1 0 0
74 (2,14)->(3,2)
1 0 0
75 (2,0)->(0,4)
1 1 1
76 (2,1)->(0,5)
1 1 1
77 (2,2)->(0,6)
1 1 1
78 (2,3)->(0,7)
1 1 1
79 (2,4)->(0,8)
1 1 1
80 (2,5)->(0,9)
1 1 1
81 (2,6)->(0,10)
0 0 0
82 (2,7)->(0,11)
0 0 0
83 (2,8)->(0,12)
0 0 0
84 (2,9)->(0,13)
1 1 1
85 (2,10)->(0,14)
1 1 1
86 (2,11)->(0,0)
1 1 1
87 (2,12)->(0,1)
1 1 1
88 (2,13)->(0,2)
1 1 1
89 (2,14)->(0,3)
1 1 1
90 (3,0)->(1,5)
0 0 0
91 (3,1)->(1,6)
0 0 0
92 (3,2)->(1,7)
0 0 0
93 (3,3)->(1,8)
0 0 0
94 (3,4)->(1,9)
0 0 0
95 (3,5)->(1,10)
0 0 0
96 (3,6)->(1,11)
0 0 0
97 (3,7)->(1,12)
0 0 0
98 (3,8)->(1,13)
0 0 0
99 (3,9)->(1,14)
0 0 0
100 (3,10)->(1,0)
0 0 0
101 (3,11)->(1,1)
0 0 0
102 (3,12)->(1,2)
0 0 1
103 (3,13)->(1,3)
0 0 1
104 (3,14)->(1,4)
0 0 1
105 (3,0)->(4,4)
0 0 0
106 (3,1)->(4,5)
0 0 0
107 (3,2)->(4,6)
0 0 0
108 (3,3)->(4,7)
0 0 0
109 (3,4)->(4,8)
0 0 0
110 (3,5)->(4,9)
0 0 0
111 (3,6)->(4,10)
0 0 0
112 (3,7)->(4,11)
0 0 0
113 (3,8)->(4,12)
0 0 0
114 (3,9)->(4,13)
0 0 0
115 (3,10)->(4,14)
0 0 0
116 (3,11)->(4,0)
0 0 0
117 (3,12)->(4,1)
0 0 0
118 (3,13)->(4,2)
0 0 0
119 (3,14)->(4,3)
0 0 0
120 (4,0)->(2,5)
0 0 0
121 (4,1)->(2,6)
0 0 0
122 (4,2)->(2,7)
0 0 0
123 (4,3)->(2,8)
0 0 0
124 (4,4)->(2,9)
0 0 0
125 (4,5)->(2,10)
0 0 0
126 (4,6)->(2,11)
0 0 0
127 (4,7)->(2,12)
0 0 0
128 (4,8)->(2,13)
0 0 0
129 (4,9)->(2,14)
0 0 0
130 (4,10)->(2,0)
0 0 0
131 (4,11)->(2,1)
0 0 0
132 (4,12)->(2,2)
0 0 0
133 (4,13)->(2,3)
0 0 0
134 (4,14)->(2,4)
0 0 0
135 (4,0)->(3,4)
0 0 0
136 (4,1)->(3,5)
0 0 0
137 (4,2)->(3,6)
0 0 0
138 (4,3)->(3,7)
0 0 0
139 (4,4)->(3,8)
0 0 0
140 (4,5)->(3,9)
0 0 0
141 (4,6)->(3,10)
0 0 0
142 (4,7)->(3,11)
0 0 0
143 (4,8)->(3,12)
0 0 0
144 (4,9)->(3,13)
0 0 0
145 (4,10)->(3,14)
0 0 0
146 (4,11)->(3,0)
0 0 0
147 (4,12)->(3,1)
0 0 0
148 (4,13)->(3,2)
0 0 0
149 (4,14)->(3,3)
0 0 0
16
0 (0,0)->(4,3)
0 0 0
1 (0,1)->(4,4)
0 0 0
2 (0,2)->(4,5)
0 0 0
3 (0,3)->(4,6)
0 0 1
4 (0,4)->(4,7)
0 0 1
5 (0,5)->(4,8)
0 0 1
6 (0,6)->(4,9)
0 0 1
7 (0,7)->(4,10)
0 0 1
8 (0,8)->(4,11)
0 0 0
9 (0,9)->(4,12)
0 0 0
10 (0,10)->(4,13)
0 0 0
11 (0,11)->(4,14)
0 0 0
12 (0,12)->(4,0)
0 0 0
13 (0,13)->(4,1)
0 0 0
14 (0,14)->(4,2)
0 0 0
15 (0,0)->(1,4)
0 0 0
16 (0,1)->(1,5)
0 0 0
17 (0,2)->(1,6)
0 0 0
18 (0,3)->(1,7)
0 0 0
19 (0,4)->(1,8)
0 0 0
20 (0,5)->(1,9)
0 0 0
21 (0,6)->(1,10)
0 0 0
22 (0,7)->(1,11)
0 0 0
23 (0,8)->(1,12)
0 0 0
24 (0,9)->(1,13)
0 0 0
25 (0,10)->(1,14)
0 0 0
26 (0,11)->(1,0)
0 0 0
27 (0,12)->(1,1)
0 0 0
28 (0,13)->(1,2)
0 0 0
29 (0,14)->(1,3)
0 0 0
30 (1,0)->(2,4)
0 0 0
31 (1,1)->(2,5)
0 0 0
32 (1,2)->(2,6)
0 0 0
33 (1,3)->(2,7)
0 0 0
34 (1,4)->(2,8)
0 0 0
35 (1,5)->(2,9)
0 0 0
36 (1,6)->(2,10)
0 0 0
37 (1,7)->(2,11)
0 0 0
38 (1,8)->(2,12)
0 0 0
39 (1,9)->(2,13)
0 0 0
40 (1,10)->(2,14)
0 0 0
41 (1,11)->(2,0)
0 0 0
42 (1,12)->(2,1)
0 0 0
43 (1,13)->(2,2)
0 0 0
44 (1,14)->(2,3)
0 0 0
45 (1,0)->(0,5)
0 0 0
46 (1,1)->(0,6)
0 0 0
47 (1,2)->(0,7)
0 0 0
48 (1,3)->(0,8)
0 0 0
49 (1,4)->(0,9)
0 0 0
50 (1,5)->(0,10)
0 0 0
51 (1,6)->(0,11)
0 0 0
52 (1,7)->(0,12)
0 0 0
53 (1,8)->(0,13)
0 0 0
54 (1,9)->(0,14)
0 0 0
55 (1,10)->(0,0)
0 0 0
56 (1,11)->(0,1)
0 0 0
57 (1,12)->(0,2)
0 0 0
58 (1,13)->(0,3)
0 0 0
59 (1,14)->(0,4)
0 0 0
60 (2,0)->(3,3)
1 1 1
61 (2,1)->(3,4)
1 1 1
62 (2,2)->(3,5)
1 1 1
63 (2,3)->(3,6)
1 1 1
64 (2,4)->(3,7)
1 1 1
65 (2,5)->(3,8)
1 1 1
66 (2,6)->(3,9)
1 1 1
67 (2,7)->(3,10)
1 1 1
68 (2,8)->(3,11)
1 1 1
69 (2,9)->(3,12)
1 1 1
70 (2,10)->(3,13)
1 1 1
71 (2,11)->(3,14)
1 1 1
72 (2,12)->(3,0)
0 0 0
73 (2,13)->(3,1)
0 0 0
74 (2,14)->(3,2)
1 1 1
75 (2,0)->(0,4)
1 0 1
76 (2,1)->(0,5)
1 0 1
77 (2,2)->(0,6)
1 0 1
78 (2,3)->(0,7)
1 0 1
79 (2,4)->(0,8)
1 0 0
80 (2,5)->(0,9)
1 0 0
81 (2,6)->(0,10)
1 0 0
82 (2,7)->(0,11)
1 0 0
83 (2,8)->(0,12)
1 0 0
84 (2,9)->(0,13)
1 0 0
85 (2,10)->(0,14)
1 0 0
86 (2,11)->(0,0)
1 0 0
87 (2,12)->(0,1)
0 0 0
88 (2,13)->(0,2)
0 0 0
89 (2,14)->(0,3)
1 0 1
90 (3,0)->(1,5)
0 0 0
91 (3,1)->(1,6)
0 0 0
92 (3,2)->(1,7)
0 0 0
93 (3,3)->(1,8)
0 0 0
94 (3,4)->(1,9)
0 0 0
95 (3,5)->(1,10)
0 0 0
96 (3,6)->(1,11)
0 0 0
97 (3,7)->(1,12)
0 0 0
98 (3,8)->(1,13)
0 0 0
99 (3,9)->(1,14)
0 0 0
100 (3,10)->(1,0)
0 0 0
101 (3,11)->(1,1)
0 0 0
102 (3,12)->(1,2)
0 0 0
103 (3,13)->(1,3)
0 0 0
104 (3,14)->(1,4)
0 0 0
105 (3,0)->(4,4)
0 0 0
106 (3,1)->(4,5)
0 0 0
107 (3,2)->(4,6)
0 0 0
108 (3,3)->(4,7)
0 0 0
109 (3,4)->(4,8)
0 0 0
110 (3,5)->(4,9)
0 0 0
111 (3,6)->(4,10)
0 0 0
112 (3,7)->(4,11)
0 0 0
113 (3,8)->(4,12)
0 0 0
114 (3,9)->(4,13)
0 0 0
115 (3,10)->(4,14)
0 0 0
116 (3,11)->(4,0)
0 0 0
117 (3,12)->(4,1)
0 0 0
118 (3,13)->(4,2)
0 0 0
119 (3,14)->(4,3)
0 0 0
120 (4,0)->(2,5)
0 0 0
121 (4,1)->(2,6)
0 0 0
122 (4,2)->(2,7)
0 0 0
123 (4,3)->(2,8)
0 0 0
124 (4,4)->(2,9)
0 0 0
125 (4,5)->(2,10)
0 0 0
126 (4,6)->(2,11)
0 0 0
127 (4,7)->(2,12)
0 0 0
128 (4,8)->(2,13)
0 0 0
129 (4,9)->(2,14)
0 0 0
130 (4,10)->(2,0)
0 0 0
131 (4,11)->(2,1)
0 0 0
132 (4,12)->(2,2)
0 0 0
133 (4,13)->(2,3)
0 0 0
134 (4,14)->(2,4)
0 0 0
135 (4,0)->(3,4)
0 1 0
136 (4,1)->(3,5)
0 1 0
137 (4,2)->(3,6)
0 1 0
138 (4,3)->(3,7)
0 1 0
139 (4,4)->(3,8)
0 1 0
140 (4,5)->(3,9)
0 1 0
141 (4,6)->(3,10)
0 1 1
142 (4,7)->(3,11)
0 1 1
143 (4,8)->(3,12)
0 1 1
144 (4,9)->(3,13)
0 1 1
145 (4,10)->(3,14)
0 1 1
146 (4,11)->(3,0)
0 0 0
147 (4,12)->(3,1)
0 0 0
148 (4,13)->(3,2)
0 1 0
149 (4,14)->(3,3)
0 1 0
17
0 (0,0)->(4,3)
0 0 0
1 (0,1)->(4,4)
0 0 0
2 (0,2)->(4,5)
0 0 0
3 (0,3)->(4,6)
0 0 0
4 (0,4)->(4,7)
0 0 0
5 (0,5)->(4,8)
0 0 0
6 (0,6)->(4,9)
0 0 0
7 (0,7)->(4,10)
0 0 0
8 (0,8)->(4,11)
0 0 0
9 (0,9)->(4,12)
0 0 0
10 (0,10)->(4,13)
0 0 0
11 (0,11)->(4,14)
0 0 0
12 (0,12)->(4,0)
0 0 0
13 (0,13)->(4,1)
0 0 0
14 (0,14)->(4,2)
0 0 0
15 (0,0)->(1,4)
0 1 0
16 (0,1)->(1,5)
0 1 0
17 (0,2)->(1,6)
0 1 0
18 (0,3)->(1,7)
0 1 0
19 (0,4)->(1,8)
0 1 0
20 (0,5)->(1,9)
0 1 0
21 (0,6)->(1,10)
0 1 0
22 (0,7)->(1,11)
0 1 0
23 (0,8)->(1,12)
0 1 0
24 (0,9)->(1,13)
0 1 0
25 (0,10)->(1,14)
0 0 0
26 (0,11)->(1,0)
0 0 0
27 (0,12)->(1,1)
0 0 0
28 (0,13)->(1,2)
0 0 0
29 (0,14)->(1,3)
0 1 0
30 (1,0)->(2,4)
0 0 0
31 (1,1)->(2,5)
0 0 0
32 (1,2)->(2,6)
0 0 0
33 (1,3)->(2,7)
0 0 0
34 (1,4)->(2,8)
0 0 0
35 (1,5)->(2,9)
0 0 0
36 (1,6)->(2,10)
0 0 0
37 (1,7)->(2,11)
0 0 0
38 (1,8)->(2,12)
0 0 0
39 (1,9)->(2,13)
0 0 0
40 (1,10)->(2,14)
0 0 0
41 (1,11)->(2,0)
0 0 0
42 (1,12)->(2,1)
0 0 0
43 (1,13)->(2,2)
0 0 0
44 (1,14)->(2,3)
0 0 0
45 (1,0)->(0,5)
0 0 0
46 (1,1)->(0,6)
0 0 0
47 (1,2)->(0,7)
0 0 0
48 (1,3)->(0,8)
0 0 0
49 (1,4)->(0,9)
0 0 0
50 (1,5)->(0,10)
0 0 0
51 (1,6)->(0,11)
0 0 0
52 (1,7)->(0,12)
0 0 0
53 (1,8)->(0,13)
0 0 0
54 (1,9)->(0,14)
0 0 0
55 (1,10)->(0,0)
0 0 0
56 (1,11)->(0,1)
0 0 0
57 (1,12)->(0,2)
0 0 0
58 (1,13)->(0,3)
0 0 0
59 (1,14)->(0,4)
0 0 0
60 (2,0)->(3,3)
0 0 0
61 (2,1)->(3,4)
0 0 0
62 (2,2)->(3,5)
0 0 0
63 (2,3)->(3,6)
0 0 0
64 (2,4)->(3,7)
0 0 0
65 (2,5)->(3,8)
0 0 0
66 (2,6)->(3,9)
0 0 0
67 (2,7)->(3,10)
0 0 0
68 (2,8)->(3,11)
0 0 0
69 (2,9)->(3,12)
0 0 0
70 (2,10)->(3,13)
0 0 0
71 (2,11)->(3,14)
0 0 0
72 (2,12)->(3,0)
0 0 0
73 (2,13)->(3,1)
0 0 0
74 (2,14)->(3,2)
0 0 0
75 (2,0)->(0,4)
0 0 0
76 (2,1)->(0,5)
0 0 0
77 (2,2)->(0,6)
0 0 0
78 (2,3)->(0,7)
0 0 0
79 (2,4)->(0,8)
0 0 0
80 (2,5)->(0,9)
0 0 0
81 (2,6)->(0,10)
0 0 0
82 (2,7)->(0,11)
0 0 0
83 (2,8)->(0,12)
0 0 0
84 (2,9)->(0,13)
0 0 0
85 (2,10)->(0,14)
0 0 0
86 (2,11)->(0,0)
0 0 0
87 (2,12)->(0,1)
0 0 0
88 (2,13)->(0,2)
0 0 0
89 (2,14)->(0,3)
0 0 0
90 (3,0)->(1,5)
1 1 1
91 (3,1)->(1,6)
1 1 1
92 (3,2)->(1,7)
1 1 1
93 (3,3)->(1,8)
1 1 1
94 (3,4)->(1,9)
1 1 1
95 (3,5)->(1,10)
1 1 1
96 (3,6)->(1,11)
1 1 1
97 (3,7)->(1,12)
1 1 1
98 (3,8)->(1,13)
1 1 1
99 (3,9)->(1,14)
0 0 0
100 (3,10)->(1,0)
0 0 0
101 (3,11)->(1,1)
0 0 0
102 (3,12)->(1,2)
0 0 0
103 (3,13)->(1,3)
1 1 1
104 (3,14)->(1,4)
1 1 1
105 (3,0)->(4,4)
1 0 0
106 (3,1)->(4,5)
1 0 0
107 (3,2)->(4,6)
1 0 0
108 (3,3)->(4,7)
1 0 0
109 (3,4)->(4,8)
1 0 0
110 (3,5)->(4,9)
1 0 0
111 (3,6)->(4,10)
1 0 0
112 (3,7)->(4,11)
1 0 0
113 (3,8)->(4,12)
1 0 0
114 (3,9)->(4,13)
0 0 0
115 (3,10)->(4,14)
0 0 0
116 (3,11)->(4,0)
0 0 0
117 (3,12)->(4,1)
0 0 0
118 (3,13)->(4,2)
1 0 0
119 (3,14)->(4,3)
1 0 0
120 (4,0)->(2,5)
0 0 0
121 (4,1)->(2,6)
0 0 0
122 (4,2)->(2,7)
0 0 0
123 (4,3)->(2,8)
0 0 0
124 (4,4)->(2,9)
0 0 0
125 (4,5)->(2,10)
0 0 0
126 (4,6)->(2,11)
0 0 0
127 (4,7)->(2,12)
0 0 0
128 (4,8)->(2,13)
0 0 0
129 (4,9)->(2,14)
0 0 0
130 (4,10)->(2,0)
0 0 0
131 (4,11)->(2,1)
0 0 0
132 (4,12)->(2,2)
0 0 0
133 (4,13)->(2,3)
0 0 0
134 (4,14)->(2,4)
0 0 0
135 (4,0)->(3,4)
0 0 0
136 (4,1)->(3,5)
0 0 0
137 (4,2)->(3,6)
0 0 0
138 (4,3)->(3,7)
0 0 0
139 (4,4)->(3,8)
0 0 0
140 (4,5)->(3,9)
0 0 0
141 (4,6)->(3,10)
0 0 0
142 (4,7)->(3,11)
0 0 0
143 (4,8)->(3,12)
0 0 0
144 (4,9)->(3,13)
0 0 0
145 (4,10)->(3,14)
0 0 0
146 (4,11)->(3,0)
0 0 0
147 (4,12)->(3,1)
0 0 0
148 (4,13)->(3,2)
0 0 0
149 (4,14)->(3,3)
0 0 0
18
0 (0,0)->(4,3)
1 0 0
1 (0,1)->(4,4)
0 0 0
2 (0,2)->(4,5)
0 0 0
3 (0,3)->(4,6)
0 0 0
4 (0,4)->(4,7)
1 0 1
5 (0,5)->(4,8)
1 0 1
6 (0,6)->(4,9)
1 0 1
7 (0,7)->(4,10)
1 0 1
8 (0,8)->(4,11)
1 0 0
9 (0,9)->(4,12)
1 0 0
10 (0,10)->(4,13)
1 0 0
11 (0,11)->(4,14)
1 0 0
12 (0,12)->(4,0)
1 0 0
13 (0,13)->(4,1)
1 0 0
14 (0,14)->(4,2)
1 0 0
15 (0,0)->(1,4)
1 1 1
16 (0,1)->(1,5)
0 0 0
17 (0,2)->(1,6)
0 0 0
18 (0,3)->(1,7)
0 0 0
19 (0,4)->(1,8)
1 1 1
20 (0,5)->(1,9)
1 1 1
21 (0,6)->(1,10)
1 1 1
22 (0,7)->(1,11)
1 1 1
23 (0,8)->(1,12)
1 1 1
24 (0,9)->(1,13)
1 1 1
25 (0,10)->(1,14)
1 1 1
26 (0,11)->(1,0)
1 1 1
27 (0,12)->(1,1)
1 1 1
28 (0,13)->(1,2)
1 1 1
29 (0,14)->(1,3)
1 1 1
30 (1,0)->(2,4)
0 0 0
31 (1,1)->(2,5)
0 0 0
32 (1,2)->(2,6)
0 0 0
33 (1,3)->(2,7)
0 0 0
34 (1,4)->(2,8)
0 0 0
35 (1,5)->(2,9)
0 0 0
36 (1,6)->(2,10)
0 0 0
37 (1,7)->(2,11)
0 0 0
38 (1,8)->(2,12)
0 0 0
39 (1,9)->(2,13)
0 0 0
40 (1,10)->(2,14)
0 0 0
41 (1,11)->(2,0)
0 0 0
42 (1,12)->(2,1)
0 0 0
43 (1,13)->(2,2)
0 0 0
44 (1,14)->(2,3)
0 0 0
45 (1,0)->(0,5)
0 0 0
46 (1,1)->(0,6)
0 0 0
47 (1,2)->(0,7)
0 0 0
48 (1,3)->(0,8)
0 0 0
49 (1,4)->(0,9)
0 0 0
50 (1,5)->(0,10)
0 0 0
51 (1,6)->(0,11)
0 0 0
52 (1,7)->(0,12)
0 0 0
53 (1,8)->(0,13)
0 0 0
54 (1,9)->(0,14)
0 0 0
55 (1,10)->(0,0)
0 0 0
56 (1,11)->(0,1)
0 0 0
57 (1,12)->(0,2)
0 0 0
58 (1,13)->(0,3)
0 0 0
59 (1,14)->(0,4)
0 0 0
60 (2,0)->(3,3)
0 0 0
61 (2,1)->(3,4)
0 0 0
62 (2,2)->(3,5)
0 0 0
63 (2,3)->(3,6)
0 0 0
64 (2,4)->(3,7)
0 0 0
65 (2,5)->(3,8)
0 0 0
66 (2,6)->(3,9)
0 0 0
67 (2,7)->(3,10)
0 0 0
68 (2,8)->(3,11)
0 0 0
69 (2,9)->(3,12)
0 0 0
70 (2,10)->(3,13)
0 0 0
71 (2,11)->(3,14)
0 0 0
72 (2,12)->(3,0)
0 0 0
73 (2,13)->(3,1)
0 0 0
74 (2,14)->(3,2)
0 0 0
75 (2,0)->(0,4)
0 0 0
76 (2,1)->(0,5)
0 0 0
77 (2,2)->(0,6)
0 0 0
78 (2,3)->(0,7)
0 0 0
79 (2,4)->(0,8)
0 0 0
80 (2,5)->(0,9)
0 0 0
81 (2,6)->(0,10)
0 0 0
82 (2,7)->(0,11)
0 0 0
83 (2,8)->(0,12)
0 0 0
84 (2,9)->(0,13)
0 0 0
85 (2,10)->(0,14)
0 0 0
86 (2,11)->(0,0)
0 0 0
87 (2,12)->(0,1)
0 0 0
88 (2,13)->(0,2)
0 0 0
89 (2,14)->(0,3)
0 0 0
90 (3,0)->(1,5)
0 0 0
91 (3,1)->(1,6)
0 0 0
92 (3,2)->(1,7)
0 0 0
93 (3,3)->(1,8)
0 1 0
94 (3,4)->(1,9)
0 1 0
95 (3,5)->(1,10)
0 1 0
96 (3,6)->(1,11)
0 1 0
97 (3,7)->(1,12)
0 1 0
98 (3,8)->(1,13)
0 1 0
99 (3,9)->(1,14)
0 1 0
100 (3,10)->(1,0)
0 1 0
101 (3,11)->(1,1)
0 1 1
102 (3,12)->(1,2)
0 1 1
103 (3,13)->(1,3)
0 1 1
104 (3,14)->(1,4)
0 1 1
105 (3,0)->(4,4)
0 0 0
106 (3,1)->(4,5)
0 0 0
107 (3,2)->(4,6)
0 0 0
108 (3,3)->(4,7)
0 0 0
109 (3,4)->(4,8)
0 0 0
110 (3,5)->(4,9)
0 0 0
111 (3,6)->(4,10)
0 0 0
112 (3,7)->(4,11)
0 0 0
113 (3,8)->(4,12)
0 0 0
114 (3,9)->(4,13)
0 0 0
115 (3,10)->(4,14)
0 0 0
116 (3,11)->(4,0)
0 0 0
117 (3,12)->(4,1)
0 0 0
118 (3,13)->(4,2)
0 0 0
119 (3,14)->(4,3)
0 0 0
120 (4,0)->(2,5)
0 0 0
121 (4,1)->(2,6)
0 0 0
122 (4,2)->(2,7)
0 0 0
123 (4,3)->(2,8)
0 0 0
124 (4,4)->(2,9)
0 0 0
125 (4,5)->(2,10)
0 0 0
126 (4,6)->(2,11)
0 0 0
127 (4,7)->(2,12)
0 0 0
128 (4,8)->(2,13)
0 0 0
129 (4,9)->(2,14)
0 0 0
130 (4,10)->(2,0)
0 0 0
131 (4,11)->(2,1)
0 0 0
132 (4,12)->(2,2)
0 0 0
133 (4,13)->(2,3)
0 0 0
134 (4,14)->(2,4)
0 0 0
135 (4,0)->(3,4)
0 0 0
136 (4,1)->(3,5)
0 0 0
137 (4,2)->(3,6)
0 0 0
138 (4,3)->(3,7)
0 0 0
139 (4,4)->(3,8)
0 0 0
140 (4,5)->(3,9)
0 0 0
141 (4,6)->(3,10)
0 0 0
142 (4,7)->(3,11)
0 0 1
143 (4,8)->(3,12)
0 0 1
144 (4,9)->(3,13)
0 0 1
145 (4,10)->(3,14)
0 0 1
146 (4,11)->(3,0)
0 0 0
147 (4,12)->(3,1)
0 0 0
148 (4,13)->(3,2)
0 0 0
149 (4,14)->(3,3)
0 0 0
19
0 (0,0)->(4,3)
0 0 0
1 (0,1)->(4,4)
0 0 0
2 (0,2)->(4,5)
0 0 0
3 (0,3)->(4,6)
0 0 0
4 (0,4)->(4,7)
0 0 0
5 (0,5)->(4,8)
0 0 0
6 (0,6)->(4,9)
0 0 0
7 (0,7)->(4,10)
0 0 0
8 (0,8)->(4,11)
0 0 0
9 (0,9)->(4,12)
0 0 0
10 (0,10)->(4,13)
0 0 0
11 (0,11)->(4,14)
0 0 0
12 (0,12)->(4,0)
0 0 0
13 (0,13)->(4,1)
0 0 0
14 (0,14)->(4,2)
0 0 0
15 (0,0)->(1,4)
0 0 0
16 (0,1)->(1,5)
0 0 0
17 (0,2)->(1,6)
0 0 0
18 (0,3)->(1,7)
0 0 0
19 (0,4)->(1,8)
0 0 0
20 (0,5)->(1,9)
0 0 0
21 (0,6)->(1,10)
0 0 0
22 (0,7)->(1,11)
0 0 0
23 (0,8)->(1,12)
0 0 0
24 (0,9)->(1,13)
0 0 0
25 (0,10)->(1,14)
0 0 0
26 (0,11)->(1,0)
0 0 0
27 (0,12)->(1,1)
0 0 0
28 (0,13)->(1,2)
0 0 0
29 (0,14)->(1,3)
0 0 0
30 (1,0)->(2,4)
0 0 0
31 (1,1)->(2,5)
0 0 0
32 (1,2)->(2,6)
0 0 0
33 (1,3)->(2,7)
0 1 0
34 (1,4)->(2,8)
0 1 0
35 (1,5)->(2,9)
0 1 0
36 (1,6)->(2,10)
0 1 0
37 (1,7)->(2,11)
0 1 0
38 (1,8)->(2,12)
0 1 0
39 (1,9)->(2,13)
0 1 0
40 (1,10)->(2,14)
0 1 0
41 (1,11)->(2,0)
0 1 1
42 (1,12)->(2,1)
0 1 1
43 (1,13)->(2,2)
0 1 1
44 (1,14)->(2,3)
0 0 0
45 (1,0)->(0,5)
0 0 0
46 (1,1)->(0,6)
0 0 0
47 (1,2)->(0,7)
0 0 0
48 (1,3)->(0,8)
0 0 0
49 (1,4)->(0,9)
0 0 0
50 (1,5)->(0,10)
0 0 0
51 (1,6)->(0,11)
0 0 0
52 (1,7)->(0,12)
0 0 0
53 (1,8)->(0,13)
0 0 0
54 (1,9)->(0,14)
0 0 0
55 (1,10)->(0,0)
0 0 0
56 (1,11)->(0,1)
0 0 0
57 (1,12)->(0,2)
0 0 0
58 (1,13)->(0,3)
0 0 0
59 (1,14)->(0,4)
0 0 0
60 (2,0)->(3,3)
0 0 0
61 (2,1)->(3,4)
0 0 0
62 (2,2)->(3,5)
0 0 0
63 (2,3)->(3,6)
0 0 0
64 (2,4)->(3,7)
0 0 0
65 (2,5)->(3,8)
0 0 0
66 (2,6)->(3,9)
0 0 0
67 (2,7)->(3,10)
0 0 0
68 (2,8)->(3,11)
0 0 0
69 (2,9)->(3,12)
0 0 0
70 (2,10)->(3,13)
0 0 0
71 (2,11)->(3,14)
0 0 0
72 (2,12)->(3,0)
0 0 0
73 (2,13)->(3,1)
0 0 0
74 (2,14)->(3,2)
0 0 0
75 (2,0)->(0,4)
0 0 0
76 (2,1)->(0,5)
0 0 0
77 (2,2)->(0,6)
0 0 0
78 (2,3)->(0,7)
0 0 0
79 (2,4)->(0,8)
0 0 0
80 (2,5)->(0,9)
0 0 0
81 (2,6)->(0,10)
0 0 0
82 (2,7)->(0,11)
0 0 0
83 (2,8)->(0,12)
0 0 0
84 (2,9)->(0,13)
0 0 0
85 (2,10)->(0,14)
0 0 0
86 (2,11)->(0,0)
0 0 0
87 (2,12)->(0,1)
0 0 0
88 (2,13)->(0,2)
0 0 0
89 (2,14)->(0,3)
0 0 0
90 (3,0)->(1,5)
0 0 0
91 (3,1)->(1,6)
0 0 0
92 (3,2)->(1,7)
0 0 0
93 (3,3)->(1,8)
0 0 0
94 (3,4)->(1,9)
0 0 0
95 (3,5)->(1,10)
0 0 0
96 (3,6)->(1,11)
0 0 1
97 (3,7)->(1,12)
0 0 1
98 (3,8)->(1,13)
0 0 1
99 (3,9)->(1,14)
0 0 0
100 (3,10)->(1,0)
0 0 0
101 (3,11)->(1,1)
0 0 0
102 (3,12)->(1,2)
0 0 0
103 (3,13)->(1,3)
0 0 0
104 (3,14)->(1,4)
0 0 0
105 (3,0)->(4,4)
0 0 0
106 (3,1)->(4,5)
0 0 0
107 (3,2)->(4,6)
0 0 0
108 (3,3)->(4,7)
0 0 0
109 (3,4)->(4,8)
0 0 0
110 (3,5)->(4,9)
0 0 0
111 (3,6)->(4,10)
0 0 0
112 (3,7)->(4,11)
0 0 0
113 (3,8)->(4,12)
0 0 0
114 (3,9)->(4,13)
0 0 0
115 (3,10)->(4,14)
0 0 0
116 (3,11)->(4,0)
0 0 0
117 (3,12)->(4,1)
0 0 0
118 (3,13)->(4,2)
0 0 0
119 (3,14)->(4,3)
0 0 0
120 (4,0)->(2,5)
0 0 0
121 (4,1)->(2,6)
0 0 0
122 (4,2)->(2,7)
1 1 1
123 (4,3)->(2,8)
1 1 1
124 (4,4)->(2,9)
1 1 1
125 (4,5)->(2,10)
1 1 1
126 (4,6)->(2,11)
1 1 1
127 (4,7)->(2,12)
1 1 1
128 (4,8)->(2,13)
1 1 1
129 (4,9)->(2,14)
1 1 1
130 (4,10)->(2,0)
1 1 1
131 (4,11)->(2,1)
1 1 1
132 (4,12)->(2,2)
1 1 1
133 (4,13)->(2,3)
0 0 0
134 (4,14)->(2,4)
0 0 0
135 (4,0)->(3,4)
0 0 0
136 (4,1)->(3,5)
0 0 0
137 (4,2)->(3,6)
1 0 1
138 (4,3)->(3,7)
1 0 1
139 (4,4)->(3,8)
1 0 1
140 (4,5)->(3,9)
1 0 0
141 (4,6)->(3,10)
1 0 0
142 (4,7)->(3,11)
1 0 0
143 (4,8)->(3,12)
1 0 0
144 (4,9)->(3,13)
1 0 0
145 (4,10)->(3,14)
1 0 0
146 (4,11)->(3,0)
1 0 0
147 (4,12)->(3,1)
1 0 0
148 (4,13)->(3,2)
0 0 0
149 (4,14)->(3,3)
0 0 0
