LP information:
0
40 5.0 41 21.0 
1
60 13.0 
2
2 29.0 130 4.0 5 4.0 127 29.0 
3
60 13.0 74 3.0 
4
82 1.0 88 15.0 
5
62 22.0 114 22.0 
6
85 27.0 122 1.0 124 26.0 
7
137 18.0 140 5.0 14 23.0 
8
17 13.999999999999996 29 17.0 72 1.0000000000000036 85 17.0 88 13.999999999999996 90 1.0000000000000036 
9
11 1.0 14 21.0 51 17.0 54 5.0 
10
92 12.0 54 12.0 
11
143 18.0 
12
1 17.0 140 17.0 
13
134 3.0 124 8.0 
14
148 29.0 95 29.0 
15
76 4.0 87 17.0 
16
62 7.0 64 3.0 74 9.0 
17
93 21.0 
18
26 17.0 
19
130 1.0 131 4.0 127 17.0 

Final Solution:
0
42 26.0 
1
64 13.0 
2
20 33.0 40 33.0 
3
64 16.0 
4
84 16.0 
5
14 2.0 64 20.0 84 2.0 115 20.0 
6
84 27.0 124 27.0 
7
2 2.0 137 21.0 141 2.0 14 21.0 
8
74 32.0 92 32.0 
9
14 22.0 54 22.0 
10
92 12.0 54 12.0 
11
146 18.0 
12
2 17.0 141 17.0 
13
124 11.0 
14
137 29.0 97 29.0 
15
84 1.0 88 20.0 
16
64 1.0 74 18.0 
17
97 21.0 
18
20 17.0 
19
128 10.0 124 12.0 
