LP information:
0
38 20.0 39 4.0 42 6.0 
1
61 10.0 
2
130 20.0 131 11.0 4 7.0 5 13.0 8 11.0 
3
72 20.0 
4
76 4.9999999999999964 81 11.000000000000004 
5
10 11.0 63 10.0 79 11.0 111 10.0 
6
81 28.0 121 28.0 
7
138 21.0 12 21.0 
8
15 12.0 19 7.0000000000000036 73 7.9999999999999964 75 7.0000000000000036 86 12.0 91 7.9999999999999964 
9
0 12.0 12 7.0 52 7.0 55 12.0 
10
90 10.0 53 10.0 
11
146 22.0 
12
4 13.0 142 13.0 
13
121 11.0 
14
137 22.0 148 6.0 94 6.0 96 22.0 
15
75 12.999999999999996 76 8.000000000000004 
16
63 12.0 70 9.0 
17
90 10.0 103 9.0 
18
27 7.0 28 10.0 
19
131 6.0 132 11.0 126 7.0 

Final Solution:
0
40 30.0 
1
72 5.0 74 5.0 
2
129 22.0 4 22.0 19 9.0 40 9.0 
3
74 20.0 
4
89 16.0 
5
13 21.0 84 21.0 
6
84 28.0 124 28.0 
7
4 11.0 13 10.0 142 21.0 
8
19 14.0 72 13.0 89 14.0 90 10.0 94 3.0 
9
13 19.0 53 19.0 
10
90 10.0 53 10.0 
11
129 4.0 142 6.0 148 12.0 74 4.0 
12
4 13.0 142 13.0 
13
124 11.0 
14
148 8.0 149 20.0 94 28.0 
15
84 1.0 89 20.0 
16
74 21.0 
17
94 19.0 
18
19 17.0 
19
129 24.0 
