LP information:
0
39 18.0 42 12.0 
1
74 8.0 
2
3 4.0 131 30.0 4 2.0 6 24.0 
3
73 18.0 74 1.0 
4
76 7.0 77 10.0 
5
11 14.0 14 6.0 65 8.0 77 20.0 113 8.0 
6
80 29.0 120 29.0 
7
0 17.0 139 22.0 14 5.0 
8
15 4.0 18 4.0 29 9.0 61 12.0 85 11.0 86 2.0 89 4.0 94 12.0 
9
0 4.0 11 15.0 51 15.0 55 4.0 
10
92 9.0 54 9.0 
11
137 19.0 
12
5 7.0 6 6.0 143 7.0 146 6.0 
13
122 11.0 
14
139 27.0 98 27.0 
15
75 2.0 86 19.0 
16
60 2.0 65 19.0 
17
91 18.0 93 2.0 
18
26 15.0 
19
128 4.0 130 0.9999999999999964 126 21.000000000000004 

Final Solution:
0
33 25.0 42 5.0 
1
64 5.0 67 3.0 
2
1 30.0 125 30.0 
3
64 19.0 
4
83 5.0 85 12.0 
5
12 28.0 83 28.0 
6
85 29.0 123 29.0 
7
1 7.0 137 4.0 12 9.0 142 7.0 29 6.0 33 6.0 67 11.0 122 5.0 
8
29 29.0 84 29.0 
9
12 13.0 33 19.0 67 6.0 83 13.0 119 6.0 
10
85 9.0 119 9.0 125 9.0 
11
137 19.0 
12
1 13.0 142 13.0 
13
123 11.0 
14
137 27.0 97 27.0 
15
84 21.0 
16
64 21.0 
17
97 20.0 
18
29 15.0 
19
122 15.0 125 11.0 
