LP information:
0
35 12.0 39 15.0 42 3.0 
1
61 7.0 
2
2 4.0 3 23.0 125 4.0 127 23.0 
3
61 3.0 73 15.0 
4
89 19.0 
5
63 16.0 65 2.0 111 16.0 113 2.0 
6
82 24.0 120 2.0 122 22.0 
7
3 5.0 11 14.0 141 5.0 149 14.0 
8
16 4.0 28 5.0 29 10.0 69 8.0 84 15.0 87 4.0 102 8.0 
9
11 10.0 13 11.0 50 16.0 53 5.0 
10
94 10.0 54 10.0 
11
146 22.0 
12
5 8.0 144 8.0 
13
124 9.0 
14
137 29.0 96 29.0 
15
76 14.0 89 9.0 
16
63 13.0 65 2.0 70 4.0 
17
91 15.0 98 2.0 
18
25 16.0 
19
130 8.0 131 6.0 127 9.0 

Final Solution:
0
34 22.0 40 8.0 
1
74 7.0 
2
1 27.0 124 27.0 
3
74 18.0 
4
84 19.0 
5
68 18.0 117 18.0 
6
84 7.0 85 17.0 123 1.0 124 23.0 
7
1 12.0 140 12.0 15 7.0 34 7.0 68 7.0 
8
15 24.0 74 3.0 84 24.0 92 3.0 
9
34 21.0 68 21.0 119 21.0 
10
85 10.0 119 10.0 123 10.0 
11
148 21.0 74 1.0 123 1.0 
12
1 8.0 140 8.0 
13
123 9.0 
14
148 29.0 92 29.0 
15
85 23.0 
16
68 4.0 74 15.0 
17
92 17.0 
18
15 16.0 
19
123 23.0 
