Network:
75 225 420

Commodity:
11 12 7 12 11 8 6 8 7 7 5 11 8 10 6 11 12 10 11 10 

Service Arc:
0 (0,0)->(4,3)
2 3 41 41 112 17 225 122 199 237 228 167 187 150 3 3 3 3 3 3 3 3 2 3 3 3
1 (0,1)->(4,4)
4 3 65 41 112 0 225 88 172 195 239 208 211 118 3 3 2 3 3 3 3 3 2 3 3 3
2 (0,2)->(4,5)
4 3 65 41 74 0 187 88 196 195 177 196 211 101 3 3 2 3 3 3 3 2 2 3 3 2
3 (0,3)->(4,6)
5 3 65 41 45 0 175 114 218 207 155 196 173 113 3 3 2 3 3 3 3 2 2 3 3 2
4 (0,4)->(4,7)
6 3 82 41 45 0 151 131 218 160 145 196 161 120 3 3 2 3 3 3 3 2 2 3 3 2
5 (0,5)->(4,8)
5 3 58 41 45 0 151 131 204 160 157 194 137 120 3 3 2 3 2 3 3 2 3 3 3 2
6 (0,6)->(4,9)
5 3 58 41 57 22 163 109 155 129 200 194 124 99 3 3 3 3 2 3 3 3 3 3 3 2
7 (0,7)->(4,10)
5 3 58 23 57 22 146 138 137 127 213 211 136 120 3 3 3 3 2 3 3 3 3 3 3 3
8 (0,8)->(4,11)
6 3 58 52 57 39 115 168 206 99 213 201 136 170 3 3 3 3 3 3 3 3 3 3 3 3
9 (0,9)->(4,12)
5 3 27 65 57 39 105 163 206 128 186 170 105 210 3 3 3 3 3 3 3 3 3 3 3 3
10 (0,10)->(4,13)
4 3 17 60 55 39 127 116 170 124 180 154 74 205 3 3 3 3 3 3 3 3 3 3 2 3
11 (0,11)->(4,14)
4 3 41 60 67 39 108 116 160 178 201 130 96 205 3 2 3 3 3 3 3 3 3 3 2 3
12 (0,12)->(4,0)
4 3 41 60 67 39 108 139 184 204 201 130 108 205 3 2 3 3 3 3 3 3 3 3 2 3
13 (0,13)->(4,1)
3 3 41 83 67 39 108 165 233 252 228 109 108 204 3 2 3 3 3 3 3 3 3 3 2 3
14 (0,14)->(4,2)
3 3 41 83 112 39 201 144 221 263 228 163 129 192 3 3 3 3 3 3 3 3 3 3 3 3
15 (0,0)->(1,4)
3 4 41 41 48 64 225 122 199 237 170 183 123 175 3 3 3 3 3 3 3 3 3 3 3 3
16 (0,1)->(1,5)
3 4 65 41 48 47 225 88 172 195 209 209 147 165 3 3 2 3 3 3 3 3 3 3 3 3
17 (0,2)->(1,6)
3 4 65 41 48 47 187 88 196 195 221 223 147 148 3 3 2 3 3 3 3 3 3 3 3 3
18 (0,3)->(1,7)
3 4 65 41 48 73 175 114 218 207 199 240 147 160 3 3 2 3 3 3 3 3 3 3 3 3
19 (0,4)->(1,8)
4 4 82 41 48 90 151 131 218 160 189 263 164 193 3 3 2 3 3 3 3 3 3 3 3 3
20 (0,5)->(1,9)
4 4 58 41 48 90 151 131 204 160 189 237 140 210 3 3 2 3 2 3 3 3 3 3 3 3
21 (0,6)->(1,10)
2 4 58 41 48 64 163 109 155 129 194 207 127 189 3 3 3 3 2 3 3 3 3 3 3 3
22 (0,7)->(1,11)
3 4 58 23 31 64 146 138 137 127 218 207 127 162 3 3 3 3 2 3 3 3 3 3 3 3
23 (0,8)->(1,12)
3 4 58 52 31 64 115 168 206 99 218 207 110 212 3 3 3 3 3 3 3 3 3 3 3 3
24 (0,9)->(1,13)
2 4 27 65 31 64 105 163 206 128 193 129 79 235 3 3 3 3 3 3 3 3 3 3 3 3
25 (0,10)->(1,14)
1 4 17 60 31 17 127 116 170 124 161 101 48 230 3 3 3 3 3 3 3 2 3 3 2 3
26 (0,11)->(1,0)
2 4 41 60 0 17 108 116 160 178 158 70 72 183 3 2 3 3 3 3 3 2 3 3 2 3
27 (0,12)->(1,1)
2 4 41 60 0 17 108 139 184 204 158 96 41 183 3 2 3 3 3 3 3 2 3 3 1 3
28 (0,13)->(1,2)
3 4 41 83 0 43 108 165 233 252 201 99 41 182 3 2 3 3 3 3 3 3 3 3 1 3
29 (0,14)->(1,3)
3 4 41 83 48 64 201 144 221 263 201 187 62 196 3 3 3 3 3 3 3 3 3 3 2 3
30 (1,0)->(2,4)
1 4 0 17 100 12 158 70 72 183 179 160 146 99 3 2 3 3 2 3 3 3 3 3 2 3
31 (1,1)->(2,5)
1 4 0 17 100 12 158 96 41 183 143 183 167 68 3 2 3 3 1 3 3 3 3 3 2 3
32 (1,2)->(2,6)
1 4 0 43 95 12 201 99 41 182 112 237 167 94 3 3 3 3 1 3 3 2 3 3 2 3
33 (1,3)->(2,7)
4 4 48 64 95 71 201 187 62 196 136 237 255 115 3 3 3 3 2 3 3 2 3 3 3 3
34 (1,4)->(2,8)
5 4 48 64 95 71 170 183 123 175 185 268 255 152 3 3 3 3 3 3 3 2 3 3 3 3
35 (1,5)->(2,9)
6 4 48 47 144 102 209 209 147 165 173 255 255 118 3 3 3 3 3 3 3 2 3 3 3 2
36 (1,6)->(2,10)
5 4 48 47 132 90 221 223 147 148 172 243 266 149 3 3 3 3 3 3 3 3 3 3 3 2
37 (1,7)->(2,11)
4 4 48 73 110 90 199 240 147 160 175 201 225 163 3 3 3 3 3 3 3 3 3 3 3 2
38 (1,8)->(2,12)
3 4 48 90 100 90 189 263 164 193 199 191 203 180 3 3 3 3 3 3 3 3 3 3 3 2
39 (1,9)->(2,13)
3 4 48 90 100 90 189 237 140 210 221 203 193 180 3 3 3 3 3 3 3 3 3 3 3 2
40 (1,10)->(2,14)
2 4 48 64 122 102 194 207 127 189 221 215 205 176 3 3 3 3 3 3 3 3 3 3 3 3
41 (1,11)->(2,0)
3 4 31 64 122 102 218 207 127 162 238 222 210 188 3 3 3 3 3 3 3 3 3 3 3 3
42 (1,12)->(2,1)
3 4 31 64 122 102 218 207 110 212 189 191 210 205 3 3 3 3 3 3 3 3 3 3 3 3
43 (1,13)->(2,2)
2 4 31 64 97 71 193 129 79 235 158 142 210 205 3 3 3 3 3 3 3 3 3 3 3 3
44 (1,14)->(2,3)
1 4 31 17 79 43 161 101 48 230 179 110 183 127 3 2 3 3 2 3 3 3 3 3 3 3
45 (1,0)->(0,5)
1 5 0 17 58 41 158 70 72 183 151 131 204 160 3 2 3 3 2 3 3 3 2 3 2 3
46 (1,1)->(0,6)
1 5 0 17 58 41 158 96 41 183 163 109 155 129 3 2 3 3 1 3 3 3 3 3 2 3
47 (1,2)->(0,7)
1 5 0 43 58 23 201 99 41 182 146 138 137 127 3 3 3 3 1 3 3 3 3 3 2 3
48 (1,3)->(0,8)
3 5 48 64 58 52 201 187 62 196 115 168 206 99 3 3 3 3 2 3 3 3 3 3 3 3
49 (1,4)->(0,9)
4 5 48 64 27 65 170 183 123 175 105 163 206 128 3 3 3 3 3 3 3 3 3 3 3 3
50 (1,5)->(0,10)
3 5 48 47 17 60 209 209 147 165 127 116 170 124 3 3 3 3 3 3 3 3 3 3 3 3
51 (1,6)->(0,11)
2 5 48 47 41 60 221 223 147 148 108 116 160 178 3 3 3 3 3 3 3 2 3 3 3 3
52 (1,7)->(0,12)
2 5 48 73 41 60 199 240 147 160 108 139 184 204 3 3 3 3 3 3 3 2 3 3 3 3
53 (1,8)->(0,13)
3 5 48 90 41 83 189 263 164 193 108 165 233 252 3 3 3 3 3 3 3 2 3 3 3 3
54 (1,9)->(0,14)
3 5 48 90 41 83 189 237 140 210 201 144 221 263 3 3 3 3 3 3 3 3 3 3 3 3
55 (1,10)->(0,0)
1 5 48 64 41 41 194 207 127 189 225 122 199 237 3 3 3 3 3 3 3 3 3 3 3 3
56 (1,11)->(0,1)
0 5 31 64 65 41 218 207 127 162 225 88 172 195 3 3 3 3 3 3 3 3 2 3 3 3
57 (1,12)->(0,2)
0 5 31 64 65 41 218 207 110 212 187 88 196 195 3 3 3 3 3 3 3 3 2 3 3 3
58 (1,13)->(0,3)
0 5 31 64 65 41 193 129 79 235 175 114 218 207 3 3 3 3 3 3 3 3 2 3 3 3
59 (1,14)->(0,4)
1 5 31 17 82 41 161 101 48 230 151 131 218 160 3 2 3 3 2 3 3 3 2 3 3 3
60 (2,0)->(3,3)
4 3 122 102 34 79 238 222 210 188 127 169 223 213 3 3 3 3 3 3 3 3 2 3 3 3
61 (2,1)->(3,4)
4 3 122 102 34 79 189 191 210 205 114 148 223 220 3 3 3 3 3 3 3 3 2 3 3 3
62 (2,2)->(3,5)
3 3 97 71 21 58 158 142 210 205 126 161 198 189 3 3 3 3 3 3 3 3 3 3 3 3
63 (2,3)->(3,6)
4 3 79 43 21 75 179 110 183 127 109 182 212 140 3 3 3 3 3 3 3 3 3 3 3 3
64 (2,4)->(3,7)
6 3 100 12 21 96 179 160 146 99 109 209 233 104 3 3 3 3 2 3 3 3 3 3 3 3
65 (2,5)->(3,8)
6 3 100 12 21 106 143 183 167 68 88 209 233 108 3 3 3 3 2 3 3 2 3 3 3 2
66 (2,6)->(3,9)
6 3 95 12 0 106 112 237 167 94 86 162 190 118 3 2 3 3 2 3 3 2 3 3 3 2
67 (2,7)->(3,10)
8 3 95 71 0 106 136 237 255 115 67 162 140 177 3 2 3 3 3 3 3 1 3 3 2 2
68 (2,8)->(3,11)
8 3 95 71 0 106 185 268 255 152 67 138 140 177 3 2 3 3 3 3 3 1 3 3 2 2
69 (2,9)->(3,12)
9 3 144 102 0 82 173 255 255 118 88 152 189 208 3 2 3 3 3 2 3 2 3 3 2 2
70 (2,10)->(3,13)
8 3 132 90 21 70 172 243 266 149 194 173 189 194 3 3 3 3 3 2 3 3 3 3 2 3
71 (2,11)->(3,14)
7 3 110 90 34 70 175 201 225 163 194 141 188 182 3 3 3 3 3 2 3 3 3 3 3 3
72 (2,12)->(3,0)
5 3 100 90 34 60 199 191 203 180 194 107 191 199 3 3 3 3 3 2 3 3 2 3 3 3
73 (2,13)->(3,1)
5 3 100 90 34 60 221 203 193 180 156 119 191 189 3 3 3 3 3 2 3 3 2 3 3 3
74 (2,14)->(3,2)
5 3 122 102 34 72 221 215 205 176 127 152 211 201 3 3 3 3 3 3 3 3 2 3 3 3
75 (2,0)->(0,4)
5 4 122 102 82 41 238 222 210 188 151 131 218 160 3 3 3 3 3 3 3 3 2 3 3 3
76 (2,1)->(0,5)
5 4 122 102 58 41 189 191 210 205 151 131 204 160 3 3 3 3 3 3 3 3 2 3 2 3
77 (2,2)->(0,6)
4 4 97 71 58 41 158 142 210 205 163 109 155 129 3 3 3 3 3 3 3 3 3 3 2 3
78 (2,3)->(0,7)
4 4 79 43 58 23 179 110 183 127 146 138 137 127 3 3 3 3 3 3 3 3 3 3 2 3
79 (2,4)->(0,8)
5 4 100 12 58 52 179 160 146 99 115 168 206 99 3 3 3 3 2 3 3 3 3 3 3 3
80 (2,5)->(0,9)
5 4 100 12 27 65 143 183 167 68 105 163 206 128 3 3 3 3 2 3 3 3 3 3 3 3
81 (2,6)->(0,10)
4 4 95 12 17 60 112 237 167 94 127 116 170 124 3 2 3 3 2 3 3 3 3 3 3 3
82 (2,7)->(0,11)
5 4 95 71 41 60 136 237 255 115 108 116 160 178 3 2 3 3 3 3 3 2 3 3 3 3
83 (2,8)->(0,12)
6 4 95 71 41 60 185 268 255 152 108 139 184 204 3 2 3 3 3 3 3 2 3 3 3 3
84 (2,9)->(0,13)
7 4 144 102 41 83 173 255 255 118 108 165 233 252 3 2 3 3 3 2 3 2 3 3 3 3
85 (2,10)->(0,14)
7 4 132 90 41 83 172 243 266 149 201 144 221 263 3 3 3 3 3 2 3 3 3 3 3 3
86 (2,11)->(0,0)
4 4 110 90 41 41 175 201 225 163 225 122 199 237 3 3 3 3 3 2 3 3 3 3 3 3
87 (2,12)->(0,1)
4 4 100 90 65 41 199 191 203 180 225 88 172 195 3 3 3 3 3 2 3 3 2 3 3 3
88 (2,13)->(0,2)
4 4 100 90 65 41 221 203 193 180 187 88 196 195 3 3 3 3 3 2 3 3 2 3 3 3
89 (2,14)->(0,3)
5 4 122 102 65 41 221 215 205 176 175 114 218 207 3 3 3 3 3 3 3 3 2 3 3 3
90 (3,0)->(1,5)
4 5 34 60 48 47 194 107 191 199 209 209 147 165 3 3 2 3 3 3 3 3 3 3 3 3
91 (3,1)->(1,6)
3 5 34 60 48 47 156 119 191 189 221 223 147 148 3 3 2 3 3 3 3 3 3 3 3 3
92 (3,2)->(1,7)
4 5 34 72 48 73 127 152 211 201 199 240 147 160 3 3 2 3 3 3 3 3 3 3 3 3
93 (3,3)->(1,8)
5 5 34 79 48 90 127 169 223 213 189 263 164 193 3 3 2 3 3 3 3 3 3 3 3 3
94 (3,4)->(1,9)
5 5 34 79 48 90 114 148 223 220 189 237 140 210 3 3 2 3 3 3 3 3 3 3 3 3
95 (3,5)->(1,10)
2 5 21 58 48 64 126 161 198 189 194 207 127 189 3 3 3 3 3 3 3 3 3 3 3 3
96 (3,6)->(1,11)
3 5 21 75 31 64 109 182 212 140 218 207 127 162 3 3 3 3 3 3 3 3 3 3 3 3
97 (3,7)->(1,12)
3 5 21 96 31 64 109 209 233 104 218 207 110 212 3 3 3 3 3 3 3 3 3 3 3 3
98 (3,8)->(1,13)
3 5 21 106 31 64 88 209 233 108 193 129 79 235 3 2 3 3 3 2 3 3 3 3 3 3
99 (3,9)->(1,14)
1 5 0 106 31 17 86 162 190 118 161 101 48 230 3 2 3 3 3 2 3 2 3 3 2 3
100 (3,10)->(1,0)
1 5 0 106 0 17 67 162 140 177 158 70 72 183 3 1 3 3 2 2 3 2 3 3 2 3
101 (3,11)->(1,1)
2 5 0 106 0 17 67 138 140 177 158 96 41 183 3 1 3 3 2 2 3 2 3 3 1 3
102 (3,12)->(1,2)
3 5 0 82 0 43 88 152 189 208 201 99 41 182 3 2 3 3 2 2 3 3 3 3 1 3
103 (3,13)->(1,3)
5 5 21 70 48 64 194 173 189 194 201 187 62 196 3 3 3 3 2 3 3 3 3 3 2 3
104 (3,14)->(1,4)
6 5 34 70 48 64 194 141 188 182 170 183 123 175 3 3 3 3 3 3 3 3 3 3 3 3
105 (3,0)->(4,4)
1 4 34 60 112 0 194 107 191 199 239 208 211 118 3 3 2 3 3 3 3 3 2 3 3 3
106 (3,1)->(4,5)
1 4 34 60 74 0 156 119 191 189 177 196 211 101 3 3 2 3 3 3 3 2 2 3 3 2
107 (3,2)->(4,6)
0 4 34 72 45 0 127 152 211 201 155 196 173 113 3 3 2 3 3 3 3 2 2 3 3 2
108 (3,3)->(4,7)
0 4 34 79 45 0 127 169 223 213 145 196 161 120 3 3 2 3 3 3 3 2 2 3 3 2
109 (3,4)->(4,8)
0 4 34 79 45 0 114 148 223 220 157 194 137 120 3 3 2 3 3 3 3 2 3 3 3 2
110 (3,5)->(4,9)
1 4 21 58 57 22 126 161 198 189 200 194 124 99 3 3 3 3 3 3 3 3 3 3 3 2
111 (3,6)->(4,10)
1 4 21 75 57 22 109 182 212 140 213 211 136 120 3 3 3 3 3 3 3 3 3 3 3 3
112 (3,7)->(4,11)
1 4 21 96 57 39 109 209 233 104 213 201 136 170 3 3 3 3 3 3 3 3 3 3 3 3
113 (3,8)->(4,12)
1 4 21 106 57 39 88 209 233 108 186 170 105 210 3 2 3 3 3 2 3 3 3 3 3 3
114 (3,9)->(4,13)
1 4 0 106 55 39 86 162 190 118 180 154 74 205 3 2 3 3 3 2 3 3 3 3 2 3
115 (3,10)->(4,14)
2 4 0 106 67 39 67 162 140 177 201 130 96 205 3 1 3 3 2 2 3 3 3 3 2 3
116 (3,11)->(4,0)
2 4 0 106 67 39 67 138 140 177 201 130 108 205 3 1 3 3 2 2 3 3 3 3 2 3
117 (3,12)->(4,1)
2 4 0 82 67 39 88 152 189 208 228 109 108 204 3 2 3 3 2 2 3 3 3 3 2 3
118 (3,13)->(4,2)
2 4 21 70 112 39 194 173 189 194 228 163 129 192 3 3 3 3 2 3 3 3 3 3 3 3
119 (3,14)->(4,3)
2 4 34 70 112 17 194 141 188 182 228 167 187 150 3 3 3 3 3 3 3 3 2 3 3 3
120 (4,0)->(2,5)
4 5 67 39 100 12 201 130 108 205 143 183 167 68 3 3 3 3 2 3 3 3 3 3 2 3
121 (4,1)->(2,6)
3 5 67 39 95 12 228 109 108 204 112 237 167 94 3 3 3 3 2 3 3 2 3 3 2 3
122 (4,2)->(2,7)
5 5 112 39 95 71 228 163 129 192 136 237 255 115 3 3 3 3 3 3 3 2 3 3 3 3
123 (4,3)->(2,8)
6 5 112 17 95 71 228 167 187 150 185 268 255 152 3 3 2 3 3 3 3 2 3 3 3 3
124 (4,4)->(2,9)
7 5 112 0 144 102 239 208 211 118 173 255 255 118 3 3 2 3 3 3 3 2 3 3 3 2
125 (4,5)->(2,10)
6 5 74 0 132 90 177 196 211 101 172 243 266 149 3 2 2 3 3 2 3 3 3 3 3 2
126 (4,6)->(2,11)
4 5 45 0 110 90 155 196 173 113 175 201 225 163 3 2 2 3 3 2 3 3 3 3 3 2
127 (4,7)->(2,12)
4 5 45 0 100 90 145 196 161 120 199 191 203 180 3 2 2 3 3 2 3 3 3 3 3 2
128 (4,8)->(2,13)
4 5 45 0 100 90 157 194 137 120 221 203 193 180 3 2 3 3 3 2 3 3 3 3 3 2
129 (4,9)->(2,14)
4 5 57 22 122 102 200 194 124 99 221 215 205 176 3 3 3 3 3 2 3 3 3 3 3 3
130 (4,10)->(2,0)
3 5 57 22 122 102 213 211 136 120 238 222 210 188 3 3 3 3 3 3 3 3 3 3 3 3
131 (4,11)->(2,1)
4 5 57 39 122 102 213 201 136 170 189 191 210 205 3 3 3 3 3 3 3 3 3 3 3 3
132 (4,12)->(2,2)
3 5 57 39 97 71 186 170 105 210 158 142 210 205 3 3 3 3 3 3 3 3 3 3 3 3
133 (4,13)->(2,3)
3 5 55 39 79 43 180 154 74 205 179 110 183 127 3 3 3 3 2 3 3 3 3 3 3 3
134 (4,14)->(2,4)
4 5 67 39 100 12 201 130 96 205 179 160 146 99 3 3 3 3 2 3 3 3 3 3 2 3
135 (4,0)->(3,4)
4 4 67 39 34 79 201 130 108 205 114 148 223 220 3 3 3 3 2 3 3 3 2 3 3 3
136 (4,1)->(3,5)
2 4 67 39 21 58 228 109 108 204 126 161 198 189 3 3 3 3 2 3 3 3 3 3 3 3
137 (4,2)->(3,6)
4 4 112 39 21 75 228 163 129 192 109 182 212 140 3 3 3 3 3 3 3 3 3 3 3 3
138 (4,3)->(3,7)
4 4 112 17 21 96 228 167 187 150 109 209 233 104 3 3 2 3 3 3 3 3 3 3 3 3
139 (4,4)->(3,8)
6 4 112 0 21 106 239 208 211 118 88 209 233 108 3 3 2 3 3 3 3 2 3 3 3 2
140 (4,5)->(3,9)
4 4 74 0 0 106 177 196 211 101 86 162 190 118 3 2 2 3 3 2 3 2 3 3 3 2
141 (4,6)->(3,10)
5 4 45 0 0 106 155 196 173 113 67 162 140 177 3 2 2 3 3 2 3 1 3 3 2 2
142 (4,7)->(3,11)
6 4 45 0 0 106 145 196 161 120 67 138 140 177 3 2 2 3 3 2 3 1 3 3 2 2
143 (4,8)->(3,12)
5 4 45 0 0 82 157 194 137 120 88 152 189 208 3 2 3 3 3 2 3 2 3 3 2 2
144 (4,9)->(3,13)
5 4 57 22 21 70 200 194 124 99 194 173 189 194 3 3 3 3 3 2 3 3 3 3 2 3
145 (4,10)->(3,14)
5 4 57 22 34 70 213 211 136 120 194 141 188 182 3 3 3 3 3 3 3 3 3 3 3 3
146 (4,11)->(3,0)
4 4 57 39 34 60 213 201 136 170 194 107 191 199 3 3 3 3 3 3 3 3 2 3 3 3
147 (4,12)->(3,1)
3 4 57 39 34 60 186 170 105 210 156 119 191 189 3 3 3 3 3 3 3 3 2 3 3 3
148 (4,13)->(3,2)
3 4 55 39 34 72 180 154 74 205 127 152 211 201 3 3 3 3 2 3 3 3 2 3 3 3
149 (4,14)->(3,3)
4 4 67 39 34 79 201 130 96 205 127 169 223 213 3 3 3 3 2 3 3 3 2 3 3 3

Commodity k & Service arc:
0
0 (0,0)->(4,3)
0 0 0
1 (0,1)->(4,4)
0 0 0
2 (0,2)->(4,5)
0 0 0
3 (0,3)->(4,6)
0 0 0
4 (0,4)->(4,7)
0 0 0
5 (0,5)->(4,8)
0 0 0
6 (0,6)->(4,9)
0 0 0
7 (0,7)->(4,10)
0 0 0
8 (0,8)->(4,11)
0 0 1
9 (0,9)->(4,12)
0 0 1
10 (0,10)->(4,13)
0 0 1
11 (0,11)->(4,14)
0 0 0
12 (0,12)->(4,0)
0 0 0
13 (0,13)->(4,1)
0 0 0
14 (0,14)->(4,2)
0 0 0
15 (0,0)->(1,4)
0 0 0
16 (0,1)->(1,5)
0 0 0
17 (0,2)->(1,6)
0 0 0
18 (0,3)->(1,7)
0 0 0
19 (0,4)->(1,8)
0 0 0
20 (0,5)->(1,9)
0 0 0
21 (0,6)->(1,10)
0 0 0
22 (0,7)->(1,11)
0 0 0
23 (0,8)->(1,12)
0 0 0
24 (0,9)->(1,13)
0 0 0
25 (0,10)->(1,14)
0 0 0
26 (0,11)->(1,0)
0 0 0
27 (0,12)->(1,1)
0 0 0
28 (0,13)->(1,2)
0 0 0
29 (0,14)->(1,3)
0 0 0
30 (1,0)->(2,4)
0 0 0
31 (1,1)->(2,5)
0 0 0
32 (1,2)->(2,6)
0 0 0
33 (1,3)->(2,7)
1 1 1
34 (1,4)->(2,8)
1 1 1
35 (1,5)->(2,9)
1 1 1
36 (1,6)->(2,10)
1 1 1
37 (1,7)->(2,11)
1 1 1
38 (1,8)->(2,12)
1 1 1
39 (1,9)->(2,13)
1 1 1
40 (1,10)->(2,14)
1 1 1
41 (1,11)->(2,0)
1 1 1
42 (1,12)->(2,1)
1 1 1
43 (1,13)->(2,2)
1 1 1
44 (1,14)->(2,3)
1 1 1
45 (1,0)->(0,5)
0 0 0
46 (1,1)->(0,6)
0 0 0
47 (1,2)->(0,7)
0 0 0
48 (1,3)->(0,8)
1 0 1
49 (1,4)->(0,9)
1 0 1
50 (1,5)->(0,10)
1 0 1
51 (1,6)->(0,11)
1 0 0
52 (1,7)->(0,12)
1 0 0
53 (1,8)->(0,13)
1 0 0
54 (1,9)->(0,14)
1 0 0
55 (1,10)->(0,0)
1 0 0
56 (1,11)->(0,1)
1 0 0
57 (1,12)->(0,2)
1 0 0
58 (1,13)->(0,3)
1 0 0
59 (1,14)->(0,4)
1 0 0
60 (2,0)->(3,3)
0 0 0
61 (2,1)->(3,4)
0 0 0
62 (2,2)->(3,5)
0 0 0
63 (2,3)->(3,6)
0 0 0
64 (2,4)->(3,7)
0 0 0
65 (2,5)->(3,8)
0 0 0
66 (2,6)->(3,9)
0 0 0
67 (2,7)->(3,10)
0 0 0
68 (2,8)->(3,11)
0 0 0
69 (2,9)->(3,12)
0 0 0
70 (2,10)->(3,13)
0 0 0
71 (2,11)->(3,14)
0 0 0
72 (2,12)->(3,0)
0 0 0
73 (2,13)->(3,1)
0 0 0
74 (2,14)->(3,2)
0 0 0
75 (2,0)->(0,4)
0 0 0
76 (2,1)->(0,5)
0 0 0
77 (2,2)->(0,6)
0 0 0
78 (2,3)->(0,7)
0 0 0
79 (2,4)->(0,8)
0 0 0
80 (2,5)->(0,9)
0 0 0
81 (2,6)->(0,10)
0 0 0
82 (2,7)->(0,11)
0 0 0
83 (2,8)->(0,12)
0 0 0
84 (2,9)->(0,13)
0 0 0
85 (2,10)->(0,14)
0 0 0
86 (2,11)->(0,0)
0 0 0
87 (2,12)->(0,1)
0 0 0
88 (2,13)->(0,2)
0 0 0
89 (2,14)->(0,3)
0 0 0
90 (3,0)->(1,5)
0 0 0
91 (3,1)->(1,6)
0 0 0
92 (3,2)->(1,7)
0 0 0
93 (3,3)->(1,8)
0 0 0
94 (3,4)->(1,9)
0 0 0
95 (3,5)->(1,10)
0 0 0
96 (3,6)->(1,11)
0 0 0
97 (3,7)->(1,12)
0 0 0
98 (3,8)->(1,13)
0 0 0
99 (3,9)->(1,14)
0 0 0
100 (3,10)->(1,0)
0 0 0
101 (3,11)->(1,1)
0 0 0
102 (3,12)->(1,2)
0 0 0
103 (3,13)->(1,3)
0 0 0
104 (3,14)->(1,4)
0 0 0
105 (3,0)->(4,4)
0 0 0
106 (3,1)->(4,5)
0 0 0
107 (3,2)->(4,6)
0 0 0
108 (3,3)->(4,7)
0 0 0
109 (3,4)->(4,8)
0 0 0
110 (3,5)->(4,9)
0 0 0
111 (3,6)->(4,10)
0 0 0
112 (3,7)->(4,11)
0 0 0
113 (3,8)->(4,12)
0 0 0
114 (3,9)->(4,13)
0 0 0
115 (3,10)->(4,14)
0 0 0
116 (3,11)->(4,0)
0 0 0
117 (3,12)->(4,1)
0 0 0
118 (3,13)->(4,2)
0 0 0
119 (3,14)->(4,3)
0 0 0
120 (4,0)->(2,5)
0 0 0
121 (4,1)->(2,6)
0 0 0
122 (4,2)->(2,7)
0 1 0
123 (4,3)->(2,8)
0 1 0
124 (4,4)->(2,9)
0 1 0
125 (4,5)->(2,10)
0 1 0
126 (4,6)->(2,11)
0 1 0
127 (4,7)->(2,12)
0 1 0
128 (4,8)->(2,13)
0 1 0
129 (4,9)->(2,14)
0 1 0
130 (4,10)->(2,0)
0 1 0
131 (4,11)->(2,1)
0 1 1
132 (4,12)->(2,2)
0 1 1
133 (4,13)->(2,3)
0 1 1
134 (4,14)->(2,4)
0 0 0
135 (4,0)->(3,4)
0 0 0
136 (4,1)->(3,5)
0 0 0
137 (4,2)->(3,6)
0 0 0
138 (4,3)->(3,7)
0 0 0
139 (4,4)->(3,8)
0 0 0
140 (4,5)->(3,9)
0 0 0
141 (4,6)->(3,10)
0 0 0
142 (4,7)->(3,11)
0 0 0
143 (4,8)->(3,12)
0 0 0
144 (4,9)->(3,13)
0 0 0
145 (4,10)->(3,14)
0 0 0
146 (4,11)->(3,0)
0 0 0
147 (4,12)->(3,1)
0 0 0
148 (4,13)->(3,2)
0 0 0
149 (4,14)->(3,3)
0 0 0
1
0 (0,0)->(4,3)
0 0 0
1 (0,1)->(4,4)
0 0 1
2 (0,2)->(4,5)
0 0 1
3 (0,3)->(4,6)
0 0 1
4 (0,4)->(4,7)
0 0 1
5 (0,5)->(4,8)
0 0 1
6 (0,6)->(4,9)
0 0 0
7 (0,7)->(4,10)
0 0 0
8 (0,8)->(4,11)
0 0 0
9 (0,9)->(4,12)
0 0 0
10 (0,10)->(4,13)
0 0 0
11 (0,11)->(4,14)
0 0 0
12 (0,12)->(4,0)
0 0 0
13 (0,13)->(4,1)
0 0 0
14 (0,14)->(4,2)
0 0 0
15 (0,0)->(1,4)
0 0 0
16 (0,1)->(1,5)
0 0 0
17 (0,2)->(1,6)
0 0 0
18 (0,3)->(1,7)
0 0 0
19 (0,4)->(1,8)
0 0 0
20 (0,5)->(1,9)
0 0 0
21 (0,6)->(1,10)
0 0 0
22 (0,7)->(1,11)
0 0 0
23 (0,8)->(1,12)
0 0 0
24 (0,9)->(1,13)
0 0 0
25 (0,10)->(1,14)
0 0 0
26 (0,11)->(1,0)
0 0 0
27 (0,12)->(1,1)
0 0 0
28 (0,13)->(1,2)
0 0 0
29 (0,14)->(1,3)
0 0 0
30 (1,0)->(2,4)
0 0 0
31 (1,1)->(2,5)
0 0 0
32 (1,2)->(2,6)
0 0 0
33 (1,3)->(2,7)
0 0 0
34 (1,4)->(2,8)
0 0 0
35 (1,5)->(2,9)
0 0 0
36 (1,6)->(2,10)
0 0 0
37 (1,7)->(2,11)
0 0 0
38 (1,8)->(2,12)
0 0 0
39 (1,9)->(2,13)
0 0 0
40 (1,10)->(2,14)
0 0 0
41 (1,11)->(2,0)
0 0 0
42 (1,12)->(2,1)
0 0 0
43 (1,13)->(2,2)
0 0 0
44 (1,14)->(2,3)
0 0 0
45 (1,0)->(0,5)
0 0 0
46 (1,1)->(0,6)
0 0 0
47 (1,2)->(0,7)
0 0 0
48 (1,3)->(0,8)
0 0 0
49 (1,4)->(0,9)
0 0 0
50 (1,5)->(0,10)
0 0 0
51 (1,6)->(0,11)
0 0 0
52 (1,7)->(0,12)
0 0 0
53 (1,8)->(0,13)
0 0 0
54 (1,9)->(0,14)
0 0 0
55 (1,10)->(0,0)
0 0 0
56 (1,11)->(0,1)
0 0 0
57 (1,12)->(0,2)
0 0 0
58 (1,13)->(0,3)
0 0 0
59 (1,14)->(0,4)
0 0 0
60 (2,0)->(3,3)
1 1 1
61 (2,1)->(3,4)
1 1 1
62 (2,2)->(3,5)
1 1 1
63 (2,3)->(3,6)
1 1 1
64 (2,4)->(3,7)
1 1 1
65 (2,5)->(3,8)
1 1 1
66 (2,6)->(3,9)
1 1 1
67 (2,7)->(3,10)
1 1 1
68 (2,8)->(3,11)
1 1 1
69 (2,9)->(3,12)
1 1 1
70 (2,10)->(3,13)
0 0 0
71 (2,11)->(3,14)
0 0 0
72 (2,12)->(3,0)
1 1 1
73 (2,13)->(3,1)
1 1 1
74 (2,14)->(3,2)
1 1 1
75 (2,0)->(0,4)
1 0 1
76 (2,1)->(0,5)
1 0 1
77 (2,2)->(0,6)
1 0 0
78 (2,3)->(0,7)
1 0 0
79 (2,4)->(0,8)
1 0 0
80 (2,5)->(0,9)
1 0 0
81 (2,6)->(0,10)
1 0 0
82 (2,7)->(0,11)
1 0 0
83 (2,8)->(0,12)
1 0 0
84 (2,9)->(0,13)
1 0 0
85 (2,10)->(0,14)
0 0 0
86 (2,11)->(0,0)
0 0 0
87 (2,12)->(0,1)
1 0 1
88 (2,13)->(0,2)
1 0 1
89 (2,14)->(0,3)
1 0 1
90 (3,0)->(1,5)
0 0 0
91 (3,1)->(1,6)
0 0 0
92 (3,2)->(1,7)
0 0 0
93 (3,3)->(1,8)
0 0 0
94 (3,4)->(1,9)
0 0 0
95 (3,5)->(1,10)
0 0 0
96 (3,6)->(1,11)
0 0 0
97 (3,7)->(1,12)
0 0 0
98 (3,8)->(1,13)
0 0 0
99 (3,9)->(1,14)
0 0 0
100 (3,10)->(1,0)
0 0 0
101 (3,11)->(1,1)
0 0 0
102 (3,12)->(1,2)
0 0 0
103 (3,13)->(1,3)
0 0 0
104 (3,14)->(1,4)
0 0 0
105 (3,0)->(4,4)
0 0 0
106 (3,1)->(4,5)
0 0 0
107 (3,2)->(4,6)
0 0 0
108 (3,3)->(4,7)
0 0 0
109 (3,4)->(4,8)
0 0 0
110 (3,5)->(4,9)
0 0 0
111 (3,6)->(4,10)
0 0 0
112 (3,7)->(4,11)
0 0 0
113 (3,8)->(4,12)
0 0 0
114 (3,9)->(4,13)
0 0 0
115 (3,10)->(4,14)
0 0 0
116 (3,11)->(4,0)
0 0 0
117 (3,12)->(4,1)
0 0 0
118 (3,13)->(4,2)
0 0 0
119 (3,14)->(4,3)
0 0 0
120 (4,0)->(2,5)
0 0 0
121 (4,1)->(2,6)
0 0 0
122 (4,2)->(2,7)
0 0 0
123 (4,3)->(2,8)
0 0 0
124 (4,4)->(2,9)
0 0 0
125 (4,5)->(2,10)
0 0 0
126 (4,6)->(2,11)
0 0 0
127 (4,7)->(2,12)
0 0 0
128 (4,8)->(2,13)
0 0 0
129 (4,9)->(2,14)
0 0 0
130 (4,10)->(2,0)
0 0 0
131 (4,11)->(2,1)
0 0 0
132 (4,12)->(2,2)
0 0 0
133 (4,13)->(2,3)
0 0 0
134 (4,14)->(2,4)
0 0 0
135 (4,0)->(3,4)
0 1 0
136 (4,1)->(3,5)
0 1 0
137 (4,2)->(3,6)
0 1 0
138 (4,3)->(3,7)
0 1 0
139 (4,4)->(3,8)
0 1 1
140 (4,5)->(3,9)
0 1 1
141 (4,6)->(3,10)
0 1 1
142 (4,7)->(3,11)
0 1 1
143 (4,8)->(3,12)
0 1 1
144 (4,9)->(3,13)
0 0 0
145 (4,10)->(3,14)
0 0 0
146 (4,11)->(3,0)
0 1 0
147 (4,12)->(3,1)
0 1 0
148 (4,13)->(3,2)
0 1 0
149 (4,14)->(3,3)
0 1 0
2
0 (0,0)->(4,3)
0 0 0
1 (0,1)->(4,4)
1 0 1
2 (0,2)->(4,5)
1 0 1
3 (0,3)->(4,6)
1 0 1
4 (0,4)->(4,7)
1 0 1
5 (0,5)->(4,8)
1 0 1
6 (0,6)->(4,9)
1 0 1
7 (0,7)->(4,10)
1 0 1
8 (0,8)->(4,11)
1 0 1
9 (0,9)->(4,12)
0 0 0
10 (0,10)->(4,13)
0 0 0
11 (0,11)->(4,14)
0 0 0
12 (0,12)->(4,0)
0 0 0
13 (0,13)->(4,1)
0 0 0
14 (0,14)->(4,2)
0 0 0
15 (0,0)->(1,4)
0 0 0
16 (0,1)->(1,5)
1 0 1
17 (0,2)->(1,6)
1 0 1
18 (0,3)->(1,7)
1 0 1
19 (0,4)->(1,8)
1 0 1
20 (0,5)->(1,9)
1 0 1
21 (0,6)->(1,10)
1 0 1
22 (0,7)->(1,11)
1 0 1
23 (0,8)->(1,12)
1 0 1
24 (0,9)->(1,13)
0 0 0
25 (0,10)->(1,14)
0 0 0
26 (0,11)->(1,0)
0 0 0
27 (0,12)->(1,1)
0 0 0
28 (0,13)->(1,2)
0 0 0
29 (0,14)->(1,3)
0 0 0
30 (1,0)->(2,4)
0 0 0
31 (1,1)->(2,5)
0 0 0
32 (1,2)->(2,6)
0 0 0
33 (1,3)->(2,7)
0 0 0
34 (1,4)->(2,8)
0 0 0
35 (1,5)->(2,9)
0 1 1
36 (1,6)->(2,10)
0 1 1
37 (1,7)->(2,11)
0 1 1
38 (1,8)->(2,12)
0 1 1
39 (1,9)->(2,13)
0 1 1
40 (1,10)->(2,14)
0 1 1
41 (1,11)->(2,0)
0 1 1
42 (1,12)->(2,1)
0 1 1
43 (1,13)->(2,2)
0 0 0
44 (1,14)->(2,3)
0 0 0
45 (1,0)->(0,5)
0 0 0
46 (1,1)->(0,6)
0 0 0
47 (1,2)->(0,7)
0 0 0
48 (1,3)->(0,8)
0 0 0
49 (1,4)->(0,9)
0 0 0
50 (1,5)->(0,10)
0 0 0
51 (1,6)->(0,11)
0 0 0
52 (1,7)->(0,12)
0 0 0
53 (1,8)->(0,13)
0 0 0
54 (1,9)->(0,14)
0 0 0
55 (1,10)->(0,0)
0 0 0
56 (1,11)->(0,1)
0 0 0
57 (1,12)->(0,2)
0 0 0
58 (1,13)->(0,3)
0 0 0
59 (1,14)->(0,4)
0 0 0
60 (2,0)->(3,3)
0 0 0
61 (2,1)->(3,4)
0 0 0
62 (2,2)->(3,5)
0 0 0
63 (2,3)->(3,6)
0 0 0
64 (2,4)->(3,7)
0 0 0
65 (2,5)->(3,8)
0 0 0
66 (2,6)->(3,9)
0 0 0
67 (2,7)->(3,10)
0 0 0
68 (2,8)->(3,11)
0 0 0
69 (2,9)->(3,12)
0 0 0
70 (2,10)->(3,13)
0 0 0
71 (2,11)->(3,14)
0 0 0
72 (2,12)->(3,0)
0 0 0
73 (2,13)->(3,1)
0 0 0
74 (2,14)->(3,2)
0 0 0
75 (2,0)->(0,4)
0 0 0
76 (2,1)->(0,5)
0 0 0
77 (2,2)->(0,6)
0 0 0
78 (2,3)->(0,7)
0 0 0
79 (2,4)->(0,8)
0 0 0
80 (2,5)->(0,9)
0 0 0
81 (2,6)->(0,10)
0 0 0
82 (2,7)->(0,11)
0 0 0
83 (2,8)->(0,12)
0 0 0
84 (2,9)->(0,13)
0 0 0
85 (2,10)->(0,14)
0 0 0
86 (2,11)->(0,0)
0 0 0
87 (2,12)->(0,1)
0 0 0
88 (2,13)->(0,2)
0 0 0
89 (2,14)->(0,3)
0 0 0
90 (3,0)->(1,5)
0 0 0
91 (3,1)->(1,6)
0 0 0
92 (3,2)->(1,7)
0 0 0
93 (3,3)->(1,8)
0 0 0
94 (3,4)->(1,9)
0 0 0
95 (3,5)->(1,10)
0 0 0
96 (3,6)->(1,11)
0 0 0
97 (3,7)->(1,12)
0 0 0
98 (3,8)->(1,13)
0 0 0
99 (3,9)->(1,14)
0 0 0
100 (3,10)->(1,0)
0 0 0
101 (3,11)->(1,1)
0 0 0
102 (3,12)->(1,2)
0 0 0
103 (3,13)->(1,3)
0 0 0
104 (3,14)->(1,4)
0 0 0
105 (3,0)->(4,4)
0 0 0
106 (3,1)->(4,5)
0 0 0
107 (3,2)->(4,6)
0 0 0
108 (3,3)->(4,7)
0 0 0
109 (3,4)->(4,8)
0 0 0
110 (3,5)->(4,9)
0 0 0
111 (3,6)->(4,10)
0 0 0
112 (3,7)->(4,11)
0 0 0
113 (3,8)->(4,12)
0 0 0
114 (3,9)->(4,13)
0 0 0
115 (3,10)->(4,14)
0 0 0
116 (3,11)->(4,0)
0 0 0
117 (3,12)->(4,1)
0 0 0
118 (3,13)->(4,2)
0 0 0
119 (3,14)->(4,3)
0 0 0
120 (4,0)->(2,5)
0 0 0
121 (4,1)->(2,6)
0 0 0
122 (4,2)->(2,7)
0 0 0
123 (4,3)->(2,8)
0 0 0
124 (4,4)->(2,9)
0 1 1
125 (4,5)->(2,10)
0 1 1
126 (4,6)->(2,11)
0 1 1
127 (4,7)->(2,12)
0 1 1
128 (4,8)->(2,13)
0 1 1
129 (4,9)->(2,14)
0 1 1
130 (4,10)->(2,0)
0 1 1
131 (4,11)->(2,1)
0 1 1
132 (4,12)->(2,2)
0 0 0
133 (4,13)->(2,3)
0 0 0
134 (4,14)->(2,4)
0 0 0
135 (4,0)->(3,4)
0 0 0
136 (4,1)->(3,5)
0 0 0
137 (4,2)->(3,6)
0 0 0
138 (4,3)->(3,7)
0 0 0
139 (4,4)->(3,8)
0 0 0
140 (4,5)->(3,9)
0 0 0
141 (4,6)->(3,10)
0 0 0
142 (4,7)->(3,11)
0 0 0
143 (4,8)->(3,12)
0 0 0
144 (4,9)->(3,13)
0 0 0
145 (4,10)->(3,14)
0 0 0
146 (4,11)->(3,0)
0 0 0
147 (4,12)->(3,1)
0 0 0
148 (4,13)->(3,2)
0 0 0
149 (4,14)->(3,3)
0 0 0
3
0 (0,0)->(4,3)
0 0 0
1 (0,1)->(4,4)
0 0 0
2 (0,2)->(4,5)
0 0 0
3 (0,3)->(4,6)
0 0 0
4 (0,4)->(4,7)
0 0 0
5 (0,5)->(4,8)
0 0 0
6 (0,6)->(4,9)
0 0 0
7 (0,7)->(4,10)
0 0 0
8 (0,8)->(4,11)
0 0 1
9 (0,9)->(4,12)
0 0 1
10 (0,10)->(4,13)
0 0 1
11 (0,11)->(4,14)
0 0 1
12 (0,12)->(4,0)
0 0 1
13 (0,13)->(4,1)
0 0 0
14 (0,14)->(4,2)
0 0 0
15 (0,0)->(1,4)
0 0 0
16 (0,1)->(1,5)
0 0 0
17 (0,2)->(1,6)
0 0 0
18 (0,3)->(1,7)
0 0 0
19 (0,4)->(1,8)
0 0 0
20 (0,5)->(1,9)
0 0 0
21 (0,6)->(1,10)
0 0 0
22 (0,7)->(1,11)
0 0 0
23 (0,8)->(1,12)
0 0 0
24 (0,9)->(1,13)
0 0 0
25 (0,10)->(1,14)
0 0 0
26 (0,11)->(1,0)
0 0 0
27 (0,12)->(1,1)
0 0 0
28 (0,13)->(1,2)
0 0 0
29 (0,14)->(1,3)
0 0 0
30 (1,0)->(2,4)
0 0 0
31 (1,1)->(2,5)
0 0 0
32 (1,2)->(2,6)
0 0 0
33 (1,3)->(2,7)
0 0 0
34 (1,4)->(2,8)
0 0 0
35 (1,5)->(2,9)
0 0 0
36 (1,6)->(2,10)
0 0 0
37 (1,7)->(2,11)
0 0 0
38 (1,8)->(2,12)
0 0 0
39 (1,9)->(2,13)
0 0 0
40 (1,10)->(2,14)
0 0 0
41 (1,11)->(2,0)
0 0 0
42 (1,12)->(2,1)
0 0 0
43 (1,13)->(2,2)
0 0 0
44 (1,14)->(2,3)
0 0 0
45 (1,0)->(0,5)
0 0 0
46 (1,1)->(0,6)
0 0 0
47 (1,2)->(0,7)
0 0 0
48 (1,3)->(0,8)
0 0 0
49 (1,4)->(0,9)
0 0 0
50 (1,5)->(0,10)
0 0 0
51 (1,6)->(0,11)
0 0 0
52 (1,7)->(0,12)
0 0 0
53 (1,8)->(0,13)
0 0 0
54 (1,9)->(0,14)
0 0 0
55 (1,10)->(0,0)
0 0 0
56 (1,11)->(0,1)
0 0 0
57 (1,12)->(0,2)
0 0 0
58 (1,13)->(0,3)
0 0 0
59 (1,14)->(0,4)
0 0 0
60 (2,0)->(3,3)
1 1 1
61 (2,1)->(3,4)
1 1 1
62 (2,2)->(3,5)
0 0 0
63 (2,3)->(3,6)
0 0 0
64 (2,4)->(3,7)
1 1 1
65 (2,5)->(3,8)
1 1 1
66 (2,6)->(3,9)
1 1 1
67 (2,7)->(3,10)
1 1 1
68 (2,8)->(3,11)
1 1 1
69 (2,9)->(3,12)
1 1 1
70 (2,10)->(3,13)
1 1 1
71 (2,11)->(3,14)
1 1 1
72 (2,12)->(3,0)
1 1 1
73 (2,13)->(3,1)
1 1 1
74 (2,14)->(3,2)
1 1 1
75 (2,0)->(0,4)
1 0 0
76 (2,1)->(0,5)
1 0 0
77 (2,2)->(0,6)
0 0 0
78 (2,3)->(0,7)
0 0 0
79 (2,4)->(0,8)
1 0 1
80 (2,5)->(0,9)
1 0 1
81 (2,6)->(0,10)
1 0 1
82 (2,7)->(0,11)
1 0 1
83 (2,8)->(0,12)
1 0 1
84 (2,9)->(0,13)
1 0 0
85 (2,10)->(0,14)
1 0 0
86 (2,11)->(0,0)
1 0 0
87 (2,12)->(0,1)
1 0 0
88 (2,13)->(0,2)
1 0 0
89 (2,14)->(0,3)
1 0 0
90 (3,0)->(1,5)
0 0 0
91 (3,1)->(1,6)
0 0 0
92 (3,2)->(1,7)
0 0 0
93 (3,3)->(1,8)
0 0 0
94 (3,4)->(1,9)
0 0 0
95 (3,5)->(1,10)
0 0 0
96 (3,6)->(1,11)
0 0 0
97 (3,7)->(1,12)
0 0 0
98 (3,8)->(1,13)
0 0 0
99 (3,9)->(1,14)
0 0 0
100 (3,10)->(1,0)
0 0 0
101 (3,11)->(1,1)
0 0 0
102 (3,12)->(1,2)
0 0 0
103 (3,13)->(1,3)
0 0 0
104 (3,14)->(1,4)
0 0 0
105 (3,0)->(4,4)
0 0 0
106 (3,1)->(4,5)
0 0 0
107 (3,2)->(4,6)
0 0 0
108 (3,3)->(4,7)
0 0 0
109 (3,4)->(4,8)
0 0 0
110 (3,5)->(4,9)
0 0 0
111 (3,6)->(4,10)
0 0 0
112 (3,7)->(4,11)
0 0 0
113 (3,8)->(4,12)
0 0 0
114 (3,9)->(4,13)
0 0 0
115 (3,10)->(4,14)
0 0 0
116 (3,11)->(4,0)
0 0 0
117 (3,12)->(4,1)
0 0 0
118 (3,13)->(4,2)
0 0 0
119 (3,14)->(4,3)
0 0 0
120 (4,0)->(2,5)
0 0 0
121 (4,1)->(2,6)
0 0 0
122 (4,2)->(2,7)
0 0 0
123 (4,3)->(2,8)
0 0 0
124 (4,4)->(2,9)
0 0 0
125 (4,5)->(2,10)
0 0 0
126 (4,6)->(2,11)
0 0 0
127 (4,7)->(2,12)
0 0 0
128 (4,8)->(2,13)
0 0 0
129 (4,9)->(2,14)
0 0 0
130 (4,10)->(2,0)
0 0 0
131 (4,11)->(2,1)
0 0 0
132 (4,12)->(2,2)
0 0 0
133 (4,13)->(2,3)
0 0 0
134 (4,14)->(2,4)
0 0 0
135 (4,0)->(3,4)
0 1 1
136 (4,1)->(3,5)
0 0 0
137 (4,2)->(3,6)
0 0 0
138 (4,3)->(3,7)
0 1 0
139 (4,4)->(3,8)
0 1 0
140 (4,5)->(3,9)
0 1 0
141 (4,6)->(3,10)
0 1 0
142 (4,7)->(3,11)
0 1 0
143 (4,8)->(3,12)
0 1 0
144 (4,9)->(3,13)
0 1 0
145 (4,10)->(3,14)
0 1 0
146 (4,11)->(3,0)
0 1 1
147 (4,12)->(3,1)
0 1 1
148 (4,13)->(3,2)
0 1 1
149 (4,14)->(3,3)
0 1 1
4
0 (0,0)->(4,3)
0 0 0
1 (0,1)->(4,4)
0 0 0
2 (0,2)->(4,5)
0 0 0
3 (0,3)->(4,6)
0 0 0
4 (0,4)->(4,7)
0 0 0
5 (0,5)->(4,8)
0 0 0
6 (0,6)->(4,9)
0 0 0
7 (0,7)->(4,10)
0 0 0
8 (0,8)->(4,11)
0 0 0
9 (0,9)->(4,12)
0 0 0
10 (0,10)->(4,13)
0 0 0
11 (0,11)->(4,14)
0 0 0
12 (0,12)->(4,0)
0 0 0
13 (0,13)->(4,1)
0 0 0
14 (0,14)->(4,2)
0 0 0
15 (0,0)->(1,4)
0 0 0
16 (0,1)->(1,5)
0 0 0
17 (0,2)->(1,6)
0 0 0
18 (0,3)->(1,7)
0 0 0
19 (0,4)->(1,8)
0 0 0
20 (0,5)->(1,9)
0 0 0
21 (0,6)->(1,10)
0 0 0
22 (0,7)->(1,11)
0 0 0
23 (0,8)->(1,12)
0 0 0
24 (0,9)->(1,13)
0 0 0
25 (0,10)->(1,14)
0 0 0
26 (0,11)->(1,0)
0 0 0
27 (0,12)->(1,1)
0 0 0
28 (0,13)->(1,2)
0 0 0
29 (0,14)->(1,3)
0 0 0
30 (1,0)->(2,4)
0 0 0
31 (1,1)->(2,5)
0 0 0
32 (1,2)->(2,6)
0 0 0
33 (1,3)->(2,7)
0 0 0
34 (1,4)->(2,8)
0 0 0
35 (1,5)->(2,9)
0 0 0
36 (1,6)->(2,10)
0 0 0
37 (1,7)->(2,11)
0 0 0
38 (1,8)->(2,12)
0 0 0
39 (1,9)->(2,13)
0 0 0
40 (1,10)->(2,14)
0 0 0
41 (1,11)->(2,0)
0 0 0
42 (1,12)->(2,1)
0 0 0
43 (1,13)->(2,2)
0 0 0
44 (1,14)->(2,3)
0 0 0
45 (1,0)->(0,5)
0 1 1
46 (1,1)->(0,6)
0 1 1
47 (1,2)->(0,7)
0 0 0
48 (1,3)->(0,8)
0 0 0
49 (1,4)->(0,9)
0 0 0
50 (1,5)->(0,10)
0 1 0
51 (1,6)->(0,11)
0 1 0
52 (1,7)->(0,12)
0 1 0
53 (1,8)->(0,13)
0 1 0
54 (1,9)->(0,14)
0 1 0
55 (1,10)->(0,0)
0 1 0
56 (1,11)->(0,1)
0 1 0
57 (1,12)->(0,2)
0 1 0
58 (1,13)->(0,3)
0 1 0
59 (1,14)->(0,4)
0 1 1
60 (2,0)->(3,3)
1 0 0
61 (2,1)->(3,4)
1 0 0
62 (2,2)->(3,5)
1 0 0
63 (2,3)->(3,6)
0 0 0
64 (2,4)->(3,7)
0 0 0
65 (2,5)->(3,8)
0 0 0
66 (2,6)->(3,9)
1 0 1
67 (2,7)->(3,10)
1 0 1
68 (2,8)->(3,11)
1 0 1
69 (2,9)->(3,12)
1 0 0
70 (2,10)->(3,13)
1 0 0
71 (2,11)->(3,14)
1 0 0
72 (2,12)->(3,0)
1 0 0
73 (2,13)->(3,1)
1 0 0
74 (2,14)->(3,2)
1 0 0
75 (2,0)->(0,4)
1 1 1
76 (2,1)->(0,5)
1 1 1
77 (2,2)->(0,6)
1 1 1
78 (2,3)->(0,7)
0 0 0
79 (2,4)->(0,8)
0 0 0
80 (2,5)->(0,9)
0 0 0
81 (2,6)->(0,10)
1 1 1
82 (2,7)->(0,11)
1 1 1
83 (2,8)->(0,12)
1 1 1
84 (2,9)->(0,13)
1 1 1
85 (2,10)->(0,14)
1 1 1
86 (2,11)->(0,0)
1 1 1
87 (2,12)->(0,1)
1 1 1
88 (2,13)->(0,2)
1 1 1
89 (2,14)->(0,3)
1 1 1
90 (3,0)->(1,5)
0 0 0
91 (3,1)->(1,6)
0 0 0
92 (3,2)->(1,7)
0 0 0
93 (3,3)->(1,8)
0 0 0
94 (3,4)->(1,9)
0 0 0
95 (3,5)->(1,10)
0 0 0
96 (3,6)->(1,11)
0 0 0
97 (3,7)->(1,12)
0 0 0
98 (3,8)->(1,13)
0 0 0
99 (3,9)->(1,14)
0 0 1
100 (3,10)->(1,0)
0 0 1
101 (3,11)->(1,1)
0 0 1
102 (3,12)->(1,2)
0 0 0
103 (3,13)->(1,3)
0 0 0
104 (3,14)->(1,4)
0 0 0
105 (3,0)->(4,4)
0 0 0
106 (3,1)->(4,5)
0 0 0
107 (3,2)->(4,6)
0 0 0
108 (3,3)->(4,7)
0 0 0
109 (3,4)->(4,8)
0 0 0
110 (3,5)->(4,9)
0 0 0
111 (3,6)->(4,10)
0 0 0
112 (3,7)->(4,11)
0 0 0
113 (3,8)->(4,12)
0 0 0
114 (3,9)->(4,13)
0 0 0
115 (3,10)->(4,14)
0 0 0
116 (3,11)->(4,0)
0 0 0
117 (3,12)->(4,1)
0 0 0
118 (3,13)->(4,2)
0 0 0
119 (3,14)->(4,3)
0 0 0
120 (4,0)->(2,5)
0 0 0
121 (4,1)->(2,6)
0 0 0
122 (4,2)->(2,7)
0 0 0
123 (4,3)->(2,8)
0 0 0
124 (4,4)->(2,9)
0 0 0
125 (4,5)->(2,10)
0 0 0
126 (4,6)->(2,11)
0 0 0
127 (4,7)->(2,12)
0 0 0
128 (4,8)->(2,13)
0 0 0
129 (4,9)->(2,14)
0 0 0
130 (4,10)->(2,0)
0 0 0
131 (4,11)->(2,1)
0 0 0
132 (4,12)->(2,2)
0 0 0
133 (4,13)->(2,3)
0 0 0
134 (4,14)->(2,4)
0 0 0
135 (4,0)->(3,4)
0 0 0
136 (4,1)->(3,5)
0 0 0
137 (4,2)->(3,6)
0 0 0
138 (4,3)->(3,7)
0 0 0
139 (4,4)->(3,8)
0 0 0
140 (4,5)->(3,9)
0 0 0
141 (4,6)->(3,10)
0 0 0
142 (4,7)->(3,11)
0 0 0
143 (4,8)->(3,12)
0 0 0
144 (4,9)->(3,13)
0 0 0
145 (4,10)->(3,14)
0 0 0
146 (4,11)->(3,0)
0 0 0
147 (4,12)->(3,1)
0 0 0
148 (4,13)->(3,2)
0 0 0
149 (4,14)->(3,3)
0 0 0
5
0 (0,0)->(4,3)
0 0 0
1 (0,1)->(4,4)
0 0 0
2 (0,2)->(4,5)
0 0 0
3 (0,3)->(4,6)
0 0 0
4 (0,4)->(4,7)
0 0 0
5 (0,5)->(4,8)
0 0 0
6 (0,6)->(4,9)
0 1 1
7 (0,7)->(4,10)
0 1 1
8 (0,8)->(4,11)
0 1 1
9 (0,9)->(4,12)
0 1 1
10 (0,10)->(4,13)
0 1 1
11 (0,11)->(4,14)
0 1 1
12 (0,12)->(4,0)
0 1 1
13 (0,13)->(4,1)
0 1 1
14 (0,14)->(4,2)
0 1 1
15 (0,0)->(1,4)
0 0 0
16 (0,1)->(1,5)
0 0 0
17 (0,2)->(1,6)
0 0 0
18 (0,3)->(1,7)
0 0 0
19 (0,4)->(1,8)
0 0 0
20 (0,5)->(1,9)
0 0 0
21 (0,6)->(1,10)
0 0 0
22 (0,7)->(1,11)
0 0 0
23 (0,8)->(1,12)
0 0 0
24 (0,9)->(1,13)
0 0 0
25 (0,10)->(1,14)
0 0 0
26 (0,11)->(1,0)
0 0 0
27 (0,12)->(1,1)
0 0 0
28 (0,13)->(1,2)
0 0 0
29 (0,14)->(1,3)
0 0 0
30 (1,0)->(2,4)
0 0 0
31 (1,1)->(2,5)
0 0 0
32 (1,2)->(2,6)
0 0 0
33 (1,3)->(2,7)
0 0 0
34 (1,4)->(2,8)
0 0 0
35 (1,5)->(2,9)
0 0 0
36 (1,6)->(2,10)
0 0 0
37 (1,7)->(2,11)
0 0 0
38 (1,8)->(2,12)
0 0 0
39 (1,9)->(2,13)
0 0 0
40 (1,10)->(2,14)
0 0 0
41 (1,11)->(2,0)
0 0 0
42 (1,12)->(2,1)
0 0 0
43 (1,13)->(2,2)
0 0 0
44 (1,14)->(2,3)
0 0 0
45 (1,0)->(0,5)
0 0 0
46 (1,1)->(0,6)
0 0 0
47 (1,2)->(0,7)
0 0 0
48 (1,3)->(0,8)
0 0 0
49 (1,4)->(0,9)
0 0 0
50 (1,5)->(0,10)
0 0 0
51 (1,6)->(0,11)
0 0 0
52 (1,7)->(0,12)
0 0 0
53 (1,8)->(0,13)
0 0 0
54 (1,9)->(0,14)
0 0 0
55 (1,10)->(0,0)
0 0 0
56 (1,11)->(0,1)
0 0 0
57 (1,12)->(0,2)
0 0 0
58 (1,13)->(0,3)
0 0 0
59 (1,14)->(0,4)
0 0 0
60 (2,0)->(3,3)
0 0 0
61 (2,1)->(3,4)
0 0 0
62 (2,2)->(3,5)
1 0 1
63 (2,3)->(3,6)
1 0 1
64 (2,4)->(3,7)
1 0 1
65 (2,5)->(3,8)
1 0 1
66 (2,6)->(3,9)
1 0 1
67 (2,7)->(3,10)
1 0 1
68 (2,8)->(3,11)
1 0 1
69 (2,9)->(3,12)
1 0 1
70 (2,10)->(3,13)
1 0 1
71 (2,11)->(3,14)
0 0 0
72 (2,12)->(3,0)
0 0 0
73 (2,13)->(3,1)
0 0 0
74 (2,14)->(3,2)
0 0 0
75 (2,0)->(0,4)
0 0 0
76 (2,1)->(0,5)
0 0 0
77 (2,2)->(0,6)
1 0 1
78 (2,3)->(0,7)
1 0 1
79 (2,4)->(0,8)
1 0 1
80 (2,5)->(0,9)
1 0 1
81 (2,6)->(0,10)
1 0 1
82 (2,7)->(0,11)
1 0 1
83 (2,8)->(0,12)
1 0 1
84 (2,9)->(0,13)
1 0 1
85 (2,10)->(0,14)
1 0 1
86 (2,11)->(0,0)
0 0 0
87 (2,12)->(0,1)
0 0 0
88 (2,13)->(0,2)
0 0 0
89 (2,14)->(0,3)
0 0 0
90 (3,0)->(1,5)
0 0 0
91 (3,1)->(1,6)
0 0 0
92 (3,2)->(1,7)
0 0 0
93 (3,3)->(1,8)
0 0 0
94 (3,4)->(1,9)
0 0 0
95 (3,5)->(1,10)
0 0 0
96 (3,6)->(1,11)
0 0 0
97 (3,7)->(1,12)
0 0 0
98 (3,8)->(1,13)
0 0 0
99 (3,9)->(1,14)
0 0 0
100 (3,10)->(1,0)
0 0 0
101 (3,11)->(1,1)
0 0 0
102 (3,12)->(1,2)
0 0 0
103 (3,13)->(1,3)
0 0 0
104 (3,14)->(1,4)
0 0 0
105 (3,0)->(4,4)
0 0 0
106 (3,1)->(4,5)
0 0 0
107 (3,2)->(4,6)
0 0 0
108 (3,3)->(4,7)
0 0 0
109 (3,4)->(4,8)
0 0 0
110 (3,5)->(4,9)
0 1 1
111 (3,6)->(4,10)
0 1 1
112 (3,7)->(4,11)
0 1 1
113 (3,8)->(4,12)
0 1 1
114 (3,9)->(4,13)
0 1 1
115 (3,10)->(4,14)
0 1 1
116 (3,11)->(4,0)
0 1 1
117 (3,12)->(4,1)
0 1 1
118 (3,13)->(4,2)
0 1 1
119 (3,14)->(4,3)
0 0 0
120 (4,0)->(2,5)
0 0 0
121 (4,1)->(2,6)
0 0 0
122 (4,2)->(2,7)
0 0 0
123 (4,3)->(2,8)
0 0 0
124 (4,4)->(2,9)
0 0 0
125 (4,5)->(2,10)
0 0 0
126 (4,6)->(2,11)
0 0 0
127 (4,7)->(2,12)
0 0 0
128 (4,8)->(2,13)
0 0 0
129 (4,9)->(2,14)
0 0 0
130 (4,10)->(2,0)
0 0 0
131 (4,11)->(2,1)
0 0 0
132 (4,12)->(2,2)
0 0 0
133 (4,13)->(2,3)
0 0 0
134 (4,14)->(2,4)
0 0 0
135 (4,0)->(3,4)
0 0 0
136 (4,1)->(3,5)
0 0 0
137 (4,2)->(3,6)
0 0 0
138 (4,3)->(3,7)
0 0 0
139 (4,4)->(3,8)
0 0 0
140 (4,5)->(3,9)
0 0 0
141 (4,6)->(3,10)
0 0 0
142 (4,7)->(3,11)
0 0 0
143 (4,8)->(3,12)
0 0 0
144 (4,9)->(3,13)
0 0 0
145 (4,10)->(3,14)
0 0 0
146 (4,11)->(3,0)
0 0 0
147 (4,12)->(3,1)
0 0 0
148 (4,13)->(3,2)
0 0 0
149 (4,14)->(3,3)
0 0 0
6
0 (0,0)->(4,3)
0 0 0
1 (0,1)->(4,4)
0 0 0
2 (0,2)->(4,5)
0 0 0
3 (0,3)->(4,6)
0 0 0
4 (0,4)->(4,7)
0 0 0
5 (0,5)->(4,8)
0 0 0
6 (0,6)->(4,9)
0 0 0
7 (0,7)->(4,10)
0 0 0
8 (0,8)->(4,11)
0 0 0
9 (0,9)->(4,12)
0 0 0
10 (0,10)->(4,13)
0 0 0
11 (0,11)->(4,14)
0 0 0
12 (0,12)->(4,0)
0 0 0
13 (0,13)->(4,1)
0 0 0
14 (0,14)->(4,2)
0 0 0
15 (0,0)->(1,4)
0 0 0
16 (0,1)->(1,5)
0 0 0
17 (0,2)->(1,6)
0 0 0
18 (0,3)->(1,7)
0 0 0
19 (0,4)->(1,8)
0 0 0
20 (0,5)->(1,9)
0 0 0
21 (0,6)->(1,10)
0 0 0
22 (0,7)->(1,11)
0 0 0
23 (0,8)->(1,12)
0 0 0
24 (0,9)->(1,13)
0 0 0
25 (0,10)->(1,14)
0 0 0
26 (0,11)->(1,0)
0 0 0
27 (0,12)->(1,1)
0 0 0
28 (0,13)->(1,2)
0 0 0
29 (0,14)->(1,3)
0 0 0
30 (1,0)->(2,4)
0 0 0
31 (1,1)->(2,5)
0 0 0
32 (1,2)->(2,6)
0 0 0
33 (1,3)->(2,7)
0 0 0
34 (1,4)->(2,8)
0 0 0
35 (1,5)->(2,9)
0 0 0
36 (1,6)->(2,10)
0 0 0
37 (1,7)->(2,11)
0 0 0
38 (1,8)->(2,12)
0 0 0
39 (1,9)->(2,13)
0 0 0
40 (1,10)->(2,14)
0 0 0
41 (1,11)->(2,0)
0 0 0
42 (1,12)->(2,1)
0 0 0
43 (1,13)->(2,2)
0 0 0
44 (1,14)->(2,3)
0 0 0
45 (1,0)->(0,5)
0 0 0
46 (1,1)->(0,6)
0 0 0
47 (1,2)->(0,7)
0 0 0
48 (1,3)->(0,8)
0 1 0
49 (1,4)->(0,9)
0 1 0
50 (1,5)->(0,10)
0 1 0
51 (1,6)->(0,11)
0 1 0
52 (1,7)->(0,12)
0 1 0
53 (1,8)->(0,13)
0 1 1
54 (1,9)->(0,14)
0 1 1
55 (1,10)->(0,0)
0 0 0
56 (1,11)->(0,1)
0 0 0
57 (1,12)->(0,2)
0 0 0
58 (1,13)->(0,3)
0 0 0
59 (1,14)->(0,4)
0 0 0
60 (2,0)->(3,3)
0 0 0
61 (2,1)->(3,4)
0 0 0
62 (2,2)->(3,5)
0 0 0
63 (2,3)->(3,6)
0 0 0
64 (2,4)->(3,7)
0 0 0
65 (2,5)->(3,8)
0 0 0
66 (2,6)->(3,9)
0 0 0
67 (2,7)->(3,10)
0 0 0
68 (2,8)->(3,11)
0 0 0
69 (2,9)->(3,12)
0 0 0
70 (2,10)->(3,13)
0 0 0
71 (2,11)->(3,14)
0 0 0
72 (2,12)->(3,0)
0 0 0
73 (2,13)->(3,1)
0 0 0
74 (2,14)->(3,2)
0 0 0
75 (2,0)->(0,4)
0 0 0
76 (2,1)->(0,5)
0 0 0
77 (2,2)->(0,6)
0 0 0
78 (2,3)->(0,7)
0 0 0
79 (2,4)->(0,8)
0 1 1
80 (2,5)->(0,9)
0 1 1
81 (2,6)->(0,10)
0 1 1
82 (2,7)->(0,11)
0 1 1
83 (2,8)->(0,12)
0 1 1
84 (2,9)->(0,13)
0 1 1
85 (2,10)->(0,14)
0 1 1
86 (2,11)->(0,0)
0 0 0
87 (2,12)->(0,1)
0 0 0
88 (2,13)->(0,2)
0 0 0
89 (2,14)->(0,3)
0 0 0
90 (3,0)->(1,5)
0 0 0
91 (3,1)->(1,6)
0 0 0
92 (3,2)->(1,7)
0 0 0
93 (3,3)->(1,8)
0 0 1
94 (3,4)->(1,9)
0 0 1
95 (3,5)->(1,10)
0 0 0
96 (3,6)->(1,11)
0 0 0
97 (3,7)->(1,12)
0 0 0
98 (3,8)->(1,13)
0 0 0
99 (3,9)->(1,14)
0 0 0
100 (3,10)->(1,0)
0 0 0
101 (3,11)->(1,1)
0 0 0
102 (3,12)->(1,2)
0 0 0
103 (3,13)->(1,3)
0 0 0
104 (3,14)->(1,4)
0 0 0
105 (3,0)->(4,4)
0 0 0
106 (3,1)->(4,5)
0 0 0
107 (3,2)->(4,6)
0 0 0
108 (3,3)->(4,7)
0 0 0
109 (3,4)->(4,8)
0 0 0
110 (3,5)->(4,9)
0 0 0
111 (3,6)->(4,10)
0 0 0
112 (3,7)->(4,11)
0 0 0
113 (3,8)->(4,12)
0 0 0
114 (3,9)->(4,13)
0 0 0
115 (3,10)->(4,14)
0 0 0
116 (3,11)->(4,0)
0 0 0
117 (3,12)->(4,1)
0 0 0
118 (3,13)->(4,2)
0 0 0
119 (3,14)->(4,3)
0 0 0
120 (4,0)->(2,5)
1 0 1
121 (4,1)->(2,6)
1 0 1
122 (4,2)->(2,7)
1 0 1
123 (4,3)->(2,8)
1 0 1
124 (4,4)->(2,9)
1 0 1
125 (4,5)->(2,10)
1 0 1
126 (4,6)->(2,11)
0 0 0
127 (4,7)->(2,12)
0 0 0
128 (4,8)->(2,13)
0 0 0
129 (4,9)->(2,14)
0 0 0
130 (4,10)->(2,0)
0 0 0
131 (4,11)->(2,1)
0 0 0
132 (4,12)->(2,2)
0 0 0
133 (4,13)->(2,3)
0 0 0
134 (4,14)->(2,4)
1 0 1
135 (4,0)->(3,4)
1 0 1
136 (4,1)->(3,5)
1 0 0
137 (4,2)->(3,6)
1 0 0
138 (4,3)->(3,7)
1 0 0
139 (4,4)->(3,8)
1 0 0
140 (4,5)->(3,9)
1 0 0
141 (4,6)->(3,10)
0 0 0
142 (4,7)->(3,11)
0 0 0
143 (4,8)->(3,12)
0 0 0
144 (4,9)->(3,13)
0 0 0
145 (4,10)->(3,14)
0 0 0
146 (4,11)->(3,0)
0 0 0
147 (4,12)->(3,1)
0 0 0
148 (4,13)->(3,2)
0 0 0
149 (4,14)->(3,3)
1 0 1
7
0 (0,0)->(4,3)
1 0 2
1 (0,1)->(4,4)
1 0 1
2 (0,2)->(4,5)
1 0 1
3 (0,3)->(4,6)
1 0 1
4 (0,4)->(4,7)
1 0 1
5 (0,5)->(4,8)
0 0 0
6 (0,6)->(4,9)
0 0 0
7 (0,7)->(4,10)
0 0 0
8 (0,8)->(4,11)
0 0 0
9 (0,9)->(4,12)
0 0 0
10 (0,10)->(4,13)
0 0 0
11 (0,11)->(4,14)
1 0 2
12 (0,12)->(4,0)
1 0 2
13 (0,13)->(4,1)
1 0 2
14 (0,14)->(4,2)
1 0 2
15 (0,0)->(1,4)
1 0 1
16 (0,1)->(1,5)
1 0 0
17 (0,2)->(1,6)
1 0 0
18 (0,3)->(1,7)
1 0 0
19 (0,4)->(1,8)
1 0 0
20 (0,5)->(1,9)
0 0 0
21 (0,6)->(1,10)
0 0 0
22 (0,7)->(1,11)
0 0 0
23 (0,8)->(1,12)
0 0 0
24 (0,9)->(1,13)
0 0 0
25 (0,10)->(1,14)
0 0 0
26 (0,11)->(1,0)
1 0 1
27 (0,12)->(1,1)
1 0 1
28 (0,13)->(1,2)
1 0 1
29 (0,14)->(1,3)
1 0 1
30 (1,0)->(2,4)
0 0 1
31 (1,1)->(2,5)
0 0 1
32 (1,2)->(2,6)
0 0 1
33 (1,3)->(2,7)
0 0 1
34 (1,4)->(2,8)
0 0 1
35 (1,5)->(2,9)
0 0 0
36 (1,6)->(2,10)
0 0 0
37 (1,7)->(2,11)
0 0 0
38 (1,8)->(2,12)
0 0 0
39 (1,9)->(2,13)
0 0 0
40 (1,10)->(2,14)
0 0 0
41 (1,11)->(2,0)
0 0 0
42 (1,12)->(2,1)
0 0 0
43 (1,13)->(2,2)
0 0 0
44 (1,14)->(2,3)
0 0 0
45 (1,0)->(0,5)
0 0 0
46 (1,1)->(0,6)
0 0 0
47 (1,2)->(0,7)
0 0 0
48 (1,3)->(0,8)
0 0 0
49 (1,4)->(0,9)
0 0 0
50 (1,5)->(0,10)
0 0 0
51 (1,6)->(0,11)
0 0 0
52 (1,7)->(0,12)
0 0 0
53 (1,8)->(0,13)
0 0 0
54 (1,9)->(0,14)
0 0 0
55 (1,10)->(0,0)
0 0 0
56 (1,11)->(0,1)
0 0 0
57 (1,12)->(0,2)
0 0 0
58 (1,13)->(0,3)
0 0 0
59 (1,14)->(0,4)
0 0 0
60 (2,0)->(3,3)
0 1 0
61 (2,1)->(3,4)
0 1 0
62 (2,2)->(3,5)
0 1 0
63 (2,3)->(3,6)
0 1 0
64 (2,4)->(3,7)
0 1 2
65 (2,5)->(3,8)
0 1 2
66 (2,6)->(3,9)
0 1 2
67 (2,7)->(3,10)
0 1 2
68 (2,8)->(3,11)
0 1 2
69 (2,9)->(3,12)
0 0 0
70 (2,10)->(3,13)
0 0 0
71 (2,11)->(3,14)
0 0 0
72 (2,12)->(3,0)
0 0 0
73 (2,13)->(3,1)
0 0 0
74 (2,14)->(3,2)
0 0 0
75 (2,0)->(0,4)
0 0 0
76 (2,1)->(0,5)
0 0 0
77 (2,2)->(0,6)
0 0 0
78 (2,3)->(0,7)
0 0 0
79 (2,4)->(0,8)
0 0 0
80 (2,5)->(0,9)
0 0 0
81 (2,6)->(0,10)
0 0 0
82 (2,7)->(0,11)
0 0 0
83 (2,8)->(0,12)
0 0 0
84 (2,9)->(0,13)
0 0 0
85 (2,10)->(0,14)
0 0 0
86 (2,11)->(0,0)
0 0 0
87 (2,12)->(0,1)
0 0 0
88 (2,13)->(0,2)
0 0 0
89 (2,14)->(0,3)
0 0 0
90 (3,0)->(1,5)
0 0 0
91 (3,1)->(1,6)
0 0 0
92 (3,2)->(1,7)
0 0 0
93 (3,3)->(1,8)
0 0 0
94 (3,4)->(1,9)
0 0 0
95 (3,5)->(1,10)
0 0 0
96 (3,6)->(1,11)
0 0 0
97 (3,7)->(1,12)
0 0 0
98 (3,8)->(1,13)
0 0 0
99 (3,9)->(1,14)
0 0 0
100 (3,10)->(1,0)
0 0 0
101 (3,11)->(1,1)
0 0 0
102 (3,12)->(1,2)
0 0 0
103 (3,13)->(1,3)
0 0 0
104 (3,14)->(1,4)
0 0 0
105 (3,0)->(4,4)
0 0 0
106 (3,1)->(4,5)
0 0 0
107 (3,2)->(4,6)
0 0 0
108 (3,3)->(4,7)
0 0 0
109 (3,4)->(4,8)
0 0 0
110 (3,5)->(4,9)
0 0 0
111 (3,6)->(4,10)
0 0 0
112 (3,7)->(4,11)
0 0 0
113 (3,8)->(4,12)
0 0 0
114 (3,9)->(4,13)
0 0 0
115 (3,10)->(4,14)
0 0 0
116 (3,11)->(4,0)
0 0 0
117 (3,12)->(4,1)
0 0 0
118 (3,13)->(4,2)
0 0 0
119 (3,14)->(4,3)
0 0 0
120 (4,0)->(2,5)
0 0 1
121 (4,1)->(2,6)
0 0 1
122 (4,2)->(2,7)
0 0 1
123 (4,3)->(2,8)
0 0 1
124 (4,4)->(2,9)
0 0 0
125 (4,5)->(2,10)
0 0 0
126 (4,6)->(2,11)
0 0 0
127 (4,7)->(2,12)
0 0 0
128 (4,8)->(2,13)
0 0 0
129 (4,9)->(2,14)
0 0 0
130 (4,10)->(2,0)
0 0 0
131 (4,11)->(2,1)
0 0 0
132 (4,12)->(2,2)
0 0 0
133 (4,13)->(2,3)
0 0 0
134 (4,14)->(2,4)
0 0 1
135 (4,0)->(3,4)
0 1 1
136 (4,1)->(3,5)
0 1 1
137 (4,2)->(3,6)
0 1 1
138 (4,3)->(3,7)
0 1 1
139 (4,4)->(3,8)
0 1 1
140 (4,5)->(3,9)
0 1 1
141 (4,6)->(3,10)
0 1 1
142 (4,7)->(3,11)
0 1 1
143 (4,8)->(3,12)
0 0 0
144 (4,9)->(3,13)
0 0 0
145 (4,10)->(3,14)
0 0 0
146 (4,11)->(3,0)
0 0 0
147 (4,12)->(3,1)
0 0 0
148 (4,13)->(3,2)
0 0 0
149 (4,14)->(3,3)
0 1 1
8
0 (0,0)->(4,3)
0 0 0
1 (0,1)->(4,4)
0 0 0
2 (0,2)->(4,5)
0 0 0
3 (0,3)->(4,6)
0 0 0
4 (0,4)->(4,7)
0 0 0
5 (0,5)->(4,8)
0 0 0
6 (0,6)->(4,9)
0 0 0
7 (0,7)->(4,10)
0 0 0
8 (0,8)->(4,11)
0 0 0
9 (0,9)->(4,12)
0 0 0
10 (0,10)->(4,13)
0 0 0
11 (0,11)->(4,14)
0 0 0
12 (0,12)->(4,0)
0 0 0
13 (0,13)->(4,1)
0 0 0
14 (0,14)->(4,2)
0 0 0
15 (0,0)->(1,4)
0 1 1
16 (0,1)->(1,5)
0 1 1
17 (0,2)->(1,6)
0 1 1
18 (0,3)->(1,7)
0 1 1
19 (0,4)->(1,8)
0 1 1
20 (0,5)->(1,9)
0 1 1
21 (0,6)->(1,10)
0 0 0
22 (0,7)->(1,11)
0 0 0
23 (0,8)->(1,12)
0 0 0
24 (0,9)->(1,13)
0 0 0
25 (0,10)->(1,14)
0 0 0
26 (0,11)->(1,0)
0 0 0
27 (0,12)->(1,1)
0 0 0
28 (0,13)->(1,2)
0 1 1
29 (0,14)->(1,3)
0 1 1
30 (1,0)->(2,4)
0 0 0
31 (1,1)->(2,5)
0 0 0
32 (1,2)->(2,6)
0 0 0
33 (1,3)->(2,7)
0 0 0
34 (1,4)->(2,8)
0 0 0
35 (1,5)->(2,9)
0 0 0
36 (1,6)->(2,10)
0 0 0
37 (1,7)->(2,11)
0 0 0
38 (1,8)->(2,12)
0 0 0
39 (1,9)->(2,13)
0 0 0
40 (1,10)->(2,14)
0 0 0
41 (1,11)->(2,0)
0 0 0
42 (1,12)->(2,1)
0 0 0
43 (1,13)->(2,2)
0 0 0
44 (1,14)->(2,3)
0 0 0
45 (1,0)->(0,5)
0 0 0
46 (1,1)->(0,6)
0 0 0
47 (1,2)->(0,7)
0 0 0
48 (1,3)->(0,8)
0 0 0
49 (1,4)->(0,9)
0 0 0
50 (1,5)->(0,10)
0 0 0
51 (1,6)->(0,11)
0 0 0
52 (1,7)->(0,12)
0 0 0
53 (1,8)->(0,13)
0 0 0
54 (1,9)->(0,14)
0 0 0
55 (1,10)->(0,0)
0 0 0
56 (1,11)->(0,1)
0 0 0
57 (1,12)->(0,2)
0 0 0
58 (1,13)->(0,3)
0 0 0
59 (1,14)->(0,4)
0 0 0
60 (2,0)->(3,3)
1 0 1
61 (2,1)->(3,4)
1 0 1
62 (2,2)->(3,5)
0 0 0
63 (2,3)->(3,6)
0 0 0
64 (2,4)->(3,7)
0 0 0
65 (2,5)->(3,8)
0 0 0
66 (2,6)->(3,9)
0 0 0
67 (2,7)->(3,10)
0 0 0
68 (2,8)->(3,11)
0 0 0
69 (2,9)->(3,12)
1 0 1
70 (2,10)->(3,13)
1 0 1
71 (2,11)->(3,14)
1 0 1
72 (2,12)->(3,0)
1 0 1
73 (2,13)->(3,1)
1 0 1
74 (2,14)->(3,2)
1 0 1
75 (2,0)->(0,4)
1 0 1
76 (2,1)->(0,5)
1 0 1
77 (2,2)->(0,6)
0 0 0
78 (2,3)->(0,7)
0 0 0
79 (2,4)->(0,8)
0 0 0
80 (2,5)->(0,9)
0 0 0
81 (2,6)->(0,10)
0 0 0
82 (2,7)->(0,11)
0 0 0
83 (2,8)->(0,12)
0 0 0
84 (2,9)->(0,13)
1 0 1
85 (2,10)->(0,14)
1 0 1
86 (2,11)->(0,0)
1 0 1
87 (2,12)->(0,1)
1 0 1
88 (2,13)->(0,2)
1 0 1
89 (2,14)->(0,3)
1 0 1
90 (3,0)->(1,5)
0 1 1
91 (3,1)->(1,6)
0 1 1
92 (3,2)->(1,7)
0 1 1
93 (3,3)->(1,8)
0 1 1
94 (3,4)->(1,9)
0 1 1
95 (3,5)->(1,10)
0 0 0
96 (3,6)->(1,11)
0 0 0
97 (3,7)->(1,12)
0 0 0
98 (3,8)->(1,13)
0 0 0
99 (3,9)->(1,14)
0 0 0
100 (3,10)->(1,0)
0 0 0
101 (3,11)->(1,1)
0 0 0
102 (3,12)->(1,2)
0 1 1
103 (3,13)->(1,3)
0 1 1
104 (3,14)->(1,4)
0 1 1
105 (3,0)->(4,4)
0 0 0
106 (3,1)->(4,5)
0 0 0
107 (3,2)->(4,6)
0 0 0
108 (3,3)->(4,7)
0 0 0
109 (3,4)->(4,8)
0 0 0
110 (3,5)->(4,9)
0 0 0
111 (3,6)->(4,10)
0 0 0
112 (3,7)->(4,11)
0 0 0
113 (3,8)->(4,12)
0 0 0
114 (3,9)->(4,13)
0 0 0
115 (3,10)->(4,14)
0 0 0
116 (3,11)->(4,0)
0 0 0
117 (3,12)->(4,1)
0 0 0
118 (3,13)->(4,2)
0 0 0
119 (3,14)->(4,3)
0 0 0
120 (4,0)->(2,5)
0 0 0
121 (4,1)->(2,6)
0 0 0
122 (4,2)->(2,7)
0 0 0
123 (4,3)->(2,8)
0 0 0
124 (4,4)->(2,9)
0 0 0
125 (4,5)->(2,10)
0 0 0
126 (4,6)->(2,11)
0 0 0
127 (4,7)->(2,12)
0 0 0
128 (4,8)->(2,13)
0 0 0
129 (4,9)->(2,14)
0 0 0
130 (4,10)->(2,0)
0 0 0
131 (4,11)->(2,1)
0 0 0
132 (4,12)->(2,2)
0 0 0
133 (4,13)->(2,3)
0 0 0
134 (4,14)->(2,4)
0 0 0
135 (4,0)->(3,4)
0 0 0
136 (4,1)->(3,5)
0 0 0
137 (4,2)->(3,6)
0 0 0
138 (4,3)->(3,7)
0 0 0
139 (4,4)->(3,8)
0 0 0
140 (4,5)->(3,9)
0 0 0
141 (4,6)->(3,10)
0 0 0
142 (4,7)->(3,11)
0 0 0
143 (4,8)->(3,12)
0 0 0
144 (4,9)->(3,13)
0 0 0
145 (4,10)->(3,14)
0 0 0
146 (4,11)->(3,0)
0 0 0
147 (4,12)->(3,1)
0 0 0
148 (4,13)->(3,2)
0 0 0
149 (4,14)->(3,3)
0 0 0
9
0 (0,0)->(4,3)
0 1 2
1 (0,1)->(4,4)
0 0 0
2 (0,2)->(4,5)
0 0 0
3 (0,3)->(4,6)
0 0 0
4 (0,4)->(4,7)
0 0 0
5 (0,5)->(4,8)
0 0 0
6 (0,6)->(4,9)
0 0 0
7 (0,7)->(4,10)
0 0 0
8 (0,8)->(4,11)
0 1 1
9 (0,9)->(4,12)
0 1 1
10 (0,10)->(4,13)
0 1 1
11 (0,11)->(4,14)
0 1 2
12 (0,12)->(4,0)
0 1 2
13 (0,13)->(4,1)
0 1 2
14 (0,14)->(4,2)
0 1 2
15 (0,0)->(1,4)
0 0 0
16 (0,1)->(1,5)
0 0 0
17 (0,2)->(1,6)
0 0 0
18 (0,3)->(1,7)
0 0 0
19 (0,4)->(1,8)
0 0 0
20 (0,5)->(1,9)
0 0 0
21 (0,6)->(1,10)
0 0 0
22 (0,7)->(1,11)
0 0 0
23 (0,8)->(1,12)
0 0 0
24 (0,9)->(1,13)
0 0 0
25 (0,10)->(1,14)
0 0 0
26 (0,11)->(1,0)
0 0 0
27 (0,12)->(1,1)
0 0 0
28 (0,13)->(1,2)
0 0 0
29 (0,14)->(1,3)
0 0 0
30 (1,0)->(2,4)
0 0 0
31 (1,1)->(2,5)
0 0 0
32 (1,2)->(2,6)
0 0 0
33 (1,3)->(2,7)
1 0 2
34 (1,4)->(2,8)
1 0 2
35 (1,5)->(2,9)
1 0 2
36 (1,6)->(2,10)
1 0 2
37 (1,7)->(2,11)
1 0 2
38 (1,8)->(2,12)
1 0 0
39 (1,9)->(2,13)
1 0 0
40 (1,10)->(2,14)
1 0 0
41 (1,11)->(2,0)
0 0 0
42 (1,12)->(2,1)
0 0 0
43 (1,13)->(2,2)
0 0 0
44 (1,14)->(2,3)
0 0 0
45 (1,0)->(0,5)
0 0 0
46 (1,1)->(0,6)
0 0 0
47 (1,2)->(0,7)
0 0 0
48 (1,3)->(0,8)
1 0 1
49 (1,4)->(0,9)
1 0 1
50 (1,5)->(0,10)
1 0 1
51 (1,6)->(0,11)
1 0 1
52 (1,7)->(0,12)
1 0 1
53 (1,8)->(0,13)
1 0 1
54 (1,9)->(0,14)
1 0 1
55 (1,10)->(0,0)
1 0 1
56 (1,11)->(0,1)
0 0 0
57 (1,12)->(0,2)
0 0 0
58 (1,13)->(0,3)
0 0 0
59 (1,14)->(0,4)
0 0 0
60 (2,0)->(3,3)
0 0 0
61 (2,1)->(3,4)
0 0 0
62 (2,2)->(3,5)
0 0 0
63 (2,3)->(3,6)
0 0 0
64 (2,4)->(3,7)
0 0 0
65 (2,5)->(3,8)
0 0 0
66 (2,6)->(3,9)
0 0 0
67 (2,7)->(3,10)
0 0 1
68 (2,8)->(3,11)
0 0 1
69 (2,9)->(3,12)
0 0 1
70 (2,10)->(3,13)
0 0 1
71 (2,11)->(3,14)
0 0 1
72 (2,12)->(3,0)
0 0 0
73 (2,13)->(3,1)
0 0 0
74 (2,14)->(3,2)
0 0 0
75 (2,0)->(0,4)
0 0 0
76 (2,1)->(0,5)
0 0 0
77 (2,2)->(0,6)
0 0 0
78 (2,3)->(0,7)
0 0 0
79 (2,4)->(0,8)
0 0 0
80 (2,5)->(0,9)
0 0 0
81 (2,6)->(0,10)
0 0 0
82 (2,7)->(0,11)
0 0 1
83 (2,8)->(0,12)
0 0 1
84 (2,9)->(0,13)
0 0 1
85 (2,10)->(0,14)
0 0 1
86 (2,11)->(0,0)
0 0 1
87 (2,12)->(0,1)
0 0 0
88 (2,13)->(0,2)
0 0 0
89 (2,14)->(0,3)
0 0 0
90 (3,0)->(1,5)
0 0 0
91 (3,1)->(1,6)
0 0 0
92 (3,2)->(1,7)
0 0 0
93 (3,3)->(1,8)
0 0 0
94 (3,4)->(1,9)
0 0 0
95 (3,5)->(1,10)
0 0 0
96 (3,6)->(1,11)
0 0 0
97 (3,7)->(1,12)
0 0 0
98 (3,8)->(1,13)
0 0 0
99 (3,9)->(1,14)
0 0 0
100 (3,10)->(1,0)
0 0 0
101 (3,11)->(1,1)
0 0 0
102 (3,12)->(1,2)
0 0 0
103 (3,13)->(1,3)
0 0 0
104 (3,14)->(1,4)
0 0 0
105 (3,0)->(4,4)
0 0 0
106 (3,1)->(4,5)
0 0 0
107 (3,2)->(4,6)
0 0 0
108 (3,3)->(4,7)
0 0 0
109 (3,4)->(4,8)
0 0 0
110 (3,5)->(4,9)
0 0 0
111 (3,6)->(4,10)
0 0 0
112 (3,7)->(4,11)
0 1 0
113 (3,8)->(4,12)
0 1 0
114 (3,9)->(4,13)
0 1 0
115 (3,10)->(4,14)
0 1 1
116 (3,11)->(4,0)
0 1 1
117 (3,12)->(4,1)
0 1 1
118 (3,13)->(4,2)
0 1 1
119 (3,14)->(4,3)
0 1 1
120 (4,0)->(2,5)
0 0 0
121 (4,1)->(2,6)
0 0 0
122 (4,2)->(2,7)
0 0 0
123 (4,3)->(2,8)
0 0 0
124 (4,4)->(2,9)
0 0 0
125 (4,5)->(2,10)
0 0 0
126 (4,6)->(2,11)
0 0 0
127 (4,7)->(2,12)
0 0 0
128 (4,8)->(2,13)
0 0 0
129 (4,9)->(2,14)
0 0 0
130 (4,10)->(2,0)
0 0 0
131 (4,11)->(2,1)
0 0 0
132 (4,12)->(2,2)
0 0 0
133 (4,13)->(2,3)
0 0 0
134 (4,14)->(2,4)
0 0 0
135 (4,0)->(3,4)
0 0 0
136 (4,1)->(3,5)
0 0 0
137 (4,2)->(3,6)
0 0 0
138 (4,3)->(3,7)
0 0 0
139 (4,4)->(3,8)
0 0 0
140 (4,5)->(3,9)
0 0 0
141 (4,6)->(3,10)
0 0 0
142 (4,7)->(3,11)
0 0 0
143 (4,8)->(3,12)
0 0 0
144 (4,9)->(3,13)
0 0 0
145 (4,10)->(3,14)
0 0 0
146 (4,11)->(3,0)
0 0 0
147 (4,12)->(3,1)
0 0 0
148 (4,13)->(3,2)
0 0 0
149 (4,14)->(3,3)
0 0 0
10
0 (0,0)->(4,3)
0 0 0
1 (0,1)->(4,4)
0 0 0
2 (0,2)->(4,5)
0 0 0
3 (0,3)->(4,6)
0 0 0
4 (0,4)->(4,7)
0 0 0
5 (0,5)->(4,8)
0 0 0
6 (0,6)->(4,9)
0 0 0
7 (0,7)->(4,10)
0 0 0
8 (0,8)->(4,11)
0 0 0
9 (0,9)->(4,12)
0 0 0
10 (0,10)->(4,13)
0 0 0
11 (0,11)->(4,14)
0 0 0
12 (0,12)->(4,0)
0 0 0
13 (0,13)->(4,1)
0 0 0
14 (0,14)->(4,2)
0 0 0
15 (0,0)->(1,4)
0 0 0
16 (0,1)->(1,5)
0 0 0
17 (0,2)->(1,6)
0 0 0
18 (0,3)->(1,7)
0 0 0
19 (0,4)->(1,8)
0 0 0
20 (0,5)->(1,9)
0 0 0
21 (0,6)->(1,10)
0 0 0
22 (0,7)->(1,11)
0 0 0
23 (0,8)->(1,12)
0 0 0
24 (0,9)->(1,13)
0 0 0
25 (0,10)->(1,14)
0 0 0
26 (0,11)->(1,0)
0 0 0
27 (0,12)->(1,1)
0 0 0
28 (0,13)->(1,2)
0 0 0
29 (0,14)->(1,3)
0 0 0
30 (1,0)->(2,4)
0 0 0
31 (1,1)->(2,5)
0 0 0
32 (1,2)->(2,6)
0 0 0
33 (1,3)->(2,7)
0 0 0
34 (1,4)->(2,8)
0 0 1
35 (1,5)->(2,9)
0 0 1
36 (1,6)->(2,10)
0 0 1
37 (1,7)->(2,11)
0 0 0
38 (1,8)->(2,12)
0 0 0
39 (1,9)->(2,13)
0 0 0
40 (1,10)->(2,14)
0 0 0
41 (1,11)->(2,0)
0 0 0
42 (1,12)->(2,1)
0 0 0
43 (1,13)->(2,2)
0 0 0
44 (1,14)->(2,3)
0 0 0
45 (1,0)->(0,5)
0 0 0
46 (1,1)->(0,6)
0 0 0
47 (1,2)->(0,7)
0 0 0
48 (1,3)->(0,8)
0 0 0
49 (1,4)->(0,9)
0 1 1
50 (1,5)->(0,10)
0 1 1
51 (1,6)->(0,11)
0 1 1
52 (1,7)->(0,12)
0 1 1
53 (1,8)->(0,13)
0 1 1
54 (1,9)->(0,14)
0 1 1
55 (1,10)->(0,0)
0 0 0
56 (1,11)->(0,1)
0 0 0
57 (1,12)->(0,2)
0 0 0
58 (1,13)->(0,3)
0 0 0
59 (1,14)->(0,4)
0 0 0
60 (2,0)->(3,3)
0 0 0
61 (2,1)->(3,4)
0 0 0
62 (2,2)->(3,5)
0 0 0
63 (2,3)->(3,6)
0 0 0
64 (2,4)->(3,7)
0 0 0
65 (2,5)->(3,8)
0 0 0
66 (2,6)->(3,9)
0 0 0
67 (2,7)->(3,10)
0 0 0
68 (2,8)->(3,11)
0 0 0
69 (2,9)->(3,12)
0 0 0
70 (2,10)->(3,13)
0 0 0
71 (2,11)->(3,14)
0 0 0
72 (2,12)->(3,0)
0 0 0
73 (2,13)->(3,1)
0 0 0
74 (2,14)->(3,2)
0 0 0
75 (2,0)->(0,4)
0 0 0
76 (2,1)->(0,5)
0 0 0
77 (2,2)->(0,6)
0 0 0
78 (2,3)->(0,7)
0 0 0
79 (2,4)->(0,8)
0 0 0
80 (2,5)->(0,9)
0 1 0
81 (2,6)->(0,10)
0 1 0
82 (2,7)->(0,11)
0 1 0
83 (2,8)->(0,12)
0 1 2
84 (2,9)->(0,13)
0 1 2
85 (2,10)->(0,14)
0 1 2
86 (2,11)->(0,0)
0 0 0
87 (2,12)->(0,1)
0 0 0
88 (2,13)->(0,2)
0 0 0
89 (2,14)->(0,3)
0 0 0
90 (3,0)->(1,5)
1 0 2
91 (3,1)->(1,6)
1 0 2
92 (3,2)->(1,7)
1 0 1
93 (3,3)->(1,8)
1 0 1
94 (3,4)->(1,9)
1 0 1
95 (3,5)->(1,10)
0 0 0
96 (3,6)->(1,11)
0 0 0
97 (3,7)->(1,12)
0 0 0
98 (3,8)->(1,13)
0 0 0
99 (3,9)->(1,14)
0 0 0
100 (3,10)->(1,0)
0 0 0
101 (3,11)->(1,1)
0 0 0
102 (3,12)->(1,2)
0 0 0
103 (3,13)->(1,3)
0 0 0
104 (3,14)->(1,4)
1 0 2
105 (3,0)->(4,4)
1 0 1
106 (3,1)->(4,5)
1 0 1
107 (3,2)->(4,6)
1 0 0
108 (3,3)->(4,7)
1 0 0
109 (3,4)->(4,8)
1 0 0
110 (3,5)->(4,9)
0 0 0
111 (3,6)->(4,10)
0 0 0
112 (3,7)->(4,11)
0 0 0
113 (3,8)->(4,12)
0 0 0
114 (3,9)->(4,13)
0 0 0
115 (3,10)->(4,14)
0 0 0
116 (3,11)->(4,0)
0 0 0
117 (3,12)->(4,1)
0 0 0
118 (3,13)->(4,2)
0 0 0
119 (3,14)->(4,3)
1 0 1
120 (4,0)->(2,5)
0 0 0
121 (4,1)->(2,6)
0 0 0
122 (4,2)->(2,7)
0 0 0
123 (4,3)->(2,8)
0 0 1
124 (4,4)->(2,9)
0 0 1
125 (4,5)->(2,10)
0 0 1
126 (4,6)->(2,11)
0 0 0
127 (4,7)->(2,12)
0 0 0
128 (4,8)->(2,13)
0 0 0
129 (4,9)->(2,14)
0 0 0
130 (4,10)->(2,0)
0 0 0
131 (4,11)->(2,1)
0 0 0
132 (4,12)->(2,2)
0 0 0
133 (4,13)->(2,3)
0 0 0
134 (4,14)->(2,4)
0 0 0
135 (4,0)->(3,4)
0 0 0
136 (4,1)->(3,5)
0 0 0
137 (4,2)->(3,6)
0 0 0
138 (4,3)->(3,7)
0 0 0
139 (4,4)->(3,8)
0 0 0
140 (4,5)->(3,9)
0 0 0
141 (4,6)->(3,10)
0 0 0
142 (4,7)->(3,11)
0 0 0
143 (4,8)->(3,12)
0 0 0
144 (4,9)->(3,13)
0 0 0
145 (4,10)->(3,14)
0 0 0
146 (4,11)->(3,0)
0 0 0
147 (4,12)->(3,1)
0 0 0
148 (4,13)->(3,2)
0 0 0
149 (4,14)->(3,3)
0 0 0
11
0 (0,0)->(4,3)
0 0 0
1 (0,1)->(4,4)
0 0 0
2 (0,2)->(4,5)
0 0 0
3 (0,3)->(4,6)
0 0 0
4 (0,4)->(4,7)
0 0 0
5 (0,5)->(4,8)
0 0 0
6 (0,6)->(4,9)
0 0 0
7 (0,7)->(4,10)
0 0 0
8 (0,8)->(4,11)
0 0 0
9 (0,9)->(4,12)
0 0 0
10 (0,10)->(4,13)
0 0 0
11 (0,11)->(4,14)
0 0 0
12 (0,12)->(4,0)
0 0 0
13 (0,13)->(4,1)
0 0 0
14 (0,14)->(4,2)
0 0 0
15 (0,0)->(1,4)
0 0 0
16 (0,1)->(1,5)
0 0 0
17 (0,2)->(1,6)
0 0 0
18 (0,3)->(1,7)
0 0 0
19 (0,4)->(1,8)
0 0 0
20 (0,5)->(1,9)
0 0 0
21 (0,6)->(1,10)
0 0 0
22 (0,7)->(1,11)
0 0 0
23 (0,8)->(1,12)
0 0 0
24 (0,9)->(1,13)
0 0 0
25 (0,10)->(1,14)
0 0 0
26 (0,11)->(1,0)
0 0 0
27 (0,12)->(1,1)
0 0 0
28 (0,13)->(1,2)
0 0 0
29 (0,14)->(1,3)
0 0 0
30 (1,0)->(2,4)
0 0 0
31 (1,1)->(2,5)
0 0 0
32 (1,2)->(2,6)
0 0 0
33 (1,3)->(2,7)
0 0 0
34 (1,4)->(2,8)
0 0 0
35 (1,5)->(2,9)
0 0 0
36 (1,6)->(2,10)
0 0 0
37 (1,7)->(2,11)
0 0 0
38 (1,8)->(2,12)
0 0 0
39 (1,9)->(2,13)
0 0 0
40 (1,10)->(2,14)
0 0 0
41 (1,11)->(2,0)
0 0 0
42 (1,12)->(2,1)
0 0 0
43 (1,13)->(2,2)
0 0 0
44 (1,14)->(2,3)
0 0 0
45 (1,0)->(0,5)
0 0 0
46 (1,1)->(0,6)
0 0 0
47 (1,2)->(0,7)
0 0 0
48 (1,3)->(0,8)
0 0 0
49 (1,4)->(0,9)
0 0 0
50 (1,5)->(0,10)
0 0 0
51 (1,6)->(0,11)
0 0 0
52 (1,7)->(0,12)
0 0 0
53 (1,8)->(0,13)
0 0 0
54 (1,9)->(0,14)
0 0 0
55 (1,10)->(0,0)
0 0 0
56 (1,11)->(0,1)
0 0 0
57 (1,12)->(0,2)
0 0 0
58 (1,13)->(0,3)
0 0 0
59 (1,14)->(0,4)
0 0 0
60 (2,0)->(3,3)
0 0 0
61 (2,1)->(3,4)
0 0 0
62 (2,2)->(3,5)
0 0 0
63 (2,3)->(3,6)
0 1 0
64 (2,4)->(3,7)
0 1 0
65 (2,5)->(3,8)
0 1 0
66 (2,6)->(3,9)
0 1 0
67 (2,7)->(3,10)
0 1 1
68 (2,8)->(3,11)
0 1 1
69 (2,9)->(3,12)
0 1 1
70 (2,10)->(3,13)
0 1 1
71 (2,11)->(3,14)
0 1 1
72 (2,12)->(3,0)
0 1 1
73 (2,13)->(3,1)
0 1 1
74 (2,14)->(3,2)
0 1 1
75 (2,0)->(0,4)
0 0 0
76 (2,1)->(0,5)
0 0 0
77 (2,2)->(0,6)
0 0 0
78 (2,3)->(0,7)
0 0 0
79 (2,4)->(0,8)
0 0 0
80 (2,5)->(0,9)
0 0 0
81 (2,6)->(0,10)
0 0 0
82 (2,7)->(0,11)
0 0 0
83 (2,8)->(0,12)
0 0 0
84 (2,9)->(0,13)
0 0 0
85 (2,10)->(0,14)
0 0 0
86 (2,11)->(0,0)
0 0 0
87 (2,12)->(0,1)
0 0 0
88 (2,13)->(0,2)
0 0 0
89 (2,14)->(0,3)
0 0 0
90 (3,0)->(1,5)
0 0 0
91 (3,1)->(1,6)
0 0 0
92 (3,2)->(1,7)
0 0 0
93 (3,3)->(1,8)
0 0 0
94 (3,4)->(1,9)
0 0 0
95 (3,5)->(1,10)
0 0 0
96 (3,6)->(1,11)
0 0 0
97 (3,7)->(1,12)
0 0 0
98 (3,8)->(1,13)
0 0 0
99 (3,9)->(1,14)
0 0 0
100 (3,10)->(1,0)
0 0 0
101 (3,11)->(1,1)
0 0 0
102 (3,12)->(1,2)
0 0 0
103 (3,13)->(1,3)
0 0 0
104 (3,14)->(1,4)
0 0 0
105 (3,0)->(4,4)
0 0 0
106 (3,1)->(4,5)
0 0 0
107 (3,2)->(4,6)
0 0 0
108 (3,3)->(4,7)
0 0 0
109 (3,4)->(4,8)
0 0 0
110 (3,5)->(4,9)
0 0 0
111 (3,6)->(4,10)
0 0 0
112 (3,7)->(4,11)
0 0 0
113 (3,8)->(4,12)
0 0 0
114 (3,9)->(4,13)
0 0 0
115 (3,10)->(4,14)
0 0 0
116 (3,11)->(4,0)
0 0 0
117 (3,12)->(4,1)
0 0 0
118 (3,13)->(4,2)
0 0 0
119 (3,14)->(4,3)
0 0 0
120 (4,0)->(2,5)
0 0 0
121 (4,1)->(2,6)
0 0 0
122 (4,2)->(2,7)
1 0 1
123 (4,3)->(2,8)
1 0 1
124 (4,4)->(2,9)
1 0 1
125 (4,5)->(2,10)
1 0 1
126 (4,6)->(2,11)
1 0 1
127 (4,7)->(2,12)
1 0 1
128 (4,8)->(2,13)
1 0 1
129 (4,9)->(2,14)
1 0 1
130 (4,10)->(2,0)
1 0 0
131 (4,11)->(2,1)
1 0 0
132 (4,12)->(2,2)
1 0 0
133 (4,13)->(2,3)
1 0 0
134 (4,14)->(2,4)
0 0 0
135 (4,0)->(3,4)
0 0 0
136 (4,1)->(3,5)
0 0 0
137 (4,2)->(3,6)
1 1 1
138 (4,3)->(3,7)
1 1 1
139 (4,4)->(3,8)
1 1 1
140 (4,5)->(3,9)
1 1 1
141 (4,6)->(3,10)
1 1 1
142 (4,7)->(3,11)
1 1 1
143 (4,8)->(3,12)
1 1 1
144 (4,9)->(3,13)
1 1 1
145 (4,10)->(3,14)
1 1 1
146 (4,11)->(3,0)
1 1 1
147 (4,12)->(3,1)
1 1 1
148 (4,13)->(3,2)
1 1 1
149 (4,14)->(3,3)
0 0 0
12
0 (0,0)->(4,3)
0 0 0
1 (0,1)->(4,4)
1 0 2
2 (0,2)->(4,5)
1 0 2
3 (0,3)->(4,6)
1 0 2
4 (0,4)->(4,7)
1 0 2
5 (0,5)->(4,8)
1 0 2
6 (0,6)->(4,9)
1 0 1
7 (0,7)->(4,10)
1 0 1
8 (0,8)->(4,11)
1 0 1
9 (0,9)->(4,12)
1 0 1
10 (0,10)->(4,13)
0 0 0
11 (0,11)->(4,14)
0 0 0
12 (0,12)->(4,0)
0 0 0
13 (0,13)->(4,1)
0 0 0
14 (0,14)->(4,2)
0 0 0
15 (0,0)->(1,4)
0 0 0
16 (0,1)->(1,5)
1 0 1
17 (0,2)->(1,6)
1 0 1
18 (0,3)->(1,7)
1 0 1
19 (0,4)->(1,8)
1 0 1
20 (0,5)->(1,9)
1 0 1
21 (0,6)->(1,10)
1 0 0
22 (0,7)->(1,11)
1 0 0
23 (0,8)->(1,12)
1 0 0
24 (0,9)->(1,13)
1 0 0
25 (0,10)->(1,14)
0 0 0
26 (0,11)->(1,0)
0 0 0
27 (0,12)->(1,1)
0 0 0
28 (0,13)->(1,2)
0 0 0
29 (0,14)->(1,3)
0 0 0
30 (1,0)->(2,4)
0 0 0
31 (1,1)->(2,5)
0 0 0
32 (1,2)->(2,6)
0 0 0
33 (1,3)->(2,7)
0 0 0
34 (1,4)->(2,8)
0 0 0
35 (1,5)->(2,9)
0 0 1
36 (1,6)->(2,10)
0 0 1
37 (1,7)->(2,11)
0 0 1
38 (1,8)->(2,12)
0 0 1
39 (1,9)->(2,13)
0 0 1
40 (1,10)->(2,14)
0 0 0
41 (1,11)->(2,0)
0 0 0
42 (1,12)->(2,1)
0 0 0
43 (1,13)->(2,2)
0 0 0
44 (1,14)->(2,3)
0 0 0
45 (1,0)->(0,5)
0 0 0
46 (1,1)->(0,6)
0 0 0
47 (1,2)->(0,7)
0 0 0
48 (1,3)->(0,8)
0 0 0
49 (1,4)->(0,9)
0 0 0
50 (1,5)->(0,10)
0 0 0
51 (1,6)->(0,11)
0 0 0
52 (1,7)->(0,12)
0 0 0
53 (1,8)->(0,13)
0 0 0
54 (1,9)->(0,14)
0 0 0
55 (1,10)->(0,0)
0 0 0
56 (1,11)->(0,1)
0 0 0
57 (1,12)->(0,2)
0 0 0
58 (1,13)->(0,3)
0 0 0
59 (1,14)->(0,4)
0 0 0
60 (2,0)->(3,3)
0 0 0
61 (2,1)->(3,4)
0 0 0
62 (2,2)->(3,5)
0 0 0
63 (2,3)->(3,6)
0 0 0
64 (2,4)->(3,7)
0 0 0
65 (2,5)->(3,8)
0 1 0
66 (2,6)->(3,9)
0 1 0
67 (2,7)->(3,10)
0 1 0
68 (2,8)->(3,11)
0 1 0
69 (2,9)->(3,12)
0 1 2
70 (2,10)->(3,13)
0 1 2
71 (2,11)->(3,14)
0 1 2
72 (2,12)->(3,0)
0 1 2
73 (2,13)->(3,1)
0 1 2
74 (2,14)->(3,2)
0 0 0
75 (2,0)->(0,4)
0 0 0
76 (2,1)->(0,5)
0 0 0
77 (2,2)->(0,6)
0 0 0
78 (2,3)->(0,7)
0 0 0
79 (2,4)->(0,8)
0 0 0
80 (2,5)->(0,9)
0 0 0
81 (2,6)->(0,10)
0 0 0
82 (2,7)->(0,11)
0 0 0
83 (2,8)->(0,12)
0 0 0
84 (2,9)->(0,13)
0 0 0
85 (2,10)->(0,14)
0 0 0
86 (2,11)->(0,0)
0 0 0
87 (2,12)->(0,1)
0 0 0
88 (2,13)->(0,2)
0 0 0
89 (2,14)->(0,3)
0 0 0
90 (3,0)->(1,5)
0 0 0
91 (3,1)->(1,6)
0 0 0
92 (3,2)->(1,7)
0 0 0
93 (3,3)->(1,8)
0 0 0
94 (3,4)->(1,9)
0 0 0
95 (3,5)->(1,10)
0 0 0
96 (3,6)->(1,11)
0 0 0
97 (3,7)->(1,12)
0 0 0
98 (3,8)->(1,13)
0 0 0
99 (3,9)->(1,14)
0 0 0
100 (3,10)->(1,0)
0 0 0
101 (3,11)->(1,1)
0 0 0
102 (3,12)->(1,2)
0 0 0
103 (3,13)->(1,3)
0 0 0
104 (3,14)->(1,4)
0 0 0
105 (3,0)->(4,4)
0 0 0
106 (3,1)->(4,5)
0 0 0
107 (3,2)->(4,6)
0 0 0
108 (3,3)->(4,7)
0 0 0
109 (3,4)->(4,8)
0 0 0
110 (3,5)->(4,9)
0 0 0
111 (3,6)->(4,10)
0 0 0
112 (3,7)->(4,11)
0 0 0
113 (3,8)->(4,12)
0 0 0
114 (3,9)->(4,13)
0 0 0
115 (3,10)->(4,14)
0 0 0
116 (3,11)->(4,0)
0 0 0
117 (3,12)->(4,1)
0 0 0
118 (3,13)->(4,2)
0 0 0
119 (3,14)->(4,3)
0 0 0
120 (4,0)->(2,5)
0 0 0
121 (4,1)->(2,6)
0 0 0
122 (4,2)->(2,7)
0 0 0
123 (4,3)->(2,8)
0 0 0
124 (4,4)->(2,9)
0 0 1
125 (4,5)->(2,10)
0 0 1
126 (4,6)->(2,11)
0 0 1
127 (4,7)->(2,12)
0 0 1
128 (4,8)->(2,13)
0 0 1
129 (4,9)->(2,14)
0 0 0
130 (4,10)->(2,0)
0 0 0
131 (4,11)->(2,1)
0 0 0
132 (4,12)->(2,2)
0 0 0
133 (4,13)->(2,3)
0 0 0
134 (4,14)->(2,4)
0 0 0
135 (4,0)->(3,4)
0 0 0
136 (4,1)->(3,5)
0 0 0
137 (4,2)->(3,6)
0 0 0
138 (4,3)->(3,7)
0 0 0
139 (4,4)->(3,8)
0 1 1
140 (4,5)->(3,9)
0 1 1
141 (4,6)->(3,10)
0 1 1
142 (4,7)->(3,11)
0 1 1
143 (4,8)->(3,12)
0 1 1
144 (4,9)->(3,13)
0 1 1
145 (4,10)->(3,14)
0 1 1
146 (4,11)->(3,0)
0 1 1
147 (4,12)->(3,1)
0 1 1
148 (4,13)->(3,2)
0 0 0
149 (4,14)->(3,3)
0 0 0
13
0 (0,0)->(4,3)
0 0 0
1 (0,1)->(4,4)
0 0 0
2 (0,2)->(4,5)
0 0 0
3 (0,3)->(4,6)
0 0 0
4 (0,4)->(4,7)
0 0 0
5 (0,5)->(4,8)
0 0 0
6 (0,6)->(4,9)
0 0 0
7 (0,7)->(4,10)
0 0 0
8 (0,8)->(4,11)
0 0 0
9 (0,9)->(4,12)
0 0 0
10 (0,10)->(4,13)
0 0 0
11 (0,11)->(4,14)
0 0 0
12 (0,12)->(4,0)
0 0 0
13 (0,13)->(4,1)
0 0 0
14 (0,14)->(4,2)
0 0 0
15 (0,0)->(1,4)
0 0 0
16 (0,1)->(1,5)
0 0 0
17 (0,2)->(1,6)
0 0 0
18 (0,3)->(1,7)
0 0 0
19 (0,4)->(1,8)
0 0 0
20 (0,5)->(1,9)
0 0 0
21 (0,6)->(1,10)
0 0 0
22 (0,7)->(1,11)
0 0 0
23 (0,8)->(1,12)
0 0 0
24 (0,9)->(1,13)
0 0 0
25 (0,10)->(1,14)
0 0 0
26 (0,11)->(1,0)
0 0 0
27 (0,12)->(1,1)
0 0 0
28 (0,13)->(1,2)
0 0 0
29 (0,14)->(1,3)
0 0 0
30 (1,0)->(2,4)
0 1 0
31 (1,1)->(2,5)
0 1 0
32 (1,2)->(2,6)
0 1 0
33 (1,3)->(2,7)
0 1 1
34 (1,4)->(2,8)
0 1 1
35 (1,5)->(2,9)
0 1 1
36 (1,6)->(2,10)
0 0 0
37 (1,7)->(2,11)
0 0 0
38 (1,8)->(2,12)
0 0 0
39 (1,9)->(2,13)
0 0 0
40 (1,10)->(2,14)
0 1 0
41 (1,11)->(2,0)
0 1 0
42 (1,12)->(2,1)
0 1 0
43 (1,13)->(2,2)
0 1 0
44 (1,14)->(2,3)
0 1 0
45 (1,0)->(0,5)
0 0 0
46 (1,1)->(0,6)
0 0 0
47 (1,2)->(0,7)
0 0 0
48 (1,3)->(0,8)
0 0 0
49 (1,4)->(0,9)
0 0 0
50 (1,5)->(0,10)
0 0 0
51 (1,6)->(0,11)
0 0 0
52 (1,7)->(0,12)
0 0 0
53 (1,8)->(0,13)
0 0 0
54 (1,9)->(0,14)
0 0 0
55 (1,10)->(0,0)
0 0 0
56 (1,11)->(0,1)
0 0 0
57 (1,12)->(0,2)
0 0 0
58 (1,13)->(0,3)
0 0 0
59 (1,14)->(0,4)
0 0 0
60 (2,0)->(3,3)
0 0 0
61 (2,1)->(3,4)
0 0 0
62 (2,2)->(3,5)
0 0 0
63 (2,3)->(3,6)
0 0 0
64 (2,4)->(3,7)
0 0 0
65 (2,5)->(3,8)
0 0 0
66 (2,6)->(3,9)
0 0 0
67 (2,7)->(3,10)
0 0 0
68 (2,8)->(3,11)
0 0 0
69 (2,9)->(3,12)
0 0 0
70 (2,10)->(3,13)
0 0 0
71 (2,11)->(3,14)
0 0 0
72 (2,12)->(3,0)
0 0 0
73 (2,13)->(3,1)
0 0 0
74 (2,14)->(3,2)
0 0 0
75 (2,0)->(0,4)
0 0 0
76 (2,1)->(0,5)
0 0 0
77 (2,2)->(0,6)
0 0 0
78 (2,3)->(0,7)
0 0 0
79 (2,4)->(0,8)
0 0 0
80 (2,5)->(0,9)
0 0 0
81 (2,6)->(0,10)
0 0 0
82 (2,7)->(0,11)
0 0 0
83 (2,8)->(0,12)
0 0 0
84 (2,9)->(0,13)
0 0 0
85 (2,10)->(0,14)
0 0 0
86 (2,11)->(0,0)
0 0 0
87 (2,12)->(0,1)
0 0 0
88 (2,13)->(0,2)
0 0 0
89 (2,14)->(0,3)
0 0 0
90 (3,0)->(1,5)
0 0 1
91 (3,1)->(1,6)
0 0 0
92 (3,2)->(1,7)
0 0 0
93 (3,3)->(1,8)
0 0 0
94 (3,4)->(1,9)
0 0 0
95 (3,5)->(1,10)
0 0 0
96 (3,6)->(1,11)
0 0 0
97 (3,7)->(1,12)
0 0 0
98 (3,8)->(1,13)
0 0 0
99 (3,9)->(1,14)
0 0 0
100 (3,10)->(1,0)
0 0 0
101 (3,11)->(1,1)
0 0 0
102 (3,12)->(1,2)
0 0 0
103 (3,13)->(1,3)
0 0 1
104 (3,14)->(1,4)
0 0 1
105 (3,0)->(4,4)
0 0 0
106 (3,1)->(4,5)
0 0 0
107 (3,2)->(4,6)
0 0 0
108 (3,3)->(4,7)
0 0 0
109 (3,4)->(4,8)
0 0 0
110 (3,5)->(4,9)
0 0 0
111 (3,6)->(4,10)
0 0 0
112 (3,7)->(4,11)
0 0 0
113 (3,8)->(4,12)
0 0 0
114 (3,9)->(4,13)
0 0 0
115 (3,10)->(4,14)
0 0 0
116 (3,11)->(4,0)
0 0 0
117 (3,12)->(4,1)
0 0 0
118 (3,13)->(4,2)
0 0 0
119 (3,14)->(4,3)
0 0 0
120 (4,0)->(2,5)
1 1 1
121 (4,1)->(2,6)
1 1 1
122 (4,2)->(2,7)
1 1 1
123 (4,3)->(2,8)
1 1 1
124 (4,4)->(2,9)
1 1 1
125 (4,5)->(2,10)
0 0 0
126 (4,6)->(2,11)
0 0 0
127 (4,7)->(2,12)
0 0 0
128 (4,8)->(2,13)
0 0 0
129 (4,9)->(2,14)
1 1 1
130 (4,10)->(2,0)
1 1 1
131 (4,11)->(2,1)
1 1 1
132 (4,12)->(2,2)
1 1 1
133 (4,13)->(2,3)
1 1 1
134 (4,14)->(2,4)
1 1 1
135 (4,0)->(3,4)
1 0 0
136 (4,1)->(3,5)
1 0 0
137 (4,2)->(3,6)
1 0 0
138 (4,3)->(3,7)
1 0 0
139 (4,4)->(3,8)
1 0 0
140 (4,5)->(3,9)
0 0 0
141 (4,6)->(3,10)
0 0 0
142 (4,7)->(3,11)
0 0 0
143 (4,8)->(3,12)
0 0 0
144 (4,9)->(3,13)
1 0 1
145 (4,10)->(3,14)
1 0 1
146 (4,11)->(3,0)
1 0 1
147 (4,12)->(3,1)
1 0 0
148 (4,13)->(3,2)
1 0 0
149 (4,14)->(3,3)
1 0 0
14
0 (0,0)->(4,3)
0 0 0
1 (0,1)->(4,4)
0 0 0
2 (0,2)->(4,5)
0 0 0
3 (0,3)->(4,6)
0 0 0
4 (0,4)->(4,7)
0 0 0
5 (0,5)->(4,8)
0 0 0
6 (0,6)->(4,9)
0 0 0
7 (0,7)->(4,10)
0 0 0
8 (0,8)->(4,11)
0 0 0
9 (0,9)->(4,12)
0 0 0
10 (0,10)->(4,13)
0 0 0
11 (0,11)->(4,14)
0 0 0
12 (0,12)->(4,0)
0 0 0
13 (0,13)->(4,1)
0 0 0
14 (0,14)->(4,2)
0 0 0
15 (0,0)->(1,4)
0 0 0
16 (0,1)->(1,5)
0 0 0
17 (0,2)->(1,6)
0 0 0
18 (0,3)->(1,7)
0 1 0
19 (0,4)->(1,8)
0 1 0
20 (0,5)->(1,9)
0 1 0
21 (0,6)->(1,10)
0 1 0
22 (0,7)->(1,11)
0 1 1
23 (0,8)->(1,12)
0 1 1
24 (0,9)->(1,13)
0 1 1
25 (0,10)->(1,14)
0 0 0
26 (0,11)->(1,0)
0 0 0
27 (0,12)->(1,1)
0 0 0
28 (0,13)->(1,2)
0 0 0
29 (0,14)->(1,3)
0 0 0
30 (1,0)->(2,4)
0 0 0
31 (1,1)->(2,5)
0 0 0
32 (1,2)->(2,6)
0 0 0
33 (1,3)->(2,7)
0 0 0
34 (1,4)->(2,8)
0 0 0
35 (1,5)->(2,9)
0 0 0
36 (1,6)->(2,10)
0 0 0
37 (1,7)->(2,11)
0 0 0
38 (1,8)->(2,12)
0 0 0
39 (1,9)->(2,13)
0 0 0
40 (1,10)->(2,14)
0 0 0
41 (1,11)->(2,0)
0 0 0
42 (1,12)->(2,1)
0 0 0
43 (1,13)->(2,2)
0 0 0
44 (1,14)->(2,3)
0 0 0
45 (1,0)->(0,5)
0 0 0
46 (1,1)->(0,6)
0 0 0
47 (1,2)->(0,7)
0 0 0
48 (1,3)->(0,8)
0 0 0
49 (1,4)->(0,9)
0 0 0
50 (1,5)->(0,10)
0 0 0
51 (1,6)->(0,11)
0 0 0
52 (1,7)->(0,12)
0 0 0
53 (1,8)->(0,13)
0 0 0
54 (1,9)->(0,14)
0 0 0
55 (1,10)->(0,0)
0 0 0
56 (1,11)->(0,1)
0 0 0
57 (1,12)->(0,2)
0 0 0
58 (1,13)->(0,3)
0 0 0
59 (1,14)->(0,4)
0 0 0
60 (2,0)->(3,3)
0 0 0
61 (2,1)->(3,4)
0 0 0
62 (2,2)->(3,5)
0 0 0
63 (2,3)->(3,6)
0 0 1
64 (2,4)->(3,7)
0 0 1
65 (2,5)->(3,8)
0 0 1
66 (2,6)->(3,9)
0 0 0
67 (2,7)->(3,10)
0 0 0
68 (2,8)->(3,11)
0 0 0
69 (2,9)->(3,12)
0 0 0
70 (2,10)->(3,13)
0 0 0
71 (2,11)->(3,14)
0 0 0
72 (2,12)->(3,0)
0 0 0
73 (2,13)->(3,1)
0 0 0
74 (2,14)->(3,2)
0 0 0
75 (2,0)->(0,4)
0 0 0
76 (2,1)->(0,5)
0 0 0
77 (2,2)->(0,6)
0 0 0
78 (2,3)->(0,7)
0 0 1
79 (2,4)->(0,8)
0 0 1
80 (2,5)->(0,9)
0 0 1
81 (2,6)->(0,10)
0 0 0
82 (2,7)->(0,11)
0 0 0
83 (2,8)->(0,12)
0 0 0
84 (2,9)->(0,13)
0 0 0
85 (2,10)->(0,14)
0 0 0
86 (2,11)->(0,0)
0 0 0
87 (2,12)->(0,1)
0 0 0
88 (2,13)->(0,2)
0 0 0
89 (2,14)->(0,3)
0 0 0
90 (3,0)->(1,5)
0 0 0
91 (3,1)->(1,6)
0 0 0
92 (3,2)->(1,7)
0 1 1
93 (3,3)->(1,8)
0 1 1
94 (3,4)->(1,9)
0 1 1
95 (3,5)->(1,10)
0 1 1
96 (3,6)->(1,11)
0 1 2
97 (3,7)->(1,12)
0 1 2
98 (3,8)->(1,13)
0 1 2
99 (3,9)->(1,14)
0 0 0
100 (3,10)->(1,0)
0 0 0
101 (3,11)->(1,1)
0 0 0
102 (3,12)->(1,2)
0 0 0
103 (3,13)->(1,3)
0 0 0
104 (3,14)->(1,4)
0 0 0
105 (3,0)->(4,4)
0 0 0
106 (3,1)->(4,5)
0 0 0
107 (3,2)->(4,6)
0 0 0
108 (3,3)->(4,7)
0 0 0
109 (3,4)->(4,8)
0 0 0
110 (3,5)->(4,9)
0 0 0
111 (3,6)->(4,10)
0 0 0
112 (3,7)->(4,11)
0 0 0
113 (3,8)->(4,12)
0 0 0
114 (3,9)->(4,13)
0 0 0
115 (3,10)->(4,14)
0 0 0
116 (3,11)->(4,0)
0 0 0
117 (3,12)->(4,1)
0 0 0
118 (3,13)->(4,2)
0 0 0
119 (3,14)->(4,3)
0 0 0
120 (4,0)->(2,5)
1 0 2
121 (4,1)->(2,6)
1 0 0
122 (4,2)->(2,7)
1 0 0
123 (4,3)->(2,8)
1 0 0
124 (4,4)->(2,9)
1 0 0
125 (4,5)->(2,10)
0 0 0
126 (4,6)->(2,11)
0 0 0
127 (4,7)->(2,12)
0 0 0
128 (4,8)->(2,13)
0 0 0
129 (4,9)->(2,14)
0 0 0
130 (4,10)->(2,0)
0 0 0
131 (4,11)->(2,1)
0 0 0
132 (4,12)->(2,2)
0 0 0
133 (4,13)->(2,3)
1 0 2
134 (4,14)->(2,4)
1 0 2
135 (4,0)->(3,4)
1 0 1
136 (4,1)->(3,5)
1 0 1
137 (4,2)->(3,6)
1 0 1
138 (4,3)->(3,7)
1 0 1
139 (4,4)->(3,8)
1 0 1
140 (4,5)->(3,9)
0 0 0
141 (4,6)->(3,10)
0 0 0
142 (4,7)->(3,11)
0 0 0
143 (4,8)->(3,12)
0 0 0
144 (4,9)->(3,13)
0 0 0
145 (4,10)->(3,14)
0 0 0
146 (4,11)->(3,0)
0 0 0
147 (4,12)->(3,1)
0 0 0
148 (4,13)->(3,2)
1 0 1
149 (4,14)->(3,3)
1 0 1
15
0 (0,0)->(4,3)
0 0 0
1 (0,1)->(4,4)
0 0 0
2 (0,2)->(4,5)
0 0 0
3 (0,3)->(4,6)
0 0 0
4 (0,4)->(4,7)
0 0 0
5 (0,5)->(4,8)
0 0 0
6 (0,6)->(4,9)
0 0 0
7 (0,7)->(4,10)
0 0 0
8 (0,8)->(4,11)
0 0 0
9 (0,9)->(4,12)
0 0 0
10 (0,10)->(4,13)
0 0 0
11 (0,11)->(4,14)
0 0 0
12 (0,12)->(4,0)
0 0 0
13 (0,13)->(4,1)
0 0 0
14 (0,14)->(4,2)
0 0 0
15 (0,0)->(1,4)
0 0 0
16 (0,1)->(1,5)
0 0 0
17 (0,2)->(1,6)
0 0 0
18 (0,3)->(1,7)
0 0 0
19 (0,4)->(1,8)
0 0 0
20 (0,5)->(1,9)
0 0 0
21 (0,6)->(1,10)
0 0 0
22 (0,7)->(1,11)
0 0 0
23 (0,8)->(1,12)
0 0 0
24 (0,9)->(1,13)
0 0 0
25 (0,10)->(1,14)
0 0 0
26 (0,11)->(1,0)
0 0 0
27 (0,12)->(1,1)
0 0 0
28 (0,13)->(1,2)
0 0 0
29 (0,14)->(1,3)
0 0 0
30 (1,0)->(2,4)
0 0 0
31 (1,1)->(2,5)
0 0 0
32 (1,2)->(2,6)
0 0 0
33 (1,3)->(2,7)
0 0 0
34 (1,4)->(2,8)
0 0 0
35 (1,5)->(2,9)
0 0 0
36 (1,6)->(2,10)
0 0 0
37 (1,7)->(2,11)
0 0 0
38 (1,8)->(2,12)
0 0 0
39 (1,9)->(2,13)
0 0 0
40 (1,10)->(2,14)
0 0 0
41 (1,11)->(2,0)
0 0 0
42 (1,12)->(2,1)
0 0 0
43 (1,13)->(2,2)
0 0 0
44 (1,14)->(2,3)
0 0 0
45 (1,0)->(0,5)
0 1 0
46 (1,1)->(0,6)
0 1 0
47 (1,2)->(0,7)
0 1 1
48 (1,3)->(0,8)
0 1 1
49 (1,4)->(0,9)
0 1 1
50 (1,5)->(0,10)
0 0 0
51 (1,6)->(0,11)
0 0 0
52 (1,7)->(0,12)
0 0 0
53 (1,8)->(0,13)
0 1 0
54 (1,9)->(0,14)
0 1 0
55 (1,10)->(0,0)
0 1 0
56 (1,11)->(0,1)
0 1 0
57 (1,12)->(0,2)
0 1 0
58 (1,13)->(0,3)
0 1 0
59 (1,14)->(0,4)
0 1 0
60 (2,0)->(3,3)
1 0 0
61 (2,1)->(3,4)
1 0 0
62 (2,2)->(3,5)
1 0 0
63 (2,3)->(3,6)
1 0 0
64 (2,4)->(3,7)
1 0 0
65 (2,5)->(3,8)
1 0 0
66 (2,6)->(3,9)
0 0 0
67 (2,7)->(3,10)
0 0 0
68 (2,8)->(3,11)
0 0 0
69 (2,9)->(3,12)
1 0 1
70 (2,10)->(3,13)
1 0 1
71 (2,11)->(3,14)
1 0 1
72 (2,12)->(3,0)
1 0 0
73 (2,13)->(3,1)
1 0 0
74 (2,14)->(3,2)
1 0 0
75 (2,0)->(0,4)
1 1 1
76 (2,1)->(0,5)
1 1 1
77 (2,2)->(0,6)
1 1 1
78 (2,3)->(0,7)
1 1 1
79 (2,4)->(0,8)
1 1 1
80 (2,5)->(0,9)
1 1 1
81 (2,6)->(0,10)
0 0 0
82 (2,7)->(0,11)
0 0 0
83 (2,8)->(0,12)
0 0 0
84 (2,9)->(0,13)
1 1 1
85 (2,10)->(0,14)
1 1 1
86 (2,11)->(0,0)
1 1 1
87 (2,12)->(0,1)
1 1 1
88 (2,13)->(0,2)
1 1 1
89 (2,14)->(0,3)
1 1 1
90 (3,0)->(1,5)
0 0 0
91 (3,1)->(1,6)
0 0 0
92 (3,2)->(1,7)
0 0 0
93 (3,3)->(1,8)
0 0 0
94 (3,4)->(1,9)
0 0 0
95 (3,5)->(1,10)
0 0 0
96 (3,6)->(1,11)
0 0 0
97 (3,7)->(1,12)
0 0 0
98 (3,8)->(1,13)
0 0 0
99 (3,9)->(1,14)
0 0 0
100 (3,10)->(1,0)
0 0 0
101 (3,11)->(1,1)
0 0 0
102 (3,12)->(1,2)
0 0 1
103 (3,13)->(1,3)
0 0 1
104 (3,14)->(1,4)
0 0 1
105 (3,0)->(4,4)
0 0 0
106 (3,1)->(4,5)
0 0 0
107 (3,2)->(4,6)
0 0 0
108 (3,3)->(4,7)
0 0 0
109 (3,4)->(4,8)
0 0 0
110 (3,5)->(4,9)
0 0 0
111 (3,6)->(4,10)
0 0 0
112 (3,7)->(4,11)
0 0 0
113 (3,8)->(4,12)
0 0 0
114 (3,9)->(4,13)
0 0 0
115 (3,10)->(4,14)
0 0 0
116 (3,11)->(4,0)
0 0 0
117 (3,12)->(4,1)
0 0 0
118 (3,13)->(4,2)
0 0 0
119 (3,14)->(4,3)
0 0 0
120 (4,0)->(2,5)
0 0 0
121 (4,1)->(2,6)
0 0 0
122 (4,2)->(2,7)
0 0 0
123 (4,3)->(2,8)
0 0 0
124 (4,4)->(2,9)
0 0 0
125 (4,5)->(2,10)
0 0 0
126 (4,6)->(2,11)
0 0 0
127 (4,7)->(2,12)
0 0 0
128 (4,8)->(2,13)
0 0 0
129 (4,9)->(2,14)
0 0 0
130 (4,10)->(2,0)
0 0 0
131 (4,11)->(2,1)
0 0 0
132 (4,12)->(2,2)
0 0 0
133 (4,13)->(2,3)
0 0 0
134 (4,14)->(2,4)
0 0 0
135 (4,0)->(3,4)
0 0 0
136 (4,1)->(3,5)
0 0 0
137 (4,2)->(3,6)
0 0 0
138 (4,3)->(3,7)
0 0 0
139 (4,4)->(3,8)
0 0 0
140 (4,5)->(3,9)
0 0 0
141 (4,6)->(3,10)
0 0 0
142 (4,7)->(3,11)
0 0 0
143 (4,8)->(3,12)
0 0 0
144 (4,9)->(3,13)
0 0 0
145 (4,10)->(3,14)
0 0 0
146 (4,11)->(3,0)
0 0 0
147 (4,12)->(3,1)
0 0 0
148 (4,13)->(3,2)
0 0 0
149 (4,14)->(3,3)
0 0 0
16
0 (0,0)->(4,3)
0 0 0
1 (0,1)->(4,4)
0 0 0
2 (0,2)->(4,5)
0 0 0
3 (0,3)->(4,6)
0 0 1
4 (0,4)->(4,7)
0 0 1
5 (0,5)->(4,8)
0 0 1
6 (0,6)->(4,9)
0 0 1
7 (0,7)->(4,10)
0 0 1
8 (0,8)->(4,11)
0 0 0
9 (0,9)->(4,12)
0 0 0
10 (0,10)->(4,13)
0 0 0
11 (0,11)->(4,14)
0 0 0
12 (0,12)->(4,0)
0 0 0
13 (0,13)->(4,1)
0 0 0
14 (0,14)->(4,2)
0 0 0
15 (0,0)->(1,4)
0 0 0
16 (0,1)->(1,5)
0 0 0
17 (0,2)->(1,6)
0 0 0
18 (0,3)->(1,7)
0 0 0
19 (0,4)->(1,8)
0 0 0
20 (0,5)->(1,9)
0 0 0
21 (0,6)->(1,10)
0 0 0
22 (0,7)->(1,11)
0 0 0
23 (0,8)->(1,12)
0 0 0
24 (0,9)->(1,13)
0 0 0
25 (0,10)->(1,14)
0 0 0
26 (0,11)->(1,0)
0 0 0
27 (0,12)->(1,1)
0 0 0
28 (0,13)->(1,2)
0 0 0
29 (0,14)->(1,3)
0 0 0
30 (1,0)->(2,4)
0 0 0
31 (1,1)->(2,5)
0 0 0
32 (1,2)->(2,6)
0 0 0
33 (1,3)->(2,7)
0 0 0
34 (1,4)->(2,8)
0 0 0
35 (1,5)->(2,9)
0 0 0
36 (1,6)->(2,10)
0 0 0
37 (1,7)->(2,11)
0 0 0
38 (1,8)->(2,12)
0 0 0
39 (1,9)->(2,13)
0 0 0
40 (1,10)->(2,14)
0 0 0
41 (1,11)->(2,0)
0 0 0
42 (1,12)->(2,1)
0 0 0
43 (1,13)->(2,2)
0 0 0
44 (1,14)->(2,3)
0 0 0
45 (1,0)->(0,5)
0 0 0
46 (1,1)->(0,6)
0 0 0
47 (1,2)->(0,7)
0 0 0
48 (1,3)->(0,8)
0 0 0
49 (1,4)->(0,9)
0 0 0
50 (1,5)->(0,10)
0 0 0
51 (1,6)->(0,11)
0 0 0
52 (1,7)->(0,12)
0 0 0
53 (1,8)->(0,13)
0 0 0
54 (1,9)->(0,14)
0 0 0
55 (1,10)->(0,0)
0 0 0
56 (1,11)->(0,1)
0 0 0
57 (1,12)->(0,2)
0 0 0
58 (1,13)->(0,3)
0 0 0
59 (1,14)->(0,4)
0 0 0
60 (2,0)->(3,3)
1 1 1
61 (2,1)->(3,4)
1 1 1
62 (2,2)->(3,5)
1 1 1
63 (2,3)->(3,6)
1 1 1
64 (2,4)->(3,7)
1 1 1
65 (2,5)->(3,8)
1 1 1
66 (2,6)->(3,9)
1 1 1
67 (2,7)->(3,10)
1 1 1
68 (2,8)->(3,11)
1 1 1
69 (2,9)->(3,12)
1 1 1
70 (2,10)->(3,13)
1 1 1
71 (2,11)->(3,14)
1 1 1
72 (2,12)->(3,0)
0 0 0
73 (2,13)->(3,1)
0 0 0
74 (2,14)->(3,2)
1 1 1
75 (2,0)->(0,4)
1 0 1
76 (2,1)->(0,5)
1 0 1
77 (2,2)->(0,6)
1 0 1
78 (2,3)->(0,7)
1 0 1
79 (2,4)->(0,8)
1 0 0
80 (2,5)->(0,9)
1 0 0
81 (2,6)->(0,10)
1 0 0
82 (2,7)->(0,11)
1 0 0
83 (2,8)->(0,12)
1 0 0
84 (2,9)->(0,13)
1 0 0
85 (2,10)->(0,14)
1 0 0
86 (2,11)->(0,0)
1 0 0
87 (2,12)->(0,1)
0 0 0
88 (2,13)->(0,2)
0 0 0
89 (2,14)->(0,3)
1 0 1
90 (3,0)->(1,5)
0 0 0
91 (3,1)->(1,6)
0 0 0
92 (3,2)->(1,7)
0 0 0
93 (3,3)->(1,8)
0 0 0
94 (3,4)->(1,9)
0 0 0
95 (3,5)->(1,10)
0 0 0
96 (3,6)->(1,11)
0 0 0
97 (3,7)->(1,12)
0 0 0
98 (3,8)->(1,13)
0 0 0
99 (3,9)->(1,14)
0 0 0
100 (3,10)->(1,0)
0 0 0
101 (3,11)->(1,1)
0 0 0
102 (3,12)->(1,2)
0 0 0
103 (3,13)->(1,3)
0 0 0
104 (3,14)->(1,4)
0 0 0
105 (3,0)->(4,4)
0 0 0
106 (3,1)->(4,5)
0 0 0
107 (3,2)->(4,6)
0 0 0
108 (3,3)->(4,7)
0 0 0
109 (3,4)->(4,8)
0 0 0
110 (3,5)->(4,9)
0 0 0
111 (3,6)->(4,10)
0 0 0
112 (3,7)->(4,11)
0 0 0
113 (3,8)->(4,12)
0 0 0
114 (3,9)->(4,13)
0 0 0
115 (3,10)->(4,14)
0 0 0
116 (3,11)->(4,0)
0 0 0
117 (3,12)->(4,1)
0 0 0
118 (3,13)->(4,2)
0 0 0
119 (3,14)->(4,3)
0 0 0
120 (4,0)->(2,5)
0 0 0
121 (4,1)->(2,6)
0 0 0
122 (4,2)->(2,7)
0 0 0
123 (4,3)->(2,8)
0 0 0
124 (4,4)->(2,9)
0 0 0
125 (4,5)->(2,10)
0 0 0
126 (4,6)->(2,11)
0 0 0
127 (4,7)->(2,12)
0 0 0
128 (4,8)->(2,13)
0 0 0
129 (4,9)->(2,14)
0 0 0
130 (4,10)->(2,0)
0 0 0
131 (4,11)->(2,1)
0 0 0
132 (4,12)->(2,2)
0 0 0
133 (4,13)->(2,3)
0 0 0
134 (4,14)->(2,4)
0 0 0
135 (4,0)->(3,4)
0 1 0
136 (4,1)->(3,5)
0 1 0
137 (4,2)->(3,6)
0 1 0
138 (4,3)->(3,7)
0 1 0
139 (4,4)->(3,8)
0 1 0
140 (4,5)->(3,9)
0 1 0
141 (4,6)->(3,10)
0 1 1
142 (4,7)->(3,11)
0 1 1
143 (4,8)->(3,12)
0 1 1
144 (4,9)->(3,13)
0 1 1
145 (4,10)->(3,14)
0 1 1
146 (4,11)->(3,0)
0 0 0
147 (4,12)->(3,1)
0 0 0
148 (4,13)->(3,2)
0 1 0
149 (4,14)->(3,3)
0 1 0
17
0 (0,0)->(4,3)
0 0 0
1 (0,1)->(4,4)
0 0 0
2 (0,2)->(4,5)
0 0 0
3 (0,3)->(4,6)
0 0 0
4 (0,4)->(4,7)
0 0 0
5 (0,5)->(4,8)
0 0 0
6 (0,6)->(4,9)
0 0 0
7 (0,7)->(4,10)
0 0 0
8 (0,8)->(4,11)
0 0 0
9 (0,9)->(4,12)
0 0 0
10 (0,10)->(4,13)
0 0 0
11 (0,11)->(4,14)
0 0 0
12 (0,12)->(4,0)
0 0 0
13 (0,13)->(4,1)
0 0 0
14 (0,14)->(4,2)
0 0 0
15 (0,0)->(1,4)
0 1 0
16 (0,1)->(1,5)
0 1 0
17 (0,2)->(1,6)
0 1 0
18 (0,3)->(1,7)
0 1 0
19 (0,4)->(1,8)
0 1 0
20 (0,5)->(1,9)
0 1 0
21 (0,6)->(1,10)
0 1 0
22 (0,7)->(1,11)
0 1 0
23 (0,8)->(1,12)
0 1 0
24 (0,9)->(1,13)
0 1 0
25 (0,10)->(1,14)
0 0 0
26 (0,11)->(1,0)
0 0 0
27 (0,12)->(1,1)
0 0 0
28 (0,13)->(1,2)
0 0 0
29 (0,14)->(1,3)
0 1 0
30 (1,0)->(2,4)
0 0 0
31 (1,1)->(2,5)
0 0 0
32 (1,2)->(2,6)
0 0 0
33 (1,3)->(2,7)
0 0 0
34 (1,4)->(2,8)
0 0 0
35 (1,5)->(2,9)
0 0 0
36 (1,6)->(2,10)
0 0 0
37 (1,7)->(2,11)
0 0 0
38 (1,8)->(2,12)
0 0 0
39 (1,9)->(2,13)
0 0 0
40 (1,10)->(2,14)
0 0 0
41 (1,11)->(2,0)
0 0 0
42 (1,12)->(2,1)
0 0 0
43 (1,13)->(2,2)
0 0 0
44 (1,14)->(2,3)
0 0 0
45 (1,0)->(0,5)
0 0 0
46 (1,1)->(0,6)
0 0 0
47 (1,2)->(0,7)
0 0 0
48 (1,3)->(0,8)
0 0 0
49 (1,4)->(0,9)
0 0 0
50 (1,5)->(0,10)
0 0 0
51 (1,6)->(0,11)
0 0 0
52 (1,7)->(0,12)
0 0 0
53 (1,8)->(0,13)
0 0 0
54 (1,9)->(0,14)
0 0 0
55 (1,10)->(0,0)
0 0 0
56 (1,11)->(0,1)
0 0 0
57 (1,12)->(0,2)
0 0 0
58 (1,13)->(0,3)
0 0 0
59 (1,14)->(0,4)
0 0 0
60 (2,0)->(3,3)
0 0 0
61 (2,1)->(3,4)
0 0 0
62 (2,2)->(3,5)
0 0 0
63 (2,3)->(3,6)
0 0 0
64 (2,4)->(3,7)
0 0 0
65 (2,5)->(3,8)
0 0 0
66 (2,6)->(3,9)
0 0 0
67 (2,7)->(3,10)
0 0 0
68 (2,8)->(3,11)
0 0 0
69 (2,9)->(3,12)
0 0 0
70 (2,10)->(3,13)
0 0 0
71 (2,11)->(3,14)
0 0 0
72 (2,12)->(3,0)
0 0 0
73 (2,13)->(3,1)
0 0 0
74 (2,14)->(3,2)
0 0 0
75 (2,0)->(0,4)
0 0 0
76 (2,1)->(0,5)
0 0 0
77 (2,2)->(0,6)
0 0 0
78 (2,3)->(0,7)
0 0 0
79 (2,4)->(0,8)
0 0 0
80 (2,5)->(0,9)
0 0 0
81 (2,6)->(0,10)
0 0 0
82 (2,7)->(0,11)
0 0 0
83 (2,8)->(0,12)
0 0 0
84 (2,9)->(0,13)
0 0 0
85 (2,10)->(0,14)
0 0 0
86 (2,11)->(0,0)
0 0 0
87 (2,12)->(0,1)
0 0 0
88 (2,13)->(0,2)
0 0 0
89 (2,14)->(0,3)
0 0 0
90 (3,0)->(1,5)
1 1 1
91 (3,1)->(1,6)
1 1 1
92 (3,2)->(1,7)
1 1 1
93 (3,3)->(1,8)
1 1 1
94 (3,4)->(1,9)
1 1 1
95 (3,5)->(1,10)
1 1 1
96 (3,6)->(1,11)
1 1 1
97 (3,7)->(1,12)
1 1 1
98 (3,8)->(1,13)
1 1 1
99 (3,9)->(1,14)
0 0 0
100 (3,10)->(1,0)
0 0 0
101 (3,11)->(1,1)
0 0 0
102 (3,12)->(1,2)
0 0 0
103 (3,13)->(1,3)
1 1 1
104 (3,14)->(1,4)
1 1 1
105 (3,0)->(4,4)
1 0 0
106 (3,1)->(4,5)
1 0 0
107 (3,2)->(4,6)
1 0 0
108 (3,3)->(4,7)
1 0 0
109 (3,4)->(4,8)
1 0 0
110 (3,5)->(4,9)
1 0 0
111 (3,6)->(4,10)
1 0 0
112 (3,7)->(4,11)
1 0 0
113 (3,8)->(4,12)
1 0 0
114 (3,9)->(4,13)
0 0 0
115 (3,10)->(4,14)
0 0 0
116 (3,11)->(4,0)
0 0 0
117 (3,12)->(4,1)
0 0 0
118 (3,13)->(4,2)
1 0 0
119 (3,14)->(4,3)
1 0 0
120 (4,0)->(2,5)
0 0 0
121 (4,1)->(2,6)
0 0 0
122 (4,2)->(2,7)
0 0 0
123 (4,3)->(2,8)
0 0 0
124 (4,4)->(2,9)
0 0 0
125 (4,5)->(2,10)
0 0 0
126 (4,6)->(2,11)
0 0 0
127 (4,7)->(2,12)
0 0 0
128 (4,8)->(2,13)
0 0 0
129 (4,9)->(2,14)
0 0 0
130 (4,10)->(2,0)
0 0 0
131 (4,11)->(2,1)
0 0 0
132 (4,12)->(2,2)
0 0 0
133 (4,13)->(2,3)
0 0 0
134 (4,14)->(2,4)
0 0 0
135 (4,0)->(3,4)
0 0 0
136 (4,1)->(3,5)
0 0 0
137 (4,2)->(3,6)
0 0 0
138 (4,3)->(3,7)
0 0 0
139 (4,4)->(3,8)
0 0 0
140 (4,5)->(3,9)
0 0 0
141 (4,6)->(3,10)
0 0 0
142 (4,7)->(3,11)
0 0 0
143 (4,8)->(3,12)
0 0 0
144 (4,9)->(3,13)
0 0 0
145 (4,10)->(3,14)
0 0 0
146 (4,11)->(3,0)
0 0 0
147 (4,12)->(3,1)
0 0 0
148 (4,13)->(3,2)
0 0 0
149 (4,14)->(3,3)
0 0 0
18
0 (0,0)->(4,3)
1 0 0
1 (0,1)->(4,4)
0 0 0
2 (0,2)->(4,5)
0 0 0
3 (0,3)->(4,6)
0 0 0
4 (0,4)->(4,7)
1 0 1
5 (0,5)->(4,8)
1 0 1
6 (0,6)->(4,9)
1 0 1
7 (0,7)->(4,10)
1 0 1
8 (0,8)->(4,11)
1 0 0
9 (0,9)->(4,12)
1 0 0
10 (0,10)->(4,13)
1 0 0
11 (0,11)->(4,14)
1 0 0
12 (0,12)->(4,0)
1 0 0
13 (0,13)->(4,1)
1 0 0
14 (0,14)->(4,2)
1 0 0
15 (0,0)->(1,4)
1 1 1
16 (0,1)->(1,5)
0 0 0
17 (0,2)->(1,6)
0 0 0
18 (0,3)->(1,7)
0 0 0
19 (0,4)->(1,8)
1 1 1
20 (0,5)->(1,9)
1 1 1
21 (0,6)->(1,10)
1 1 1
22 (0,7)->(1,11)
1 1 1
23 (0,8)->(1,12)
1 1 1
24 (0,9)->(1,13)
1 1 1
25 (0,10)->(1,14)
1 1 1
26 (0,11)->(1,0)
1 1 1
27 (0,12)->(1,1)
1 1 1
28 (0,13)->(1,2)
1 1 1
29 (0,14)->(1,3)
1 1 1
30 (1,0)->(2,4)
0 0 0
31 (1,1)->(2,5)
0 0 0
32 (1,2)->(2,6)
0 0 0
33 (1,3)->(2,7)
0 0 0
34 (1,4)->(2,8)
0 0 0
35 (1,5)->(2,9)
0 0 0
36 (1,6)->(2,10)
0 0 0
37 (1,7)->(2,11)
0 0 0
38 (1,8)->(2,12)
0 0 0
39 (1,9)->(2,13)
0 0 0
40 (1,10)->(2,14)
0 0 0
41 (1,11)->(2,0)
0 0 0
42 (1,12)->(2,1)
0 0 0
43 (1,13)->(2,2)
0 0 0
44 (1,14)->(2,3)
0 0 0
45 (1,0)->(0,5)
0 0 0
46 (1,1)->(0,6)
0 0 0
47 (1,2)->(0,7)
0 0 0
48 (1,3)->(0,8)
0 0 0
49 (1,4)->(0,9)
0 0 0
50 (1,5)->(0,10)
0 0 0
51 (1,6)->(0,11)
0 0 0
52 (1,7)->(0,12)
0 0 0
53 (1,8)->(0,13)
0 0 0
54 (1,9)->(0,14)
0 0 0
55 (1,10)->(0,0)
0 0 0
56 (1,11)->(0,1)
0 0 0
57 (1,12)->(0,2)
0 0 0
58 (1,13)->(0,3)
0 0 0
59 (1,14)->(0,4)
0 0 0
60 (2,0)->(3,3)
0 0 0
61 (2,1)->(3,4)
0 0 0
62 (2,2)->(3,5)
0 0 0
63 (2,3)->(3,6)
0 0 0
64 (2,4)->(3,7)
0 0 0
65 (2,5)->(3,8)
0 0 0
66 (2,6)->(3,9)
0 0 0
67 (2,7)->(3,10)
0 0 0
68 (2,8)->(3,11)
0 0 0
69 (2,9)->(3,12)
0 0 0
70 (2,10)->(3,13)
0 0 0
71 (2,11)->(3,14)
0 0 0
72 (2,12)->(3,0)
0 0 0
73 (2,13)->(3,1)
0 0 0
74 (2,14)->(3,2)
0 0 0
75 (2,0)->(0,4)
0 0 0
76 (2,1)->(0,5)
0 0 0
77 (2,2)->(0,6)
0 0 0
78 (2,3)->(0,7)
0 0 0
79 (2,4)->(0,8)
0 0 0
80 (2,5)->(0,9)
0 0 0
81 (2,6)->(0,10)
0 0 0
82 (2,7)->(0,11)
0 0 0
83 (2,8)->(0,12)
0 0 0
84 (2,9)->(0,13)
0 0 0
85 (2,10)->(0,14)
0 0 0
86 (2,11)->(0,0)
0 0 0
87 (2,12)->(0,1)
0 0 0
88 (2,13)->(0,2)
0 0 0
89 (2,14)->(0,3)
0 0 0
90 (3,0)->(1,5)
0 0 0
91 (3,1)->(1,6)
0 0 0
92 (3,2)->(1,7)
0 0 0
93 (3,3)->(1,8)
0 1 0
94 (3,4)->(1,9)
0 1 0
95 (3,5)->(1,10)
0 1 0
96 (3,6)->(1,11)
0 1 0
97 (3,7)->(1,12)
0 1 0
98 (3,8)->(1,13)
0 1 0
99 (3,9)->(1,14)
0 1 0
100 (3,10)->(1,0)
0 1 0
101 (3,11)->(1,1)
0 1 1
102 (3,12)->(1,2)
0 1 1
103 (3,13)->(1,3)
0 1 1
104 (3,14)->(1,4)
0 1 1
105 (3,0)->(4,4)
0 0 0
106 (3,1)->(4,5)
0 0 0
107 (3,2)->(4,6)
0 0 0
108 (3,3)->(4,7)
0 0 0
109 (3,4)->(4,8)
0 0 0
110 (3,5)->(4,9)
0 0 0
111 (3,6)->(4,10)
0 0 0
112 (3,7)->(4,11)
0 0 0
113 (3,8)->(4,12)
0 0 0
114 (3,9)->(4,13)
0 0 0
115 (3,10)->(4,14)
0 0 0
116 (3,11)->(4,0)
0 0 0
117 (3,12)->(4,1)
0 0 0
118 (3,13)->(4,2)
0 0 0
119 (3,14)->(4,3)
0 0 0
120 (4,0)->(2,5)
0 0 0
121 (4,1)->(2,6)
0 0 0
122 (4,2)->(2,7)
0 0 0
123 (4,3)->(2,8)
0 0 0
124 (4,4)->(2,9)
0 0 0
125 (4,5)->(2,10)
0 0 0
126 (4,6)->(2,11)
0 0 0
127 (4,7)->(2,12)
0 0 0
128 (4,8)->(2,13)
0 0 0
129 (4,9)->(2,14)
0 0 0
130 (4,10)->(2,0)
0 0 0
131 (4,11)->(2,1)
0 0 0
132 (4,12)->(2,2)
0 0 0
133 (4,13)->(2,3)
0 0 0
134 (4,14)->(2,4)
0 0 0
135 (4,0)->(3,4)
0 0 0
136 (4,1)->(3,5)
0 0 0
137 (4,2)->(3,6)
0 0 0
138 (4,3)->(3,7)
0 0 0
139 (4,4)->(3,8)
0 0 0
140 (4,5)->(3,9)
0 0 0
141 (4,6)->(3,10)
0 0 0
142 (4,7)->(3,11)
0 0 1
143 (4,8)->(3,12)
0 0 1
144 (4,9)->(3,13)
0 0 1
145 (4,10)->(3,14)
0 0 1
146 (4,11)->(3,0)
0 0 0
147 (4,12)->(3,1)
0 0 0
148 (4,13)->(3,2)
0 0 0
149 (4,14)->(3,3)
0 0 0
19
0 (0,0)->(4,3)
0 0 0
1 (0,1)->(4,4)
0 0 0
2 (0,2)->(4,5)
0 0 0
3 (0,3)->(4,6)
0 0 0
4 (0,4)->(4,7)
0 0 0
5 (0,5)->(4,8)
0 0 0
6 (0,6)->(4,9)
0 0 0
7 (0,7)->(4,10)
0 0 0
8 (0,8)->(4,11)
0 0 0
9 (0,9)->(4,12)
0 0 0
10 (0,10)->(4,13)
0 0 0
11 (0,11)->(4,14)
0 0 0
12 (0,12)->(4,0)
0 0 0
13 (0,13)->(4,1)
0 0 0
14 (0,14)->(4,2)
0 0 0
15 (0,0)->(1,4)
0 0 0
16 (0,1)->(1,5)
0 0 0
17 (0,2)->(1,6)
0 0 0
18 (0,3)->(1,7)
0 0 0
19 (0,4)->(1,8)
0 0 0
20 (0,5)->(1,9)
0 0 0
21 (0,6)->(1,10)
0 0 0
22 (0,7)->(1,11)
0 0 0
23 (0,8)->(1,12)
0 0 0
24 (0,9)->(1,13)
0 0 0
25 (0,10)->(1,14)
0 0 0
26 (0,11)->(1,0)
0 0 0
27 (0,12)->(1,1)
0 0 0
28 (0,13)->(1,2)
0 0 0
29 (0,14)->(1,3)
0 0 0
30 (1,0)->(2,4)
0 0 0
31 (1,1)->(2,5)
0 0 0
32 (1,2)->(2,6)
0 0 0
33 (1,3)->(2,7)
0 1 0
34 (1,4)->(2,8)
0 1 0
35 (1,5)->(2,9)
0 1 0
36 (1,6)->(2,10)
0 1 0
37 (1,7)->(2,11)
0 1 0
38 (1,8)->(2,12)
0 1 0
39 (1,9)->(2,13)
0 1 0
40 (1,10)->(2,14)
0 1 0
41 (1,11)->(2,0)
0 1 1
42 (1,12)->(2,1)
0 1 1
43 (1,13)->(2,2)
0 1 1
44 (1,14)->(2,3)
0 0 0
45 (1,0)->(0,5)
0 0 0
46 (1,1)->(0,6)
0 0 0
47 (1,2)->(0,7)
0 0 0
48 (1,3)->(0,8)
0 0 0
49 (1,4)->(0,9)
0 0 0
50 (1,5)->(0,10)
0 0 0
51 (1,6)->(0,11)
0 0 0
52 (1,7)->(0,12)
0 0 0
53 (1,8)->(0,13)
0 0 0
54 (1,9)->(0,14)
0 0 0
55 (1,10)->(0,0)
0 0 0
56 (1,11)->(0,1)
0 0 0
57 (1,12)->(0,2)
0 0 0
58 (1,13)->(0,3)
0 0 0
59 (1,14)->(0,4)
0 0 0
60 (2,0)->(3,3)
0 0 0
61 (2,1)->(3,4)
0 0 0
62 (2,2)->(3,5)
0 0 0
63 (2,3)->(3,6)
0 0 0
64 (2,4)->(3,7)
0 0 0
65 (2,5)->(3,8)
0 0 0
66 (2,6)->(3,9)
0 0 0
67 (2,7)->(3,10)
0 0 0
68 (2,8)->(3,11)
0 0 0
69 (2,9)->(3,12)
0 0 0
70 (2,10)->(3,13)
0 0 0
71 (2,11)->(3,14)
0 0 0
72 (2,12)->(3,0)
0 0 0
73 (2,13)->(3,1)
0 0 0
74 (2,14)->(3,2)
0 0 0
75 (2,0)->(0,4)
0 0 0
76 (2,1)->(0,5)
0 0 0
77 (2,2)->(0,6)
0 0 0
78 (2,3)->(0,7)
0 0 0
79 (2,4)->(0,8)
0 0 0
80 (2,5)->(0,9)
0 0 0
81 (2,6)->(0,10)
0 0 0
82 (2,7)->(0,11)
0 0 0
83 (2,8)->(0,12)
0 0 0
84 (2,9)->(0,13)
0 0 0
85 (2,10)->(0,14)
0 0 0
86 (2,11)->(0,0)
0 0 0
87 (2,12)->(0,1)
0 0 0
88 (2,13)->(0,2)
0 0 0
89 (2,14)->(0,3)
0 0 0
90 (3,0)->(1,5)
0 0 0
91 (3,1)->(1,6)
0 0 0
92 (3,2)->(1,7)
0 0 0
93 (3,3)->(1,8)
0 0 0
94 (3,4)->(1,9)
0 0 0
95 (3,5)->(1,10)
0 0 0
96 (3,6)->(1,11)
0 0 1
97 (3,7)->(1,12)
0 0 1
98 (3,8)->(1,13)
0 0 1
99 (3,9)->(1,14)
0 0 0
100 (3,10)->(1,0)
0 0 0
101 (3,11)->(1,1)
0 0 0
102 (3,12)->(1,2)
0 0 0
103 (3,13)->(1,3)
0 0 0
104 (3,14)->(1,4)
0 0 0
105 (3,0)->(4,4)
0 0 0
106 (3,1)->(4,5)
0 0 0
107 (3,2)->(4,6)
0 0 0
108 (3,3)->(4,7)
0 0 0
109 (3,4)->(4,8)
0 0 0
110 (3,5)->(4,9)
0 0 0
111 (3,6)->(4,10)
0 0 0
112 (3,7)->(4,11)
0 0 0
113 (3,8)->(4,12)
0 0 0
114 (3,9)->(4,13)
0 0 0
115 (3,10)->(4,14)
0 0 0
116 (3,11)->(4,0)
0 0 0
117 (3,12)->(4,1)
0 0 0
118 (3,13)->(4,2)
0 0 0
119 (3,14)->(4,3)
0 0 0
120 (4,0)->(2,5)
0 0 0
121 (4,1)->(2,6)
0 0 0
122 (4,2)->(2,7)
1 1 1
123 (4,3)->(2,8)
1 1 1
124 (4,4)->(2,9)
1 1 1
125 (4,5)->(2,10)
1 1 1
126 (4,6)->(2,11)
1 1 1
127 (4,7)->(2,12)
1 1 1
128 (4,8)->(2,13)
1 1 1
129 (4,9)->(2,14)
1 1 1
130 (4,10)->(2,0)
1 1 1
131 (4,11)->(2,1)
1 1 1
132 (4,12)->(2,2)
1 1 1
133 (4,13)->(2,3)
0 0 0
134 (4,14)->(2,4)
0 0 0
135 (4,0)->(3,4)
0 0 0
136 (4,1)->(3,5)
0 0 0
137 (4,2)->(3,6)
1 0 1
138 (4,3)->(3,7)
1 0 1
139 (4,4)->(3,8)
1 0 1
140 (4,5)->(3,9)
1 0 0
141 (4,6)->(3,10)
1 0 0
142 (4,7)->(3,11)
1 0 0
143 (4,8)->(3,12)
1 0 0
144 (4,9)->(3,13)
1 0 0
145 (4,10)->(3,14)
1 0 0
146 (4,11)->(3,0)
1 0 0
147 (4,12)->(3,1)
1 0 0
148 (4,13)->(3,2)
0 0 0
149 (4,14)->(3,3)
0 0 0
