LP information:
0
37 13.0 39 1.0 41 17.0 
1
60 12.0 
2
131 31.0 5 2.9999999999999964 8 28.000000000000004 
3
61 20.0 73 1.0 
4
76 14.0 88 4.0 
5
63 22.0 111 22.0 
6
134 28.0 79 25.0 82 4.0 120 1.0 
7
2 24.0 140 24.0 
8
29 13.0 71 13.0 84 13.0 104 13.0 
9
12 4.0 13 13.0 48 17.0 
10
92 13.0 54 13.0 
11
143 17.0 
12
5 10.0 144 10.0 
13
120 3.0 124 9.0 
14
137 26.0 96 22.0 98 4.0 
15
79 3.0 88 20.0 
16
60 5.0 65 4.0 74 13.0 
17
91 1.0 93 17.0 94 3.0 
18
23 17.0 
19
124 4.0 126 24.0 

Final Solution:
0
42 31.0 
1
60 5.0 65 7.0 
2
129 24.0 2 10.0 3 14.0 23 7.0 42 7.0 
3
65 21.0 
4
85 2.0 89 16.0 
5
65 22.0 113 22.0 
6
134 24.0 79 24.0 85 5.0 125 5.0 
7
0 18.0 3 6.0 141 24.0 
8
71 26.0 104 25.999999999999993 
9
0 1.0000000000000142 36 17.0 71 15.999999999999986 86 1.0000000000000142 119 15.999999999999986 
10
85 13.0 36 3.0 104 3.0 119 10.0 125 10.0 
11
141 17.0 
12
2 10.0 141 9.0 71 1.0 126 1.0 
13
129 12.0 
14
134 26.0 79 26.0 23 26.0 
15
86 18.999999999999986 89 4.000000000000014 
16
60 15.0 71 7.0 
17
104 20.999999999999996 
18
23 17.0 
19
129 4.0 125 5.0 126 19.0 
