LP information:
0
35 10.0 38 14.000000000000002 42 4.0 44 1.0 
1
61 12.0 
2
129 8.0 3 5.0 131 16.0 5 8.0 8 16.0 127 5.0 
3
72 14.0 
4
75 3.0 88 17.0 
5
63 22.0 111 22.0 
6
134 22.0 79 22.0 85 10.0 122 10.0 
7
0 4.0 2 15.0 139 4.0 140 15.0 
8
28 15.0 69 14.0 84 15.0 90 4.0 102 10.0 
9
8 6.0 13 15.0 48 6.0 53 15.0 
10
90 10.0 50 10.0 
11
144 20.0 
12
2 2.0 4 3.0 9 7.000000000000001 140 2.0 142 2.999999999999999 147 7.000000000000001 
13
134 7.000000000000001 122 1.9999999999999991 
14
137 28.0 96 28.0 
15
76 8.0 80 7.0 89 5.0 
16
60 15.0 63 6.0 
17
93 15.0 94 4.0 
18
23 6.0 25 10.0 
19
124 14.0 127 12.0 

Final Solution:
0
43 29.0 
1
62 12.0 
2
1 29.0 124 29.0 
3
70 14.0 
4
84 20.0 
5
13 2.0 62 20.0 84 2.0 110 20.0 
6
84 32.0 124 32.0 
7
136 11.0 13 19.0 142 8.0 
8
28 26.0 70 3.0 84 26.0 91 3.0 
9
13 21.0 53 21.0 
10
91 10.0 53 10.0 
11
144 20.0 
12
1 12.0 142 12.0 
13
124 9.0 
14
135 19.0 136 9.0 95 28.0 
15
84 20.0 
16
62 18.0 70 3.0 
17
95 19.0 
18
28 16.0 
19
124 26.0 
