LP information:
0
42 90.0 
1
61 30.0 
2
128 90.0 4 90.0 
3
61 39.0 73 18.0 
4
88 51.0 
5
63 51.0 66 15.0 111 9.0 114 57.0 
6
82 84.0 122 84.0 
7
137 63.0 11 63.0 
8
15 21.0 17 15.0 29 21.0 61 24.0 85 21.0 86 21.0 88 15.0 94 24.0 
9
0 21.0 8 18.0 11 21.0 48 18.0 51 21.0 55 21.0 
10
94 30.0 54 30.0 
11
139 63.0 
12
1 42.0 140 42.0 
13
133 18.0 121 15.0 
14
135 84.0 94 27.0 95 57.0 
15
78 18.0 86 21.0 88 24.0 
16
61 6.0 62 57.0 
17
94 9.0 96 51.0 
18
23 18.0 26 21.0 29 9.0 
19
131 9.0 125 21.0 126 42.0 

Final Solution:
0
42 90.0 
1
61 14.0 63 16.0 
2
130 58.0 4 90.0 127 32.0 
3
61 57.0 
4
75 37.0 83 5.0 85 9.0 
5
12 45.0 63 21.0 83 45.0 116 21.0 
6
85 84.0 123 17.0 125 67.0 
7
0 40.0 4 18.0 12 5.0 142 63.0 
8
17 50.0 29 2.0 61 29.0 85 2.0 87 50.0 94 29.0 
9
0 60.0 54 23.0 55 37.0 
10
85 3.0 94 27.0 106 3.0 54 27.0 125 3.0 
11
147 55.0 148 8.0 
12
4 42.0 142 37.0 147 5.0 
13
123 33.0 
14
148 84.0 96 84.0 
15
75 63.0 
16
63 63.0 
17
94 44.0 96 16.0 
18
29 48.0 
19
130 42.0 125 30.0 
