LP information:
0
37 2.0 38 23.0 41 1.0 
1
60 12.0 
2
1 34.0 124 22.0 126 12.0 
3
72 23.0 74 5.0 
4
86 15.0 
5
14 3.0 65 21.0 78 3.0 113 21.0 
6
81 22.0 120 7.0 121 15.0 
7
0 9.0 11 10.0 140 9.0 149 10.0 
8
19 2.0 20 6.0 29 12.0 75 2.0 76 6.0 84 12.0 
9
11 12.0 48 12.0 
10
92 5.0 93 12.0 52 5.0 54 12.0 
11
140 17.0 
12
4 4.0 7 3.0 142 4.0 145 3.0 
13
129 4.0 133 3.0 123 5.0 
14
139 14.0 98 14.0 
15
75 2.0 86 19.0 
16
69 22.0 71 2.0 
17
90 23.0 104 2.0 
18
23 12.0 27 5.0 
19
123 7.0 126 16.0 

Final Solution:
0
38 26.0 
1
69 12.0 
2
2 21.0 19 13.0 38 13.0 125 21.0 
3
71 28.0 
4
75 4.0 85 11.0 
5
69 24.0 117 24.0 
6
85 22.0 123 10.0 125 12.0 
7
2 19.0 141 19.0 
8
19 20.0 75 20.0 
9
37 12.0 71 12.0 119 12.0 
10
85 17.0 106 17.0 125 17.0 
11
145 11.0 148 6.0 
12
2 7.0 145 7.0 
13
123 12.0 
14
148 14.0 92 14.0 
15
75 21.0 
16
69 14.0 71 10.0 
17
92 25.0 
18
19 17.0 
19
123 23.0 
