LP information:
0
38 20.0 40 7.0 
1
74 8.0 
2
1 7.0 2 19.0 23 4.0 42 4.0 125 26.0 
3
61 2.0 72 20.0 
4
87 19.0 
5
7 1.0 62 17.0 78 1.0 110 17.0 
6
134 6.0 79 6.0 83 22.0 123 22.0 
7
136 22.0 13 22.0 
8
15 15.0 29 1.0 85 1.0 86 15.0 
9
0 15.0 8 4.0 48 4.0 55 15.0 
10
94 14.0 54 14.0 
11
141 23.0 
12
1 12.0 6 4.0 8 2.0 140 12.0 144 4.0 146 2.0 
13
129 1.0 131 9.0 132 4.0 
14
148 24.0 92 7.000000000000001 95 17.0 
15
77 4.0 88 12.0 
16
61 21.0 
17
90 20.0 
18
29 13.0 
19
125 27.0 

Final Solution:
0
37 27.0 
1
62 8.0 
2
2 6.999999999999993 19 23.000000000000007 38 23.000000000000007 125 6.999999999999993 
3
71 22.0 
4
87 19.0 
5
62 18.0 110 18.0 
6
85 28.0 125 28.0 
7
2 22.0 140 22.0 
8
19 13.999999999999993 71 2.000000000000007 87 13.999999999999993 92 2.000000000000007 
9
37 19.0 71 19.0 119 19.0 
10
85 14.0 119 14.0 125 14.0 
11
148 23.0 
12
2 18.0 140 18.0 
13
132 14.0 
14
148 24.0 92 24.0 
15
87 16.0 
16
62 14.0 71 7.0 
17
92 20.0 
18
19 13.0 
19
132 26.000000000000004 125 1.000000000000007 
