LP information:
0
37 24.0 
1
60 5.0 66 7.0 
2
130 9.0 131 22.0 5 9.0 6 22.0 
3
71 14.0 
4
76 21.0 81 1.0 
5
63 21.0 111 21.0 
6
134 21.0 83 31.0 121 8.0 123 2.0 
7
135 18.0 136 13.0 12 18.0 13 13.0 
8
19 9.0 29 22.0 75 9.0 84 13.0 85 9.0 
9
0 9.0 10 1.0 12 13.0 48 14.0 54 9.0 
10
93 5.0 94 6.0 104 2.0 54 13.0 
11
143 21.0 
12
9 21.0 147 21.0 
13
124 5.0 
14
137 28.0 96 28.0 
15
76 1.0 79 21.0 
16
61 6.0 63 7.0 71 10.0 
17
104 22.0 
18
23 14.0 
19
123 4.0 124 8.0 125 9.0 

Final Solution:
0
44 24.0 
1
63 12.0 
2
1 31.0 126 31.0 
3
71 14.0 
4
83 5.0 84 17.0 
5
13 1.0000000000000036 63 19.999999999999996 83 1.0000000000000036 113 19.999999999999996 
6
83 31.0 123 31.0 
7
1 9.000000000000004 136 21.999999999999996 139 9.000000000000004 13 21.999999999999996 
8
28 31.0 84 31.0 
9
13 23.0 53 23.0 
10
83 13.0 119 13.0 123 13.0 
11
139 21.0 
12
1 21.0 139 19.999999999999996 71 1.0000000000000036 126 1.0000000000000036 
13
124 5.0 
14
136 28.0 96 28.0 
15
84 2.0 86 20.0 
16
63 18.000000000000004 71 4.9999999999999964 
17
96 22.0 
18
28 14.0 
19
124 21.0 
