LP information:
0
38 18.0 39 4.0 
1
73 4.0 
2
1 13.0 130 14.0 131 8.0 6 14.0 8 8.0 124 6.0 126 7.0 
3
61 8.0 72 16.0 
4
84 9.0 87 13.0 
5
64 6.0 65 10.0 112 6.0 113 10.0 
6
134 14.0 79 8.0 80 15.0 84 8.0 120 15.0 124 2.0 
7
0 21.0 139 21.0 
8
18 13.0 28 4.0 72 4.0 84 4.0 86 13.0 91 4.0 
9
13 21.0 51 17.0 53 4.0 
10

11
148 30.0 
12
9 15.0 147 15.0 
13
124 13.0 
14
139 31.0 98 31.0 
15
76 14.0 86 8.0 
16
65 21.0 
17
90 20.0 
18
26 17.0 
19
126 25.0 

Final Solution:
0
42 22.0 
1
61 4.0 
2
1 35.0 124 35.0 
3
61 2.0 68 22.0 
4
84 22.0 
5
68 16.0 116 16.0 
6
80 3.0 84 28.0 120 3.0 123 13.0 124 15.0 
7
135 14.00000000000001 12 21.0 68 6.999999999999989 123 6.999999999999989 
8
61 21.0 94 21.0 
9
12 20.99999999999998 48 21.0 
10

11
138 20.0 139 4.999999999999989 68 5.000000000000011 123 5.000000000000011 
12
1 15.00000000000001 139 15.00000000000001 
13
120 13.0 
14
135 5.999999999999989 80 25.00000000000001 24 25.00000000000001 94 5.999999999999989 120 25.00000000000001 
15
80 22.0 
16
61 21.0 
17
94 20.0 
18
24 17.0 
19
123 25.0 
