Network:
75 225 423

Commodity:
11 12 7 12 11 8 6 8 7 7 5 11 8 10 6 11 12 10 11 10 

Service Arc:
0 (0,0)->(4,3)
2 3 35 59 111 17 225 134 217 244 229 164 171 175 3 3 3 3 3 3 3 3 2 3 3 3
1 (0,1)->(4,4)
4 3 60 59 111 0 225 102 182 214 244 204 196 134 3 3 2 3 3 3 3 3 2 3 3 3
2 (0,2)->(4,5)
4 3 60 59 70 0 184 102 207 214 200 195 196 117 3 3 2 3 3 3 3 2 2 3 3 2
3 (0,3)->(4,6)
5 3 60 59 49 0 178 134 232 223 177 195 155 127 3 3 2 3 3 3 3 2 2 3 3 2
4 (0,4)->(4,7)
6 3 75 59 49 0 158 149 232 175 159 195 149 128 3 3 2 3 3 3 3 2 2 3 3 2
5 (0,5)->(4,8)
5 3 55 59 49 0 158 149 210 175 168 198 129 128 3 3 2 3 2 3 3 2 3 3 3 2
6 (0,6)->(4,9)
5 3 55 59 58 23 167 115 169 150 209 200 120 111 3 3 3 3 2 3 3 3 3 3 3 2
7 (0,7)->(4,10)
5 3 55 29 58 23 150 136 139 147 218 217 129 123 3 3 3 3 2 3 3 3 3 3 3 3
8 (0,8)->(4,11)
6 3 55 50 58 40 125 162 210 96 218 199 129 161 3 3 3 3 3 3 3 3 3 3 3 3
9 (0,9)->(4,12)
5 3 30 59 58 40 110 163 210 117 199 174 104 202 3 3 3 3 3 3 3 3 3 3 3 3
10 (0,10)->(4,13)
4 3 15 60 60 40 132 115 186 111 171 154 73 203 3 3 3 3 3 3 3 3 3 3 2 3
11 (0,11)->(4,14)
4 3 35 60 62 40 97 115 171 179 188 118 95 203 3 2 3 3 3 3 3 3 3 3 2 3
12 (0,12)->(4,0)
4 3 35 60 62 40 97 144 191 211 188 118 97 203 3 2 3 3 3 3 3 3 3 3 2 3
13 (0,13)->(4,1)
3 3 35 89 62 40 97 171 247 251 229 101 97 212 3 2 3 3 3 3 3 3 3 3 2 3
14 (0,14)->(4,2)
3 3 35 89 111 40 200 157 240 271 229 164 113 205 3 3 3 3 3 3 3 3 3 3 3 3
15 (0,0)->(1,4)
3 4 35 59 54 58 225 134 217 244 186 178 114 193 3 3 3 3 3 3 3 3 3 3 3 3
16 (0,1)->(1,5)
3 4 60 59 54 43 225 102 182 214 227 204 139 175 3 3 2 3 3 3 3 3 3 3 3 3
17 (0,2)->(1,6)
3 4 60 59 54 43 184 102 207 214 240 227 139 160 3 3 2 3 3 3 3 3 3 3 3 3
18 (0,3)->(1,7)
3 4 60 59 54 75 178 134 232 223 217 242 139 170 3 3 2 3 3 3 3 3 3 3 3 3
19 (0,4)->(1,8)
4 4 75 59 54 90 158 149 232 175 199 271 154 203 3 3 2 3 3 3 3 3 3 3 3 3
20 (0,5)->(1,9)
4 4 55 59 54 90 158 149 210 175 199 244 134 218 3 3 2 3 2 3 3 3 3 3 3 3
21 (0,6)->(1,10)
2 4 55 59 54 63 167 115 169 150 207 223 125 201 3 3 3 3 2 3 3 3 3 3 3 3
22 (0,7)->(1,11)
3 4 55 29 37 63 150 136 139 147 232 223 125 163 3 3 3 3 2 3 3 3 3 3 3 3
23 (0,8)->(1,12)
3 4 55 50 37 63 125 162 210 96 232 223 108 201 3 3 3 3 3 3 3 3 3 3 3 3
24 (0,9)->(1,13)
2 4 30 59 37 63 110 163 210 117 211 150 83 225 3 3 3 3 3 3 3 3 3 3 3 3
25 (0,10)->(1,14)
1 4 15 60 37 15 132 115 186 111 159 120 52 226 3 3 3 3 3 3 3 2 3 3 2 3
26 (0,11)->(1,0)
2 4 35 60 0 15 97 115 171 179 156 83 72 178 3 2 3 3 3 3 3 2 3 3 2 3
27 (0,12)->(1,1)
2 4 35 60 0 15 97 144 191 211 156 110 35 178 3 2 3 3 3 3 3 2 3 3 1 3
28 (0,13)->(1,2)
3 4 35 89 0 42 97 171 247 251 211 96 35 187 3 2 3 3 3 3 3 3 3 3 1 3
29 (0,14)->(1,3)
3 4 35 89 54 58 200 157 240 271 211 184 51 207 3 3 3 3 3 3 3 3 3 3 2 3
30 (1,0)->(2,4)
1 4 0 15 101 9 156 83 72 178 172 147 146 101 3 2 3 3 2 3 3 3 3 3 2 3
31 (1,1)->(2,5)
1 4 0 15 101 9 156 110 35 178 148 171 163 64 3 2 3 3 1 3 3 3 3 3 2 3
32 (1,2)->(2,6)
1 4 0 42 102 9 211 96 35 187 117 239 163 91 3 3 3 3 1 3 3 2 3 3 2 3
33 (1,3)->(2,7)
4 4 54 58 102 76 211 184 51 207 137 239 267 107 3 3 3 3 2 3 3 2 3 3 3 3
34 (1,4)->(2,8)
5 4 54 58 102 76 186 178 114 193 193 264 267 151 3 3 3 3 3 3 3 2 3 3 3 3
35 (1,5)->(2,9)
6 4 54 43 158 101 227 204 139 175 186 264 267 119 3 3 3 3 3 3 3 2 3 3 3 2
36 (1,6)->(2,10)
5 4 54 43 151 92 240 227 139 160 179 257 282 144 3 3 3 3 3 3 3 3 3 3 3 2
37 (1,7)->(2,11)
4 4 54 75 128 92 217 242 139 170 170 227 254 167 3 3 3 3 3 3 3 3 3 3 3 2
38 (1,8)->(2,12)
3 4 54 90 110 92 199 271 154 203 195 209 231 182 3 3 3 3 3 3 3 3 3 3 3 2
39 (1,9)->(2,13)
3 4 54 90 110 92 199 244 134 218 220 218 213 182 3 3 3 3 3 3 3 3 3 3 3 2
40 (1,10)->(2,14)
2 4 54 63 135 101 207 223 125 201 220 228 222 178 3 3 3 3 3 3 3 3 3 3 3 3
41 (1,11)->(2,0)
3 4 37 63 135 101 232 223 125 163 235 229 230 187 3 3 3 3 3 3 3 3 3 3 3 3
42 (1,12)->(2,1)
3 4 37 63 135 101 232 223 108 201 194 204 230 204 3 3 3 3 3 3 3 3 3 3 3 3
43 (1,13)->(2,2)
2 4 37 63 114 76 211 150 83 225 155 157 230 204 3 3 3 3 3 3 3 3 3 3 3 3
44 (1,14)->(2,3)
1 4 37 15 84 46 159 120 52 226 172 109 211 131 3 2 3 3 2 3 3 3 3 3 3 3
45 (1,0)->(0,5)
1 5 0 15 55 59 156 83 72 178 158 149 210 175 3 2 3 3 2 3 3 3 2 3 2 3
46 (1,1)->(0,6)
1 5 0 15 55 59 156 110 35 178 167 115 169 150 3 2 3 3 1 3 3 3 3 3 2 3
47 (1,2)->(0,7)
1 5 0 42 55 29 211 96 35 187 150 136 139 147 3 3 3 3 1 3 3 3 3 3 2 3
48 (1,3)->(0,8)
3 5 54 58 55 50 211 184 51 207 125 162 210 96 3 3 3 3 2 3 3 3 3 3 3 3
49 (1,4)->(0,9)
4 5 54 58 30 59 186 178 114 193 110 163 210 117 3 3 3 3 3 3 3 3 3 3 3 3
50 (1,5)->(0,10)
3 5 54 43 15 60 227 204 139 175 132 115 186 111 3 3 3 3 3 3 3 3 3 3 3 3
51 (1,6)->(0,11)
2 5 54 43 35 60 240 227 139 160 97 115 171 179 3 3 3 3 3 3 3 2 3 3 3 3
52 (1,7)->(0,12)
2 5 54 75 35 60 217 242 139 170 97 144 191 211 3 3 3 3 3 3 3 2 3 3 3 3
53 (1,8)->(0,13)
3 5 54 90 35 89 199 271 154 203 97 171 247 251 3 3 3 3 3 3 3 2 3 3 3 3
54 (1,9)->(0,14)
3 5 54 90 35 89 199 244 134 218 200 157 240 271 3 3 3 3 3 3 3 3 3 3 3 3
55 (1,10)->(0,0)
1 5 54 63 35 59 207 223 125 201 225 134 217 244 3 3 3 3 3 3 3 3 3 3 3 3
56 (1,11)->(0,1)
0 5 37 63 60 59 232 223 125 163 225 102 182 214 3 3 3 3 3 3 3 3 2 3 3 3
57 (1,12)->(0,2)
0 5 37 63 60 59 232 223 108 201 184 102 207 214 3 3 3 3 3 3 3 3 2 3 3 3
58 (1,13)->(0,3)
0 5 37 63 60 59 211 150 83 225 178 134 232 223 3 3 3 3 3 3 3 3 2 3 3 3
59 (1,14)->(0,4)
1 5 37 15 75 59 159 120 52 226 158 149 232 175 3 2 3 3 2 3 3 3 2 3 3 3
60 (2,0)->(3,3)
4 3 135 101 25 69 235 229 230 187 128 159 222 209 3 3 3 3 3 3 3 3 2 3 3 3
61 (2,1)->(3,4)
4 3 135 101 25 69 194 204 230 204 119 142 222 210 3 3 3 3 3 3 3 3 2 3 3 3
62 (2,2)->(3,5)
3 3 114 76 16 52 155 157 230 204 128 157 201 185 3 3 3 3 3 3 3 3 3 3 3 3
63 (2,3)->(3,6)
4 3 84 46 16 71 172 109 211 131 111 174 211 138 3 3 3 3 3 3 3 3 3 3 3 3
64 (2,4)->(3,7)
6 3 101 9 16 88 172 147 146 101 111 206 228 97 3 3 3 3 2 3 3 3 3 3 3 3
65 (2,5)->(3,8)
6 3 101 9 16 103 148 171 163 64 95 206 228 97 3 3 3 3 2 3 3 2 3 3 3 2
66 (2,6)->(3,9)
6 3 102 9 0 103 117 239 163 91 97 158 188 112 3 2 3 3 2 3 3 2 3 3 3 2
67 (2,7)->(3,10)
8 3 102 76 0 103 137 239 267 107 62 158 151 179 3 2 3 3 3 3 3 1 3 3 2 2
68 (2,8)->(3,11)
8 3 102 76 0 103 193 264 267 151 62 138 151 179 3 2 3 3 3 3 3 1 3 3 2 2
69 (2,9)->(3,12)
9 3 158 101 0 83 186 264 267 119 78 158 207 204 3 2 3 3 3 2 3 2 3 3 2 2
70 (2,10)->(3,13)
8 3 151 92 16 76 179 257 282 144 190 174 209 198 3 3 3 3 3 2 3 3 3 3 2 3
71 (2,11)->(3,14)
7 3 128 92 25 76 170 227 254 167 190 133 202 191 3 3 3 3 3 2 3 3 3 3 3 3
72 (2,12)->(3,0)
5 3 110 92 25 58 195 209 231 182 190 101 193 208 3 3 3 3 3 2 3 3 2 3 3 3
73 (2,13)->(3,1)
5 3 110 92 25 58 220 218 213 182 149 111 193 190 3 3 3 3 3 2 3 3 2 3 3 3
74 (2,14)->(3,2)
5 3 135 101 25 68 220 228 222 178 128 144 220 199 3 3 3 3 3 3 3 3 2 3 3 3
75 (2,0)->(0,4)
5 4 135 101 75 59 235 229 230 187 158 149 232 175 3 3 3 3 3 3 3 3 2 3 3 3
76 (2,1)->(0,5)
5 4 135 101 55 59 194 204 230 204 158 149 210 175 3 3 3 3 3 3 3 3 2 3 2 3
77 (2,2)->(0,6)
4 4 114 76 55 59 155 157 230 204 167 115 169 150 3 3 3 3 3 3 3 3 3 3 2 3
78 (2,3)->(0,7)
4 4 84 46 55 29 172 109 211 131 150 136 139 147 3 3 3 3 3 3 3 3 3 3 2 3
79 (2,4)->(0,8)
5 4 101 9 55 50 172 147 146 101 125 162 210 96 3 3 3 3 2 3 3 3 3 3 3 3
80 (2,5)->(0,9)
5 4 101 9 30 59 148 171 163 64 110 163 210 117 3 3 3 3 2 3 3 3 3 3 3 3
81 (2,6)->(0,10)
4 4 102 9 15 60 117 239 163 91 132 115 186 111 3 2 3 3 2 3 3 3 3 3 3 3
82 (2,7)->(0,11)
5 4 102 76 35 60 137 239 267 107 97 115 171 179 3 2 3 3 3 3 3 2 3 3 3 3
83 (2,8)->(0,12)
6 4 102 76 35 60 193 264 267 151 97 144 191 211 3 2 3 3 3 3 3 2 3 3 3 3
84 (2,9)->(0,13)
7 4 158 101 35 89 186 264 267 119 97 171 247 251 3 2 3 3 3 2 3 2 3 3 3 3
85 (2,10)->(0,14)
7 4 151 92 35 89 179 257 282 144 200 157 240 271 3 3 3 3 3 2 3 3 3 3 3 3
86 (2,11)->(0,0)
4 4 128 92 35 59 170 227 254 167 225 134 217 244 3 3 3 3 3 2 3 3 3 3 3 3
87 (2,12)->(0,1)
4 4 110 92 60 59 195 209 231 182 225 102 182 214 3 3 3 3 3 2 3 3 2 3 3 3
88 (2,13)->(0,2)
4 4 110 92 60 59 220 218 213 182 184 102 207 214 3 3 3 3 3 2 3 3 2 3 3 3
89 (2,14)->(0,3)
5 4 135 101 60 59 220 228 222 178 178 134 232 223 3 3 3 3 3 3 3 3 2 3 3 3
90 (3,0)->(1,5)
4 5 25 58 54 43 190 101 193 208 227 204 139 175 3 3 2 3 3 3 3 3 3 3 3 3
91 (3,1)->(1,6)
3 5 25 58 54 43 149 111 193 190 240 227 139 160 3 3 2 3 3 3 3 3 3 3 3 3
92 (3,2)->(1,7)
4 5 25 68 54 75 128 144 220 199 217 242 139 170 3 3 2 3 3 3 3 3 3 3 3 3
93 (3,3)->(1,8)
5 5 25 69 54 90 128 159 222 209 199 271 154 203 3 3 2 3 3 3 3 3 3 3 3 3
94 (3,4)->(1,9)
5 5 25 69 54 90 119 142 222 210 199 244 134 218 3 3 2 3 3 3 3 3 3 3 3 3
95 (3,5)->(1,10)
2 5 16 52 54 63 128 157 201 185 207 223 125 201 3 3 3 3 3 3 3 3 3 3 3 3
96 (3,6)->(1,11)
3 5 16 71 37 63 111 174 211 138 232 223 125 163 3 3 3 3 3 3 3 3 3 3 3 3
97 (3,7)->(1,12)
3 5 16 88 37 63 111 206 228 97 232 223 108 201 3 3 3 3 3 3 3 3 3 3 3 3
98 (3,8)->(1,13)
3 5 16 103 37 63 95 206 228 97 211 150 83 225 3 2 3 3 3 2 3 3 3 3 3 3
99 (3,9)->(1,14)
1 5 0 103 37 15 97 158 188 112 159 120 52 226 3 2 3 3 3 2 3 2 3 3 2 3
100 (3,10)->(1,0)
1 5 0 103 0 15 62 158 151 179 156 83 72 178 3 1 3 3 2 2 3 2 3 3 2 3
101 (3,11)->(1,1)
2 5 0 103 0 15 62 138 151 179 156 110 35 178 3 1 3 3 2 2 3 2 3 3 1 3
102 (3,12)->(1,2)
3 5 0 83 0 42 78 158 207 204 211 96 35 187 3 2 3 3 2 2 3 3 3 3 1 3
103 (3,13)->(1,3)
5 5 16 76 54 58 190 174 209 198 211 184 51 207 3 3 3 3 2 3 3 3 3 3 2 3
104 (3,14)->(1,4)
6 5 25 76 54 58 190 133 202 191 186 178 114 193 3 3 3 3 3 3 3 3 3 3 3 3
105 (3,0)->(4,4)
1 4 25 58 111 0 190 101 193 208 244 204 196 134 3 3 2 3 3 3 3 3 2 3 3 3
106 (3,1)->(4,5)
1 4 25 58 70 0 149 111 193 190 200 195 196 117 3 3 2 3 3 3 3 2 2 3 3 2
107 (3,2)->(4,6)
0 4 25 68 49 0 128 144 220 199 177 195 155 127 3 3 2 3 3 3 3 2 2 3 3 2
108 (3,3)->(4,7)
0 4 25 69 49 0 128 159 222 209 159 195 149 128 3 3 2 3 3 3 3 2 2 3 3 2
109 (3,4)->(4,8)
0 4 25 69 49 0 119 142 222 210 168 198 129 128 3 3 2 3 3 3 3 2 3 3 3 2
110 (3,5)->(4,9)
1 4 16 52 58 23 128 157 201 185 209 200 120 111 3 3 3 3 3 3 3 3 3 3 3 2
111 (3,6)->(4,10)
1 4 16 71 58 23 111 174 211 138 218 217 129 123 3 3 3 3 3 3 3 3 3 3 3 3
112 (3,7)->(4,11)
1 4 16 88 58 40 111 206 228 97 218 199 129 161 3 3 3 3 3 3 3 3 3 3 3 3
113 (3,8)->(4,12)
1 4 16 103 58 40 95 206 228 97 199 174 104 202 3 2 3 3 3 2 3 3 3 3 3 3
114 (3,9)->(4,13)
1 4 0 103 60 40 97 158 188 112 171 154 73 203 3 2 3 3 3 2 3 3 3 3 2 3
115 (3,10)->(4,14)
2 4 0 103 62 40 62 158 151 179 188 118 95 203 3 1 3 3 2 2 3 3 3 3 2 3
116 (3,11)->(4,0)
2 4 0 103 62 40 62 138 151 179 188 118 97 203 3 1 3 3 2 2 3 3 3 3 2 3
117 (3,12)->(4,1)
2 4 0 83 62 40 78 158 207 204 229 101 97 212 3 2 3 3 2 2 3 3 3 3 2 3
118 (3,13)->(4,2)
2 4 16 76 111 40 190 174 209 198 229 164 113 205 3 3 3 3 2 3 3 3 3 3 3 3
119 (3,14)->(4,3)
2 4 25 76 111 17 190 133 202 191 229 164 171 175 3 3 3 3 3 3 3 3 2 3 3 3
120 (4,0)->(2,5)
4 5 62 40 101 9 188 118 97 203 148 171 163 64 3 3 3 3 2 3 3 3 3 3 2 3
121 (4,1)->(2,6)
3 5 62 40 102 9 229 101 97 212 117 239 163 91 3 3 3 3 2 3 3 2 3 3 2 3
122 (4,2)->(2,7)
5 5 111 40 102 76 229 164 113 205 137 239 267 107 3 3 3 3 3 3 3 2 3 3 3 3
123 (4,3)->(2,8)
6 5 111 17 102 76 229 164 171 175 193 264 267 151 3 3 2 3 3 3 3 2 3 3 3 3
124 (4,4)->(2,9)
7 5 111 0 158 101 244 204 196 134 186 264 267 119 3 3 2 3 3 3 3 2 3 3 3 2
125 (4,5)->(2,10)
6 5 70 0 151 92 200 195 196 117 179 257 282 144 3 2 2 3 3 2 3 3 3 3 3 2
126 (4,6)->(2,11)
4 5 49 0 128 92 177 195 155 127 170 227 254 167 3 2 2 3 3 2 3 3 3 3 3 2
127 (4,7)->(2,12)
4 5 49 0 110 92 159 195 149 128 195 209 231 182 3 2 2 3 3 2 3 3 3 3 3 2
128 (4,8)->(2,13)
4 5 49 0 110 92 168 198 129 128 220 218 213 182 3 2 3 3 3 2 3 3 3 3 3 2
129 (4,9)->(2,14)
4 5 58 23 135 101 209 200 120 111 220 228 222 178 3 3 3 3 3 2 3 3 3 3 3 3
130 (4,10)->(2,0)
3 5 58 23 135 101 218 217 129 123 235 229 230 187 3 3 3 3 3 3 3 3 3 3 3 3
131 (4,11)->(2,1)
4 5 58 40 135 101 218 199 129 161 194 204 230 204 3 3 3 3 3 3 3 3 3 3 3 3
132 (4,12)->(2,2)
3 5 58 40 114 76 199 174 104 202 155 157 230 204 3 3 3 3 3 3 3 3 3 3 3 3
133 (4,13)->(2,3)
3 5 60 40 84 46 171 154 73 203 172 109 211 131 3 3 3 3 2 3 3 3 3 3 3 3
134 (4,14)->(2,4)
4 5 62 40 101 9 188 118 95 203 172 147 146 101 3 3 3 3 2 3 3 3 3 3 2 3
135 (4,0)->(3,4)
4 4 62 40 25 69 188 118 97 203 119 142 222 210 3 3 3 3 2 3 3 3 2 3 3 3
136 (4,1)->(3,5)
2 4 62 40 16 52 229 101 97 212 128 157 201 185 3 3 3 3 2 3 3 3 3 3 3 3
137 (4,2)->(3,6)
4 4 111 40 16 71 229 164 113 205 111 174 211 138 3 3 3 3 3 3 3 3 3 3 3 3
138 (4,3)->(3,7)
4 4 111 17 16 88 229 164 171 175 111 206 228 97 3 3 2 3 3 3 3 3 3 3 3 3
139 (4,4)->(3,8)
6 4 111 0 16 103 244 204 196 134 95 206 228 97 3 3 2 3 3 3 3 2 3 3 3 2
140 (4,5)->(3,9)
4 4 70 0 0 103 200 195 196 117 97 158 188 112 3 2 2 3 3 2 3 2 3 3 3 2
141 (4,6)->(3,10)
5 4 49 0 0 103 177 195 155 127 62 158 151 179 3 2 2 3 3 2 3 1 3 3 2 2
142 (4,7)->(3,11)
6 4 49 0 0 103 159 195 149 128 62 138 151 179 3 2 2 3 3 2 3 1 3 3 2 2
143 (4,8)->(3,12)
5 4 49 0 0 83 168 198 129 128 78 158 207 204 3 2 3 3 3 2 3 2 3 3 2 2
144 (4,9)->(3,13)
5 4 58 23 16 76 209 200 120 111 190 174 209 198 3 3 3 3 3 2 3 3 3 3 2 3
145 (4,10)->(3,14)
5 4 58 23 25 76 218 217 129 123 190 133 202 191 3 3 3 3 3 3 3 3 3 3 3 3
146 (4,11)->(3,0)
4 4 58 40 25 58 218 199 129 161 190 101 193 208 3 3 3 3 3 3 3 3 2 3 3 3
147 (4,12)->(3,1)
3 4 58 40 25 58 199 174 104 202 149 111 193 190 3 3 3 3 3 3 3 3 2 3 3 3
148 (4,13)->(3,2)
3 4 60 40 25 68 171 154 73 203 128 144 220 199 3 3 3 3 2 3 3 3 2 3 3 3
149 (4,14)->(3,3)
4 4 62 40 25 69 188 118 95 203 128 159 222 209 3 3 3 3 2 3 3 3 2 3 3 3

Commodity k & Service arc:
0
0 (0,0)->(4,3)
0 0 0
1 (0,1)->(4,4)
0 0 0
2 (0,2)->(4,5)
0 0 0
3 (0,3)->(4,6)
0 0 0
4 (0,4)->(4,7)
0 0 0
5 (0,5)->(4,8)
0 0 0
6 (0,6)->(4,9)
0 0 0
7 (0,7)->(4,10)
0 0 0
8 (0,8)->(4,11)
0 0 1
9 (0,9)->(4,12)
0 0 1
10 (0,10)->(4,13)
0 0 1
11 (0,11)->(4,14)
0 0 0
12 (0,12)->(4,0)
0 0 0
13 (0,13)->(4,1)
0 0 0
14 (0,14)->(4,2)
0 0 0
15 (0,0)->(1,4)
0 0 0
16 (0,1)->(1,5)
0 0 0
17 (0,2)->(1,6)
0 0 0
18 (0,3)->(1,7)
0 0 0
19 (0,4)->(1,8)
0 0 0
20 (0,5)->(1,9)
0 0 0
21 (0,6)->(1,10)
0 0 0
22 (0,7)->(1,11)
0 0 0
23 (0,8)->(1,12)
0 0 0
24 (0,9)->(1,13)
0 0 0
25 (0,10)->(1,14)
0 0 0
26 (0,11)->(1,0)
0 0 0
27 (0,12)->(1,1)
0 0 0
28 (0,13)->(1,2)
0 0 0
29 (0,14)->(1,3)
0 0 0
30 (1,0)->(2,4)
0 0 0
31 (1,1)->(2,5)
0 0 0
32 (1,2)->(2,6)
0 0 0
33 (1,3)->(2,7)
1 1 1
34 (1,4)->(2,8)
1 1 1
35 (1,5)->(2,9)
1 1 1
36 (1,6)->(2,10)
1 1 1
37 (1,7)->(2,11)
1 1 1
38 (1,8)->(2,12)
1 1 1
39 (1,9)->(2,13)
1 1 1
40 (1,10)->(2,14)
1 1 1
41 (1,11)->(2,0)
1 1 1
42 (1,12)->(2,1)
1 1 1
43 (1,13)->(2,2)
1 1 1
44 (1,14)->(2,3)
1 1 1
45 (1,0)->(0,5)
0 0 0
46 (1,1)->(0,6)
0 0 0
47 (1,2)->(0,7)
0 0 0
48 (1,3)->(0,8)
1 0 1
49 (1,4)->(0,9)
1 0 1
50 (1,5)->(0,10)
1 0 1
51 (1,6)->(0,11)
1 0 0
52 (1,7)->(0,12)
1 0 0
53 (1,8)->(0,13)
1 0 0
54 (1,9)->(0,14)
1 0 0
55 (1,10)->(0,0)
1 0 0
56 (1,11)->(0,1)
1 0 0
57 (1,12)->(0,2)
1 0 0
58 (1,13)->(0,3)
1 0 0
59 (1,14)->(0,4)
1 0 0
60 (2,0)->(3,3)
0 0 0
61 (2,1)->(3,4)
0 0 0
62 (2,2)->(3,5)
0 0 0
63 (2,3)->(3,6)
0 0 0
64 (2,4)->(3,7)
0 0 0
65 (2,5)->(3,8)
0 0 0
66 (2,6)->(3,9)
0 0 0
67 (2,7)->(3,10)
0 0 0
68 (2,8)->(3,11)
0 0 0
69 (2,9)->(3,12)
0 0 0
70 (2,10)->(3,13)
0 0 0
71 (2,11)->(3,14)
0 0 0
72 (2,12)->(3,0)
0 0 0
73 (2,13)->(3,1)
0 0 0
74 (2,14)->(3,2)
0 0 0
75 (2,0)->(0,4)
0 0 0
76 (2,1)->(0,5)
0 0 0
77 (2,2)->(0,6)
0 0 0
78 (2,3)->(0,7)
0 0 0
79 (2,4)->(0,8)
0 0 0
80 (2,5)->(0,9)
0 0 0
81 (2,6)->(0,10)
0 0 0
82 (2,7)->(0,11)
0 0 0
83 (2,8)->(0,12)
0 0 0
84 (2,9)->(0,13)
0 0 0
85 (2,10)->(0,14)
0 0 0
86 (2,11)->(0,0)
0 0 0
87 (2,12)->(0,1)
0 0 0
88 (2,13)->(0,2)
0 0 0
89 (2,14)->(0,3)
0 0 0
90 (3,0)->(1,5)
0 0 0
91 (3,1)->(1,6)
0 0 0
92 (3,2)->(1,7)
0 0 0
93 (3,3)->(1,8)
0 0 0
94 (3,4)->(1,9)
0 0 0
95 (3,5)->(1,10)
0 0 0
96 (3,6)->(1,11)
0 0 0
97 (3,7)->(1,12)
0 0 0
98 (3,8)->(1,13)
0 0 0
99 (3,9)->(1,14)
0 0 0
100 (3,10)->(1,0)
0 0 0
101 (3,11)->(1,1)
0 0 0
102 (3,12)->(1,2)
0 0 0
103 (3,13)->(1,3)
0 0 0
104 (3,14)->(1,4)
0 0 0
105 (3,0)->(4,4)
0 0 0
106 (3,1)->(4,5)
0 0 0
107 (3,2)->(4,6)
0 0 0
108 (3,3)->(4,7)
0 0 0
109 (3,4)->(4,8)
0 0 0
110 (3,5)->(4,9)
0 0 0
111 (3,6)->(4,10)
0 0 0
112 (3,7)->(4,11)
0 0 0
113 (3,8)->(4,12)
0 0 0
114 (3,9)->(4,13)
0 0 0
115 (3,10)->(4,14)
0 0 0
116 (3,11)->(4,0)
0 0 0
117 (3,12)->(4,1)
0 0 0
118 (3,13)->(4,2)
0 0 0
119 (3,14)->(4,3)
0 0 0
120 (4,0)->(2,5)
0 0 0
121 (4,1)->(2,6)
0 0 0
122 (4,2)->(2,7)
0 1 0
123 (4,3)->(2,8)
0 1 0
124 (4,4)->(2,9)
0 1 0
125 (4,5)->(2,10)
0 1 0
126 (4,6)->(2,11)
0 1 0
127 (4,7)->(2,12)
0 1 0
128 (4,8)->(2,13)
0 1 0
129 (4,9)->(2,14)
0 1 0
130 (4,10)->(2,0)
0 1 0
131 (4,11)->(2,1)
0 1 1
132 (4,12)->(2,2)
0 1 1
133 (4,13)->(2,3)
0 1 1
134 (4,14)->(2,4)
0 0 0
135 (4,0)->(3,4)
0 0 0
136 (4,1)->(3,5)
0 0 0
137 (4,2)->(3,6)
0 0 0
138 (4,3)->(3,7)
0 0 0
139 (4,4)->(3,8)
0 0 0
140 (4,5)->(3,9)
0 0 0
141 (4,6)->(3,10)
0 0 0
142 (4,7)->(3,11)
0 0 0
143 (4,8)->(3,12)
0 0 0
144 (4,9)->(3,13)
0 0 0
145 (4,10)->(3,14)
0 0 0
146 (4,11)->(3,0)
0 0 0
147 (4,12)->(3,1)
0 0 0
148 (4,13)->(3,2)
0 0 0
149 (4,14)->(3,3)
0 0 0
1
0 (0,0)->(4,3)
0 0 0
1 (0,1)->(4,4)
0 0 1
2 (0,2)->(4,5)
0 0 1
3 (0,3)->(4,6)
0 0 1
4 (0,4)->(4,7)
0 0 1
5 (0,5)->(4,8)
0 0 1
6 (0,6)->(4,9)
0 0 0
7 (0,7)->(4,10)
0 0 0
8 (0,8)->(4,11)
0 0 0
9 (0,9)->(4,12)
0 0 0
10 (0,10)->(4,13)
0 0 0
11 (0,11)->(4,14)
0 0 0
12 (0,12)->(4,0)
0 0 0
13 (0,13)->(4,1)
0 0 0
14 (0,14)->(4,2)
0 0 0
15 (0,0)->(1,4)
0 0 0
16 (0,1)->(1,5)
0 0 0
17 (0,2)->(1,6)
0 0 0
18 (0,3)->(1,7)
0 0 0
19 (0,4)->(1,8)
0 0 0
20 (0,5)->(1,9)
0 0 0
21 (0,6)->(1,10)
0 0 0
22 (0,7)->(1,11)
0 0 0
23 (0,8)->(1,12)
0 0 0
24 (0,9)->(1,13)
0 0 0
25 (0,10)->(1,14)
0 0 0
26 (0,11)->(1,0)
0 0 0
27 (0,12)->(1,1)
0 0 0
28 (0,13)->(1,2)
0 0 0
29 (0,14)->(1,3)
0 0 0
30 (1,0)->(2,4)
0 0 0
31 (1,1)->(2,5)
0 0 0
32 (1,2)->(2,6)
0 0 0
33 (1,3)->(2,7)
0 0 0
34 (1,4)->(2,8)
0 0 0
35 (1,5)->(2,9)
0 0 0
36 (1,6)->(2,10)
0 0 0
37 (1,7)->(2,11)
0 0 0
38 (1,8)->(2,12)
0 0 0
39 (1,9)->(2,13)
0 0 0
40 (1,10)->(2,14)
0 0 0
41 (1,11)->(2,0)
0 0 0
42 (1,12)->(2,1)
0 0 0
43 (1,13)->(2,2)
0 0 0
44 (1,14)->(2,3)
0 0 0
45 (1,0)->(0,5)
0 0 0
46 (1,1)->(0,6)
0 0 0
47 (1,2)->(0,7)
0 0 0
48 (1,3)->(0,8)
0 0 0
49 (1,4)->(0,9)
0 0 0
50 (1,5)->(0,10)
0 0 0
51 (1,6)->(0,11)
0 0 0
52 (1,7)->(0,12)
0 0 0
53 (1,8)->(0,13)
0 0 0
54 (1,9)->(0,14)
0 0 0
55 (1,10)->(0,0)
0 0 0
56 (1,11)->(0,1)
0 0 0
57 (1,12)->(0,2)
0 0 0
58 (1,13)->(0,3)
0 0 0
59 (1,14)->(0,4)
0 0 0
60 (2,0)->(3,3)
1 1 1
61 (2,1)->(3,4)
1 1 1
62 (2,2)->(3,5)
1 1 1
63 (2,3)->(3,6)
1 1 1
64 (2,4)->(3,7)
1 1 1
65 (2,5)->(3,8)
1 1 1
66 (2,6)->(3,9)
1 1 1
67 (2,7)->(3,10)
1 1 1
68 (2,8)->(3,11)
1 1 1
69 (2,9)->(3,12)
1 1 1
70 (2,10)->(3,13)
0 0 0
71 (2,11)->(3,14)
0 0 0
72 (2,12)->(3,0)
1 1 1
73 (2,13)->(3,1)
1 1 1
74 (2,14)->(3,2)
1 1 1
75 (2,0)->(0,4)
1 0 1
76 (2,1)->(0,5)
1 0 1
77 (2,2)->(0,6)
1 0 0
78 (2,3)->(0,7)
1 0 0
79 (2,4)->(0,8)
1 0 0
80 (2,5)->(0,9)
1 0 0
81 (2,6)->(0,10)
1 0 0
82 (2,7)->(0,11)
1 0 0
83 (2,8)->(0,12)
1 0 0
84 (2,9)->(0,13)
1 0 0
85 (2,10)->(0,14)
0 0 0
86 (2,11)->(0,0)
0 0 0
87 (2,12)->(0,1)
1 0 1
88 (2,13)->(0,2)
1 0 1
89 (2,14)->(0,3)
1 0 1
90 (3,0)->(1,5)
0 0 0
91 (3,1)->(1,6)
0 0 0
92 (3,2)->(1,7)
0 0 0
93 (3,3)->(1,8)
0 0 0
94 (3,4)->(1,9)
0 0 0
95 (3,5)->(1,10)
0 0 0
96 (3,6)->(1,11)
0 0 0
97 (3,7)->(1,12)
0 0 0
98 (3,8)->(1,13)
0 0 0
99 (3,9)->(1,14)
0 0 0
100 (3,10)->(1,0)
0 0 0
101 (3,11)->(1,1)
0 0 0
102 (3,12)->(1,2)
0 0 0
103 (3,13)->(1,3)
0 0 0
104 (3,14)->(1,4)
0 0 0
105 (3,0)->(4,4)
0 0 0
106 (3,1)->(4,5)
0 0 0
107 (3,2)->(4,6)
0 0 0
108 (3,3)->(4,7)
0 0 0
109 (3,4)->(4,8)
0 0 0
110 (3,5)->(4,9)
0 0 0
111 (3,6)->(4,10)
0 0 0
112 (3,7)->(4,11)
0 0 0
113 (3,8)->(4,12)
0 0 0
114 (3,9)->(4,13)
0 0 0
115 (3,10)->(4,14)
0 0 0
116 (3,11)->(4,0)
0 0 0
117 (3,12)->(4,1)
0 0 0
118 (3,13)->(4,2)
0 0 0
119 (3,14)->(4,3)
0 0 0
120 (4,0)->(2,5)
0 0 0
121 (4,1)->(2,6)
0 0 0
122 (4,2)->(2,7)
0 0 0
123 (4,3)->(2,8)
0 0 0
124 (4,4)->(2,9)
0 0 0
125 (4,5)->(2,10)
0 0 0
126 (4,6)->(2,11)
0 0 0
127 (4,7)->(2,12)
0 0 0
128 (4,8)->(2,13)
0 0 0
129 (4,9)->(2,14)
0 0 0
130 (4,10)->(2,0)
0 0 0
131 (4,11)->(2,1)
0 0 0
132 (4,12)->(2,2)
0 0 0
133 (4,13)->(2,3)
0 0 0
134 (4,14)->(2,4)
0 0 0
135 (4,0)->(3,4)
0 1 0
136 (4,1)->(3,5)
0 1 0
137 (4,2)->(3,6)
0 1 0
138 (4,3)->(3,7)
0 1 0
139 (4,4)->(3,8)
0 1 1
140 (4,5)->(3,9)
0 1 1
141 (4,6)->(3,10)
0 1 1
142 (4,7)->(3,11)
0 1 1
143 (4,8)->(3,12)
0 1 1
144 (4,9)->(3,13)
0 0 0
145 (4,10)->(3,14)
0 0 0
146 (4,11)->(3,0)
0 1 0
147 (4,12)->(3,1)
0 1 0
148 (4,13)->(3,2)
0 1 0
149 (4,14)->(3,3)
0 1 0
2
0 (0,0)->(4,3)
0 0 0
1 (0,1)->(4,4)
1 0 1
2 (0,2)->(4,5)
1 0 1
3 (0,3)->(4,6)
1 0 1
4 (0,4)->(4,7)
1 0 1
5 (0,5)->(4,8)
1 0 1
6 (0,6)->(4,9)
1 0 1
7 (0,7)->(4,10)
1 0 1
8 (0,8)->(4,11)
1 0 1
9 (0,9)->(4,12)
0 0 0
10 (0,10)->(4,13)
0 0 0
11 (0,11)->(4,14)
0 0 0
12 (0,12)->(4,0)
0 0 0
13 (0,13)->(4,1)
0 0 0
14 (0,14)->(4,2)
0 0 0
15 (0,0)->(1,4)
0 0 0
16 (0,1)->(1,5)
1 0 1
17 (0,2)->(1,6)
1 0 1
18 (0,3)->(1,7)
1 0 1
19 (0,4)->(1,8)
1 0 1
20 (0,5)->(1,9)
1 0 1
21 (0,6)->(1,10)
1 0 1
22 (0,7)->(1,11)
1 0 1
23 (0,8)->(1,12)
1 0 1
24 (0,9)->(1,13)
0 0 0
25 (0,10)->(1,14)
0 0 0
26 (0,11)->(1,0)
0 0 0
27 (0,12)->(1,1)
0 0 0
28 (0,13)->(1,2)
0 0 0
29 (0,14)->(1,3)
0 0 0
30 (1,0)->(2,4)
0 0 0
31 (1,1)->(2,5)
0 0 0
32 (1,2)->(2,6)
0 0 0
33 (1,3)->(2,7)
0 0 0
34 (1,4)->(2,8)
0 0 0
35 (1,5)->(2,9)
0 1 1
36 (1,6)->(2,10)
0 1 1
37 (1,7)->(2,11)
0 1 1
38 (1,8)->(2,12)
0 1 1
39 (1,9)->(2,13)
0 1 1
40 (1,10)->(2,14)
0 1 1
41 (1,11)->(2,0)
0 1 1
42 (1,12)->(2,1)
0 1 1
43 (1,13)->(2,2)
0 0 0
44 (1,14)->(2,3)
0 0 0
45 (1,0)->(0,5)
0 0 0
46 (1,1)->(0,6)
0 0 0
47 (1,2)->(0,7)
0 0 0
48 (1,3)->(0,8)
0 0 0
49 (1,4)->(0,9)
0 0 0
50 (1,5)->(0,10)
0 0 0
51 (1,6)->(0,11)
0 0 0
52 (1,7)->(0,12)
0 0 0
53 (1,8)->(0,13)
0 0 0
54 (1,9)->(0,14)
0 0 0
55 (1,10)->(0,0)
0 0 0
56 (1,11)->(0,1)
0 0 0
57 (1,12)->(0,2)
0 0 0
58 (1,13)->(0,3)
0 0 0
59 (1,14)->(0,4)
0 0 0
60 (2,0)->(3,3)
0 0 0
61 (2,1)->(3,4)
0 0 0
62 (2,2)->(3,5)
0 0 0
63 (2,3)->(3,6)
0 0 0
64 (2,4)->(3,7)
0 0 0
65 (2,5)->(3,8)
0 0 0
66 (2,6)->(3,9)
0 0 0
67 (2,7)->(3,10)
0 0 0
68 (2,8)->(3,11)
0 0 0
69 (2,9)->(3,12)
0 0 0
70 (2,10)->(3,13)
0 0 0
71 (2,11)->(3,14)
0 0 0
72 (2,12)->(3,0)
0 0 0
73 (2,13)->(3,1)
0 0 0
74 (2,14)->(3,2)
0 0 0
75 (2,0)->(0,4)
0 0 0
76 (2,1)->(0,5)
0 0 0
77 (2,2)->(0,6)
0 0 0
78 (2,3)->(0,7)
0 0 0
79 (2,4)->(0,8)
0 0 0
80 (2,5)->(0,9)
0 0 0
81 (2,6)->(0,10)
0 0 0
82 (2,7)->(0,11)
0 0 0
83 (2,8)->(0,12)
0 0 0
84 (2,9)->(0,13)
0 0 0
85 (2,10)->(0,14)
0 0 0
86 (2,11)->(0,0)
0 0 0
87 (2,12)->(0,1)
0 0 0
88 (2,13)->(0,2)
0 0 0
89 (2,14)->(0,3)
0 0 0
90 (3,0)->(1,5)
0 0 0
91 (3,1)->(1,6)
0 0 0
92 (3,2)->(1,7)
0 0 0
93 (3,3)->(1,8)
0 0 0
94 (3,4)->(1,9)
0 0 0
95 (3,5)->(1,10)
0 0 0
96 (3,6)->(1,11)
0 0 0
97 (3,7)->(1,12)
0 0 0
98 (3,8)->(1,13)
0 0 0
99 (3,9)->(1,14)
0 0 0
100 (3,10)->(1,0)
0 0 0
101 (3,11)->(1,1)
0 0 0
102 (3,12)->(1,2)
0 0 0
103 (3,13)->(1,3)
0 0 0
104 (3,14)->(1,4)
0 0 0
105 (3,0)->(4,4)
0 0 0
106 (3,1)->(4,5)
0 0 0
107 (3,2)->(4,6)
0 0 0
108 (3,3)->(4,7)
0 0 0
109 (3,4)->(4,8)
0 0 0
110 (3,5)->(4,9)
0 0 0
111 (3,6)->(4,10)
0 0 0
112 (3,7)->(4,11)
0 0 0
113 (3,8)->(4,12)
0 0 0
114 (3,9)->(4,13)
0 0 0
115 (3,10)->(4,14)
0 0 0
116 (3,11)->(4,0)
0 0 0
117 (3,12)->(4,1)
0 0 0
118 (3,13)->(4,2)
0 0 0
119 (3,14)->(4,3)
0 0 0
120 (4,0)->(2,5)
0 0 0
121 (4,1)->(2,6)
0 0 0
122 (4,2)->(2,7)
0 0 0
123 (4,3)->(2,8)
0 0 0
124 (4,4)->(2,9)
0 1 1
125 (4,5)->(2,10)
0 1 1
126 (4,6)->(2,11)
0 1 1
127 (4,7)->(2,12)
0 1 1
128 (4,8)->(2,13)
0 1 1
129 (4,9)->(2,14)
0 1 1
130 (4,10)->(2,0)
0 1 1
131 (4,11)->(2,1)
0 1 1
132 (4,12)->(2,2)
0 0 0
133 (4,13)->(2,3)
0 0 0
134 (4,14)->(2,4)
0 0 0
135 (4,0)->(3,4)
0 0 0
136 (4,1)->(3,5)
0 0 0
137 (4,2)->(3,6)
0 0 0
138 (4,3)->(3,7)
0 0 0
139 (4,4)->(3,8)
0 0 0
140 (4,5)->(3,9)
0 0 0
141 (4,6)->(3,10)
0 0 0
142 (4,7)->(3,11)
0 0 0
143 (4,8)->(3,12)
0 0 0
144 (4,9)->(3,13)
0 0 0
145 (4,10)->(3,14)
0 0 0
146 (4,11)->(3,0)
0 0 0
147 (4,12)->(3,1)
0 0 0
148 (4,13)->(3,2)
0 0 0
149 (4,14)->(3,3)
0 0 0
3
0 (0,0)->(4,3)
0 0 0
1 (0,1)->(4,4)
0 0 0
2 (0,2)->(4,5)
0 0 0
3 (0,3)->(4,6)
0 0 0
4 (0,4)->(4,7)
0 0 0
5 (0,5)->(4,8)
0 0 0
6 (0,6)->(4,9)
0 0 0
7 (0,7)->(4,10)
0 0 0
8 (0,8)->(4,11)
0 0 1
9 (0,9)->(4,12)
0 0 1
10 (0,10)->(4,13)
0 0 1
11 (0,11)->(4,14)
0 0 1
12 (0,12)->(4,0)
0 0 1
13 (0,13)->(4,1)
0 0 0
14 (0,14)->(4,2)
0 0 0
15 (0,0)->(1,4)
0 0 0
16 (0,1)->(1,5)
0 0 0
17 (0,2)->(1,6)
0 0 0
18 (0,3)->(1,7)
0 0 0
19 (0,4)->(1,8)
0 0 0
20 (0,5)->(1,9)
0 0 0
21 (0,6)->(1,10)
0 0 0
22 (0,7)->(1,11)
0 0 0
23 (0,8)->(1,12)
0 0 0
24 (0,9)->(1,13)
0 0 0
25 (0,10)->(1,14)
0 0 0
26 (0,11)->(1,0)
0 0 0
27 (0,12)->(1,1)
0 0 0
28 (0,13)->(1,2)
0 0 0
29 (0,14)->(1,3)
0 0 0
30 (1,0)->(2,4)
0 0 0
31 (1,1)->(2,5)
0 0 0
32 (1,2)->(2,6)
0 0 0
33 (1,3)->(2,7)
0 0 0
34 (1,4)->(2,8)
0 0 0
35 (1,5)->(2,9)
0 0 0
36 (1,6)->(2,10)
0 0 0
37 (1,7)->(2,11)
0 0 0
38 (1,8)->(2,12)
0 0 0
39 (1,9)->(2,13)
0 0 0
40 (1,10)->(2,14)
0 0 0
41 (1,11)->(2,0)
0 0 0
42 (1,12)->(2,1)
0 0 0
43 (1,13)->(2,2)
0 0 0
44 (1,14)->(2,3)
0 0 0
45 (1,0)->(0,5)
0 0 0
46 (1,1)->(0,6)
0 0 0
47 (1,2)->(0,7)
0 0 0
48 (1,3)->(0,8)
0 0 0
49 (1,4)->(0,9)
0 0 0
50 (1,5)->(0,10)
0 0 0
51 (1,6)->(0,11)
0 0 0
52 (1,7)->(0,12)
0 0 0
53 (1,8)->(0,13)
0 0 0
54 (1,9)->(0,14)
0 0 0
55 (1,10)->(0,0)
0 0 0
56 (1,11)->(0,1)
0 0 0
57 (1,12)->(0,2)
0 0 0
58 (1,13)->(0,3)
0 0 0
59 (1,14)->(0,4)
0 0 0
60 (2,0)->(3,3)
1 1 1
61 (2,1)->(3,4)
1 1 1
62 (2,2)->(3,5)
0 0 0
63 (2,3)->(3,6)
0 0 0
64 (2,4)->(3,7)
1 1 1
65 (2,5)->(3,8)
1 1 1
66 (2,6)->(3,9)
1 1 1
67 (2,7)->(3,10)
1 1 1
68 (2,8)->(3,11)
1 1 1
69 (2,9)->(3,12)
1 1 1
70 (2,10)->(3,13)
1 1 1
71 (2,11)->(3,14)
1 1 1
72 (2,12)->(3,0)
1 1 1
73 (2,13)->(3,1)
1 1 1
74 (2,14)->(3,2)
1 1 1
75 (2,0)->(0,4)
1 0 0
76 (2,1)->(0,5)
1 0 0
77 (2,2)->(0,6)
0 0 0
78 (2,3)->(0,7)
0 0 0
79 (2,4)->(0,8)
1 0 1
80 (2,5)->(0,9)
1 0 1
81 (2,6)->(0,10)
1 0 1
82 (2,7)->(0,11)
1 0 1
83 (2,8)->(0,12)
1 0 1
84 (2,9)->(0,13)
1 0 0
85 (2,10)->(0,14)
1 0 0
86 (2,11)->(0,0)
1 0 0
87 (2,12)->(0,1)
1 0 0
88 (2,13)->(0,2)
1 0 0
89 (2,14)->(0,3)
1 0 0
90 (3,0)->(1,5)
0 0 0
91 (3,1)->(1,6)
0 0 0
92 (3,2)->(1,7)
0 0 0
93 (3,3)->(1,8)
0 0 0
94 (3,4)->(1,9)
0 0 0
95 (3,5)->(1,10)
0 0 0
96 (3,6)->(1,11)
0 0 0
97 (3,7)->(1,12)
0 0 0
98 (3,8)->(1,13)
0 0 0
99 (3,9)->(1,14)
0 0 0
100 (3,10)->(1,0)
0 0 0
101 (3,11)->(1,1)
0 0 0
102 (3,12)->(1,2)
0 0 0
103 (3,13)->(1,3)
0 0 0
104 (3,14)->(1,4)
0 0 0
105 (3,0)->(4,4)
0 0 0
106 (3,1)->(4,5)
0 0 0
107 (3,2)->(4,6)
0 0 0
108 (3,3)->(4,7)
0 0 0
109 (3,4)->(4,8)
0 0 0
110 (3,5)->(4,9)
0 0 0
111 (3,6)->(4,10)
0 0 0
112 (3,7)->(4,11)
0 0 0
113 (3,8)->(4,12)
0 0 0
114 (3,9)->(4,13)
0 0 0
115 (3,10)->(4,14)
0 0 0
116 (3,11)->(4,0)
0 0 0
117 (3,12)->(4,1)
0 0 0
118 (3,13)->(4,2)
0 0 0
119 (3,14)->(4,3)
0 0 0
120 (4,0)->(2,5)
0 0 0
121 (4,1)->(2,6)
0 0 0
122 (4,2)->(2,7)
0 0 0
123 (4,3)->(2,8)
0 0 0
124 (4,4)->(2,9)
0 0 0
125 (4,5)->(2,10)
0 0 0
126 (4,6)->(2,11)
0 0 0
127 (4,7)->(2,12)
0 0 0
128 (4,8)->(2,13)
0 0 0
129 (4,9)->(2,14)
0 0 0
130 (4,10)->(2,0)
0 0 0
131 (4,11)->(2,1)
0 0 0
132 (4,12)->(2,2)
0 0 0
133 (4,13)->(2,3)
0 0 0
134 (4,14)->(2,4)
0 0 0
135 (4,0)->(3,4)
0 1 1
136 (4,1)->(3,5)
0 0 0
137 (4,2)->(3,6)
0 0 0
138 (4,3)->(3,7)
0 1 0
139 (4,4)->(3,8)
0 1 0
140 (4,5)->(3,9)
0 1 0
141 (4,6)->(3,10)
0 1 0
142 (4,7)->(3,11)
0 1 0
143 (4,8)->(3,12)
0 1 0
144 (4,9)->(3,13)
0 1 0
145 (4,10)->(3,14)
0 1 0
146 (4,11)->(3,0)
0 1 1
147 (4,12)->(3,1)
0 1 1
148 (4,13)->(3,2)
0 1 1
149 (4,14)->(3,3)
0 1 1
4
0 (0,0)->(4,3)
0 0 0
1 (0,1)->(4,4)
0 0 0
2 (0,2)->(4,5)
0 0 0
3 (0,3)->(4,6)
0 0 0
4 (0,4)->(4,7)
0 0 0
5 (0,5)->(4,8)
0 0 0
6 (0,6)->(4,9)
0 0 0
7 (0,7)->(4,10)
0 0 0
8 (0,8)->(4,11)
0 0 0
9 (0,9)->(4,12)
0 0 0
10 (0,10)->(4,13)
0 0 0
11 (0,11)->(4,14)
0 0 0
12 (0,12)->(4,0)
0 0 0
13 (0,13)->(4,1)
0 0 0
14 (0,14)->(4,2)
0 0 0
15 (0,0)->(1,4)
0 0 0
16 (0,1)->(1,5)
0 0 0
17 (0,2)->(1,6)
0 0 0
18 (0,3)->(1,7)
0 0 0
19 (0,4)->(1,8)
0 0 0
20 (0,5)->(1,9)
0 0 0
21 (0,6)->(1,10)
0 0 0
22 (0,7)->(1,11)
0 0 0
23 (0,8)->(1,12)
0 0 0
24 (0,9)->(1,13)
0 0 0
25 (0,10)->(1,14)
0 0 0
26 (0,11)->(1,0)
0 0 0
27 (0,12)->(1,1)
0 0 0
28 (0,13)->(1,2)
0 0 0
29 (0,14)->(1,3)
0 0 0
30 (1,0)->(2,4)
0 0 0
31 (1,1)->(2,5)
0 0 0
32 (1,2)->(2,6)
0 0 0
33 (1,3)->(2,7)
0 0 0
34 (1,4)->(2,8)
0 0 0
35 (1,5)->(2,9)
0 0 0
36 (1,6)->(2,10)
0 0 0
37 (1,7)->(2,11)
0 0 0
38 (1,8)->(2,12)
0 0 0
39 (1,9)->(2,13)
0 0 0
40 (1,10)->(2,14)
0 0 0
41 (1,11)->(2,0)
0 0 0
42 (1,12)->(2,1)
0 0 0
43 (1,13)->(2,2)
0 0 0
44 (1,14)->(2,3)
0 0 0
45 (1,0)->(0,5)
0 1 1
46 (1,1)->(0,6)
0 1 1
47 (1,2)->(0,7)
0 0 0
48 (1,3)->(0,8)
0 0 0
49 (1,4)->(0,9)
0 0 0
50 (1,5)->(0,10)
0 1 0
51 (1,6)->(0,11)
0 1 0
52 (1,7)->(0,12)
0 1 0
53 (1,8)->(0,13)
0 1 0
54 (1,9)->(0,14)
0 1 0
55 (1,10)->(0,0)
0 1 0
56 (1,11)->(0,1)
0 1 0
57 (1,12)->(0,2)
0 1 0
58 (1,13)->(0,3)
0 1 0
59 (1,14)->(0,4)
0 1 1
60 (2,0)->(3,3)
1 0 0
61 (2,1)->(3,4)
1 0 0
62 (2,2)->(3,5)
1 0 0
63 (2,3)->(3,6)
0 0 0
64 (2,4)->(3,7)
0 0 0
65 (2,5)->(3,8)
0 0 0
66 (2,6)->(3,9)
1 0 1
67 (2,7)->(3,10)
1 0 1
68 (2,8)->(3,11)
1 0 1
69 (2,9)->(3,12)
1 0 0
70 (2,10)->(3,13)
1 0 0
71 (2,11)->(3,14)
1 0 0
72 (2,12)->(3,0)
1 0 0
73 (2,13)->(3,1)
1 0 0
74 (2,14)->(3,2)
1 0 0
75 (2,0)->(0,4)
1 1 1
76 (2,1)->(0,5)
1 1 1
77 (2,2)->(0,6)
1 1 1
78 (2,3)->(0,7)
0 0 0
79 (2,4)->(0,8)
0 0 0
80 (2,5)->(0,9)
0 0 0
81 (2,6)->(0,10)
1 1 1
82 (2,7)->(0,11)
1 1 1
83 (2,8)->(0,12)
1 1 1
84 (2,9)->(0,13)
1 1 1
85 (2,10)->(0,14)
1 1 1
86 (2,11)->(0,0)
1 1 1
87 (2,12)->(0,1)
1 1 1
88 (2,13)->(0,2)
1 1 1
89 (2,14)->(0,3)
1 1 1
90 (3,0)->(1,5)
0 0 0
91 (3,1)->(1,6)
0 0 0
92 (3,2)->(1,7)
0 0 0
93 (3,3)->(1,8)
0 0 0
94 (3,4)->(1,9)
0 0 0
95 (3,5)->(1,10)
0 0 0
96 (3,6)->(1,11)
0 0 0
97 (3,7)->(1,12)
0 0 0
98 (3,8)->(1,13)
0 0 0
99 (3,9)->(1,14)
0 0 1
100 (3,10)->(1,0)
0 0 1
101 (3,11)->(1,1)
0 0 1
102 (3,12)->(1,2)
0 0 0
103 (3,13)->(1,3)
0 0 0
104 (3,14)->(1,4)
0 0 0
105 (3,0)->(4,4)
0 0 0
106 (3,1)->(4,5)
0 0 0
107 (3,2)->(4,6)
0 0 0
108 (3,3)->(4,7)
0 0 0
109 (3,4)->(4,8)
0 0 0
110 (3,5)->(4,9)
0 0 0
111 (3,6)->(4,10)
0 0 0
112 (3,7)->(4,11)
0 0 0
113 (3,8)->(4,12)
0 0 0
114 (3,9)->(4,13)
0 0 0
115 (3,10)->(4,14)
0 0 0
116 (3,11)->(4,0)
0 0 0
117 (3,12)->(4,1)
0 0 0
118 (3,13)->(4,2)
0 0 0
119 (3,14)->(4,3)
0 0 0
120 (4,0)->(2,5)
0 0 0
121 (4,1)->(2,6)
0 0 0
122 (4,2)->(2,7)
0 0 0
123 (4,3)->(2,8)
0 0 0
124 (4,4)->(2,9)
0 0 0
125 (4,5)->(2,10)
0 0 0
126 (4,6)->(2,11)
0 0 0
127 (4,7)->(2,12)
0 0 0
128 (4,8)->(2,13)
0 0 0
129 (4,9)->(2,14)
0 0 0
130 (4,10)->(2,0)
0 0 0
131 (4,11)->(2,1)
0 0 0
132 (4,12)->(2,2)
0 0 0
133 (4,13)->(2,3)
0 0 0
134 (4,14)->(2,4)
0 0 0
135 (4,0)->(3,4)
0 0 0
136 (4,1)->(3,5)
0 0 0
137 (4,2)->(3,6)
0 0 0
138 (4,3)->(3,7)
0 0 0
139 (4,4)->(3,8)
0 0 0
140 (4,5)->(3,9)
0 0 0
141 (4,6)->(3,10)
0 0 0
142 (4,7)->(3,11)
0 0 0
143 (4,8)->(3,12)
0 0 0
144 (4,9)->(3,13)
0 0 0
145 (4,10)->(3,14)
0 0 0
146 (4,11)->(3,0)
0 0 0
147 (4,12)->(3,1)
0 0 0
148 (4,13)->(3,2)
0 0 0
149 (4,14)->(3,3)
0 0 0
5
0 (0,0)->(4,3)
0 0 0
1 (0,1)->(4,4)
0 0 0
2 (0,2)->(4,5)
0 0 0
3 (0,3)->(4,6)
0 0 0
4 (0,4)->(4,7)
0 0 0
5 (0,5)->(4,8)
0 0 0
6 (0,6)->(4,9)
0 1 1
7 (0,7)->(4,10)
0 1 1
8 (0,8)->(4,11)
0 1 1
9 (0,9)->(4,12)
0 1 1
10 (0,10)->(4,13)
0 1 1
11 (0,11)->(4,14)
0 1 1
12 (0,12)->(4,0)
0 1 1
13 (0,13)->(4,1)
0 1 1
14 (0,14)->(4,2)
0 1 1
15 (0,0)->(1,4)
0 0 0
16 (0,1)->(1,5)
0 0 0
17 (0,2)->(1,6)
0 0 0
18 (0,3)->(1,7)
0 0 0
19 (0,4)->(1,8)
0 0 0
20 (0,5)->(1,9)
0 0 0
21 (0,6)->(1,10)
0 0 0
22 (0,7)->(1,11)
0 0 0
23 (0,8)->(1,12)
0 0 0
24 (0,9)->(1,13)
0 0 0
25 (0,10)->(1,14)
0 0 0
26 (0,11)->(1,0)
0 0 0
27 (0,12)->(1,1)
0 0 0
28 (0,13)->(1,2)
0 0 0
29 (0,14)->(1,3)
0 0 0
30 (1,0)->(2,4)
0 0 0
31 (1,1)->(2,5)
0 0 0
32 (1,2)->(2,6)
0 0 0
33 (1,3)->(2,7)
0 0 0
34 (1,4)->(2,8)
0 0 0
35 (1,5)->(2,9)
0 0 0
36 (1,6)->(2,10)
0 0 0
37 (1,7)->(2,11)
0 0 0
38 (1,8)->(2,12)
0 0 0
39 (1,9)->(2,13)
0 0 0
40 (1,10)->(2,14)
0 0 0
41 (1,11)->(2,0)
0 0 0
42 (1,12)->(2,1)
0 0 0
43 (1,13)->(2,2)
0 0 0
44 (1,14)->(2,3)
0 0 0
45 (1,0)->(0,5)
0 0 0
46 (1,1)->(0,6)
0 0 0
47 (1,2)->(0,7)
0 0 0
48 (1,3)->(0,8)
0 0 0
49 (1,4)->(0,9)
0 0 0
50 (1,5)->(0,10)
0 0 0
51 (1,6)->(0,11)
0 0 0
52 (1,7)->(0,12)
0 0 0
53 (1,8)->(0,13)
0 0 0
54 (1,9)->(0,14)
0 0 0
55 (1,10)->(0,0)
0 0 0
56 (1,11)->(0,1)
0 0 0
57 (1,12)->(0,2)
0 0 0
58 (1,13)->(0,3)
0 0 0
59 (1,14)->(0,4)
0 0 0
60 (2,0)->(3,3)
0 0 0
61 (2,1)->(3,4)
0 0 0
62 (2,2)->(3,5)
1 0 1
63 (2,3)->(3,6)
1 0 1
64 (2,4)->(3,7)
1 0 1
65 (2,5)->(3,8)
1 0 1
66 (2,6)->(3,9)
1 0 1
67 (2,7)->(3,10)
1 0 1
68 (2,8)->(3,11)
1 0 1
69 (2,9)->(3,12)
1 0 1
70 (2,10)->(3,13)
1 0 1
71 (2,11)->(3,14)
0 0 0
72 (2,12)->(3,0)
0 0 0
73 (2,13)->(3,1)
0 0 0
74 (2,14)->(3,2)
0 0 0
75 (2,0)->(0,4)
0 0 0
76 (2,1)->(0,5)
0 0 0
77 (2,2)->(0,6)
1 0 1
78 (2,3)->(0,7)
1 0 1
79 (2,4)->(0,8)
1 0 1
80 (2,5)->(0,9)
1 0 1
81 (2,6)->(0,10)
1 0 1
82 (2,7)->(0,11)
1 0 1
83 (2,8)->(0,12)
1 0 1
84 (2,9)->(0,13)
1 0 1
85 (2,10)->(0,14)
1 0 1
86 (2,11)->(0,0)
0 0 0
87 (2,12)->(0,1)
0 0 0
88 (2,13)->(0,2)
0 0 0
89 (2,14)->(0,3)
0 0 0
90 (3,0)->(1,5)
0 0 0
91 (3,1)->(1,6)
0 0 0
92 (3,2)->(1,7)
0 0 0
93 (3,3)->(1,8)
0 0 0
94 (3,4)->(1,9)
0 0 0
95 (3,5)->(1,10)
0 0 0
96 (3,6)->(1,11)
0 0 0
97 (3,7)->(1,12)
0 0 0
98 (3,8)->(1,13)
0 0 0
99 (3,9)->(1,14)
0 0 0
100 (3,10)->(1,0)
0 0 0
101 (3,11)->(1,1)
0 0 0
102 (3,12)->(1,2)
0 0 0
103 (3,13)->(1,3)
0 0 0
104 (3,14)->(1,4)
0 0 0
105 (3,0)->(4,4)
0 0 0
106 (3,1)->(4,5)
0 0 0
107 (3,2)->(4,6)
0 0 0
108 (3,3)->(4,7)
0 0 0
109 (3,4)->(4,8)
0 0 0
110 (3,5)->(4,9)
0 1 1
111 (3,6)->(4,10)
0 1 1
112 (3,7)->(4,11)
0 1 1
113 (3,8)->(4,12)
0 1 1
114 (3,9)->(4,13)
0 1 1
115 (3,10)->(4,14)
0 1 1
116 (3,11)->(4,0)
0 1 1
117 (3,12)->(4,1)
0 1 1
118 (3,13)->(4,2)
0 1 1
119 (3,14)->(4,3)
0 0 0
120 (4,0)->(2,5)
0 0 0
121 (4,1)->(2,6)
0 0 0
122 (4,2)->(2,7)
0 0 0
123 (4,3)->(2,8)
0 0 0
124 (4,4)->(2,9)
0 0 0
125 (4,5)->(2,10)
0 0 0
126 (4,6)->(2,11)
0 0 0
127 (4,7)->(2,12)
0 0 0
128 (4,8)->(2,13)
0 0 0
129 (4,9)->(2,14)
0 0 0
130 (4,10)->(2,0)
0 0 0
131 (4,11)->(2,1)
0 0 0
132 (4,12)->(2,2)
0 0 0
133 (4,13)->(2,3)
0 0 0
134 (4,14)->(2,4)
0 0 0
135 (4,0)->(3,4)
0 0 0
136 (4,1)->(3,5)
0 0 0
137 (4,2)->(3,6)
0 0 0
138 (4,3)->(3,7)
0 0 0
139 (4,4)->(3,8)
0 0 0
140 (4,5)->(3,9)
0 0 0
141 (4,6)->(3,10)
0 0 0
142 (4,7)->(3,11)
0 0 0
143 (4,8)->(3,12)
0 0 0
144 (4,9)->(3,13)
0 0 0
145 (4,10)->(3,14)
0 0 0
146 (4,11)->(3,0)
0 0 0
147 (4,12)->(3,1)
0 0 0
148 (4,13)->(3,2)
0 0 0
149 (4,14)->(3,3)
0 0 0
6
0 (0,0)->(4,3)
0 0 0
1 (0,1)->(4,4)
0 0 0
2 (0,2)->(4,5)
0 0 0
3 (0,3)->(4,6)
0 0 0
4 (0,4)->(4,7)
0 0 0
5 (0,5)->(4,8)
0 0 0
6 (0,6)->(4,9)
0 0 0
7 (0,7)->(4,10)
0 0 0
8 (0,8)->(4,11)
0 0 0
9 (0,9)->(4,12)
0 0 0
10 (0,10)->(4,13)
0 0 0
11 (0,11)->(4,14)
0 0 0
12 (0,12)->(4,0)
0 0 0
13 (0,13)->(4,1)
0 0 0
14 (0,14)->(4,2)
0 0 0
15 (0,0)->(1,4)
0 0 0
16 (0,1)->(1,5)
0 0 0
17 (0,2)->(1,6)
0 0 0
18 (0,3)->(1,7)
0 0 0
19 (0,4)->(1,8)
0 0 0
20 (0,5)->(1,9)
0 0 0
21 (0,6)->(1,10)
0 0 0
22 (0,7)->(1,11)
0 0 0
23 (0,8)->(1,12)
0 0 0
24 (0,9)->(1,13)
0 0 0
25 (0,10)->(1,14)
0 0 0
26 (0,11)->(1,0)
0 0 0
27 (0,12)->(1,1)
0 0 0
28 (0,13)->(1,2)
0 0 0
29 (0,14)->(1,3)
0 0 0
30 (1,0)->(2,4)
0 0 0
31 (1,1)->(2,5)
0 0 0
32 (1,2)->(2,6)
0 0 0
33 (1,3)->(2,7)
0 0 0
34 (1,4)->(2,8)
0 0 0
35 (1,5)->(2,9)
0 0 0
36 (1,6)->(2,10)
0 0 0
37 (1,7)->(2,11)
0 0 0
38 (1,8)->(2,12)
0 0 0
39 (1,9)->(2,13)
0 0 0
40 (1,10)->(2,14)
0 0 0
41 (1,11)->(2,0)
0 0 0
42 (1,12)->(2,1)
0 0 0
43 (1,13)->(2,2)
0 0 0
44 (1,14)->(2,3)
0 0 0
45 (1,0)->(0,5)
0 0 0
46 (1,1)->(0,6)
0 0 0
47 (1,2)->(0,7)
0 0 0
48 (1,3)->(0,8)
0 1 0
49 (1,4)->(0,9)
0 1 0
50 (1,5)->(0,10)
0 1 0
51 (1,6)->(0,11)
0 1 0
52 (1,7)->(0,12)
0 1 0
53 (1,8)->(0,13)
0 1 1
54 (1,9)->(0,14)
0 1 1
55 (1,10)->(0,0)
0 0 0
56 (1,11)->(0,1)
0 0 0
57 (1,12)->(0,2)
0 0 0
58 (1,13)->(0,3)
0 0 0
59 (1,14)->(0,4)
0 0 0
60 (2,0)->(3,3)
0 0 0
61 (2,1)->(3,4)
0 0 0
62 (2,2)->(3,5)
0 0 0
63 (2,3)->(3,6)
0 0 0
64 (2,4)->(3,7)
0 0 0
65 (2,5)->(3,8)
0 0 0
66 (2,6)->(3,9)
0 0 0
67 (2,7)->(3,10)
0 0 0
68 (2,8)->(3,11)
0 0 0
69 (2,9)->(3,12)
0 0 0
70 (2,10)->(3,13)
0 0 0
71 (2,11)->(3,14)
0 0 0
72 (2,12)->(3,0)
0 0 0
73 (2,13)->(3,1)
0 0 0
74 (2,14)->(3,2)
0 0 0
75 (2,0)->(0,4)
0 0 0
76 (2,1)->(0,5)
0 0 0
77 (2,2)->(0,6)
0 0 0
78 (2,3)->(0,7)
0 0 0
79 (2,4)->(0,8)
0 1 1
80 (2,5)->(0,9)
0 1 1
81 (2,6)->(0,10)
0 1 1
82 (2,7)->(0,11)
0 1 1
83 (2,8)->(0,12)
0 1 1
84 (2,9)->(0,13)
0 1 1
85 (2,10)->(0,14)
0 1 1
86 (2,11)->(0,0)
0 0 0
87 (2,12)->(0,1)
0 0 0
88 (2,13)->(0,2)
0 0 0
89 (2,14)->(0,3)
0 0 0
90 (3,0)->(1,5)
0 0 0
91 (3,1)->(1,6)
0 0 0
92 (3,2)->(1,7)
0 0 0
93 (3,3)->(1,8)
0 0 1
94 (3,4)->(1,9)
0 0 1
95 (3,5)->(1,10)
0 0 0
96 (3,6)->(1,11)
0 0 0
97 (3,7)->(1,12)
0 0 0
98 (3,8)->(1,13)
0 0 0
99 (3,9)->(1,14)
0 0 0
100 (3,10)->(1,0)
0 0 0
101 (3,11)->(1,1)
0 0 0
102 (3,12)->(1,2)
0 0 0
103 (3,13)->(1,3)
0 0 0
104 (3,14)->(1,4)
0 0 0
105 (3,0)->(4,4)
0 0 0
106 (3,1)->(4,5)
0 0 0
107 (3,2)->(4,6)
0 0 0
108 (3,3)->(4,7)
0 0 0
109 (3,4)->(4,8)
0 0 0
110 (3,5)->(4,9)
0 0 0
111 (3,6)->(4,10)
0 0 0
112 (3,7)->(4,11)
0 0 0
113 (3,8)->(4,12)
0 0 0
114 (3,9)->(4,13)
0 0 0
115 (3,10)->(4,14)
0 0 0
116 (3,11)->(4,0)
0 0 0
117 (3,12)->(4,1)
0 0 0
118 (3,13)->(4,2)
0 0 0
119 (3,14)->(4,3)
0 0 0
120 (4,0)->(2,5)
1 0 1
121 (4,1)->(2,6)
1 0 1
122 (4,2)->(2,7)
1 0 1
123 (4,3)->(2,8)
1 0 1
124 (4,4)->(2,9)
1 0 1
125 (4,5)->(2,10)
1 0 1
126 (4,6)->(2,11)
0 0 0
127 (4,7)->(2,12)
0 0 0
128 (4,8)->(2,13)
0 0 0
129 (4,9)->(2,14)
0 0 0
130 (4,10)->(2,0)
0 0 0
131 (4,11)->(2,1)
0 0 0
132 (4,12)->(2,2)
0 0 0
133 (4,13)->(2,3)
0 0 0
134 (4,14)->(2,4)
1 0 1
135 (4,0)->(3,4)
1 0 1
136 (4,1)->(3,5)
1 0 0
137 (4,2)->(3,6)
1 0 0
138 (4,3)->(3,7)
1 0 0
139 (4,4)->(3,8)
1 0 0
140 (4,5)->(3,9)
1 0 0
141 (4,6)->(3,10)
0 0 0
142 (4,7)->(3,11)
0 0 0
143 (4,8)->(3,12)
0 0 0
144 (4,9)->(3,13)
0 0 0
145 (4,10)->(3,14)
0 0 0
146 (4,11)->(3,0)
0 0 0
147 (4,12)->(3,1)
0 0 0
148 (4,13)->(3,2)
0 0 0
149 (4,14)->(3,3)
1 0 1
7
0 (0,0)->(4,3)
1 0 2
1 (0,1)->(4,4)
1 0 1
2 (0,2)->(4,5)
1 0 1
3 (0,3)->(4,6)
1 0 1
4 (0,4)->(4,7)
1 0 1
5 (0,5)->(4,8)
0 0 0
6 (0,6)->(4,9)
0 0 0
7 (0,7)->(4,10)
0 0 0
8 (0,8)->(4,11)
0 0 0
9 (0,9)->(4,12)
0 0 0
10 (0,10)->(4,13)
0 0 0
11 (0,11)->(4,14)
1 0 2
12 (0,12)->(4,0)
1 0 2
13 (0,13)->(4,1)
1 0 2
14 (0,14)->(4,2)
1 0 2
15 (0,0)->(1,4)
1 0 1
16 (0,1)->(1,5)
1 0 0
17 (0,2)->(1,6)
1 0 0
18 (0,3)->(1,7)
1 0 0
19 (0,4)->(1,8)
1 0 0
20 (0,5)->(1,9)
0 0 0
21 (0,6)->(1,10)
0 0 0
22 (0,7)->(1,11)
0 0 0
23 (0,8)->(1,12)
0 0 0
24 (0,9)->(1,13)
0 0 0
25 (0,10)->(1,14)
0 0 0
26 (0,11)->(1,0)
1 0 1
27 (0,12)->(1,1)
1 0 1
28 (0,13)->(1,2)
1 0 1
29 (0,14)->(1,3)
1 0 1
30 (1,0)->(2,4)
0 0 1
31 (1,1)->(2,5)
0 0 1
32 (1,2)->(2,6)
0 0 1
33 (1,3)->(2,7)
0 0 1
34 (1,4)->(2,8)
0 0 1
35 (1,5)->(2,9)
0 0 0
36 (1,6)->(2,10)
0 0 0
37 (1,7)->(2,11)
0 0 0
38 (1,8)->(2,12)
0 0 0
39 (1,9)->(2,13)
0 0 0
40 (1,10)->(2,14)
0 0 0
41 (1,11)->(2,0)
0 0 0
42 (1,12)->(2,1)
0 0 0
43 (1,13)->(2,2)
0 0 0
44 (1,14)->(2,3)
0 0 0
45 (1,0)->(0,5)
0 0 0
46 (1,1)->(0,6)
0 0 0
47 (1,2)->(0,7)
0 0 0
48 (1,3)->(0,8)
0 0 0
49 (1,4)->(0,9)
0 0 0
50 (1,5)->(0,10)
0 0 0
51 (1,6)->(0,11)
0 0 0
52 (1,7)->(0,12)
0 0 0
53 (1,8)->(0,13)
0 0 0
54 (1,9)->(0,14)
0 0 0
55 (1,10)->(0,0)
0 0 0
56 (1,11)->(0,1)
0 0 0
57 (1,12)->(0,2)
0 0 0
58 (1,13)->(0,3)
0 0 0
59 (1,14)->(0,4)
0 0 0
60 (2,0)->(3,3)
0 1 0
61 (2,1)->(3,4)
0 1 0
62 (2,2)->(3,5)
0 1 0
63 (2,3)->(3,6)
0 1 0
64 (2,4)->(3,7)
0 1 2
65 (2,5)->(3,8)
0 1 2
66 (2,6)->(3,9)
0 1 2
67 (2,7)->(3,10)
0 1 2
68 (2,8)->(3,11)
0 1 2
69 (2,9)->(3,12)
0 0 0
70 (2,10)->(3,13)
0 0 0
71 (2,11)->(3,14)
0 0 0
72 (2,12)->(3,0)
0 0 0
73 (2,13)->(3,1)
0 0 0
74 (2,14)->(3,2)
0 0 0
75 (2,0)->(0,4)
0 0 0
76 (2,1)->(0,5)
0 0 0
77 (2,2)->(0,6)
0 0 0
78 (2,3)->(0,7)
0 0 0
79 (2,4)->(0,8)
0 0 0
80 (2,5)->(0,9)
0 0 0
81 (2,6)->(0,10)
0 0 0
82 (2,7)->(0,11)
0 0 0
83 (2,8)->(0,12)
0 0 0
84 (2,9)->(0,13)
0 0 0
85 (2,10)->(0,14)
0 0 0
86 (2,11)->(0,0)
0 0 0
87 (2,12)->(0,1)
0 0 0
88 (2,13)->(0,2)
0 0 0
89 (2,14)->(0,3)
0 0 0
90 (3,0)->(1,5)
0 0 0
91 (3,1)->(1,6)
0 0 0
92 (3,2)->(1,7)
0 0 0
93 (3,3)->(1,8)
0 0 0
94 (3,4)->(1,9)
0 0 0
95 (3,5)->(1,10)
0 0 0
96 (3,6)->(1,11)
0 0 0
97 (3,7)->(1,12)
0 0 0
98 (3,8)->(1,13)
0 0 0
99 (3,9)->(1,14)
0 0 0
100 (3,10)->(1,0)
0 0 0
101 (3,11)->(1,1)
0 0 0
102 (3,12)->(1,2)
0 0 0
103 (3,13)->(1,3)
0 0 0
104 (3,14)->(1,4)
0 0 0
105 (3,0)->(4,4)
0 0 0
106 (3,1)->(4,5)
0 0 0
107 (3,2)->(4,6)
0 0 0
108 (3,3)->(4,7)
0 0 0
109 (3,4)->(4,8)
0 0 0
110 (3,5)->(4,9)
0 0 0
111 (3,6)->(4,10)
0 0 0
112 (3,7)->(4,11)
0 0 0
113 (3,8)->(4,12)
0 0 0
114 (3,9)->(4,13)
0 0 0
115 (3,10)->(4,14)
0 0 0
116 (3,11)->(4,0)
0 0 0
117 (3,12)->(4,1)
0 0 0
118 (3,13)->(4,2)
0 0 0
119 (3,14)->(4,3)
0 0 0
120 (4,0)->(2,5)
0 0 1
121 (4,1)->(2,6)
0 0 1
122 (4,2)->(2,7)
0 0 1
123 (4,3)->(2,8)
0 0 1
124 (4,4)->(2,9)
0 0 0
125 (4,5)->(2,10)
0 0 0
126 (4,6)->(2,11)
0 0 0
127 (4,7)->(2,12)
0 0 0
128 (4,8)->(2,13)
0 0 0
129 (4,9)->(2,14)
0 0 0
130 (4,10)->(2,0)
0 0 0
131 (4,11)->(2,1)
0 0 0
132 (4,12)->(2,2)
0 0 0
133 (4,13)->(2,3)
0 0 0
134 (4,14)->(2,4)
0 0 1
135 (4,0)->(3,4)
0 1 1
136 (4,1)->(3,5)
0 1 1
137 (4,2)->(3,6)
0 1 1
138 (4,3)->(3,7)
0 1 1
139 (4,4)->(3,8)
0 1 1
140 (4,5)->(3,9)
0 1 1
141 (4,6)->(3,10)
0 1 1
142 (4,7)->(3,11)
0 1 1
143 (4,8)->(3,12)
0 0 0
144 (4,9)->(3,13)
0 0 0
145 (4,10)->(3,14)
0 0 0
146 (4,11)->(3,0)
0 0 0
147 (4,12)->(3,1)
0 0 0
148 (4,13)->(3,2)
0 0 0
149 (4,14)->(3,3)
0 1 1
8
0 (0,0)->(4,3)
0 0 0
1 (0,1)->(4,4)
0 0 0
2 (0,2)->(4,5)
0 0 0
3 (0,3)->(4,6)
0 0 0
4 (0,4)->(4,7)
0 0 0
5 (0,5)->(4,8)
0 0 0
6 (0,6)->(4,9)
0 0 0
7 (0,7)->(4,10)
0 0 0
8 (0,8)->(4,11)
0 0 0
9 (0,9)->(4,12)
0 0 0
10 (0,10)->(4,13)
0 0 0
11 (0,11)->(4,14)
0 0 0
12 (0,12)->(4,0)
0 0 0
13 (0,13)->(4,1)
0 0 0
14 (0,14)->(4,2)
0 0 0
15 (0,0)->(1,4)
0 1 1
16 (0,1)->(1,5)
0 1 1
17 (0,2)->(1,6)
0 1 1
18 (0,3)->(1,7)
0 1 1
19 (0,4)->(1,8)
0 1 1
20 (0,5)->(1,9)
0 1 1
21 (0,6)->(1,10)
0 0 0
22 (0,7)->(1,11)
0 0 0
23 (0,8)->(1,12)
0 0 0
24 (0,9)->(1,13)
0 0 0
25 (0,10)->(1,14)
0 0 0
26 (0,11)->(1,0)
0 0 0
27 (0,12)->(1,1)
0 0 0
28 (0,13)->(1,2)
0 1 1
29 (0,14)->(1,3)
0 1 1
30 (1,0)->(2,4)
0 0 0
31 (1,1)->(2,5)
0 0 0
32 (1,2)->(2,6)
0 0 0
33 (1,3)->(2,7)
0 0 0
34 (1,4)->(2,8)
0 0 0
35 (1,5)->(2,9)
0 0 0
36 (1,6)->(2,10)
0 0 0
37 (1,7)->(2,11)
0 0 0
38 (1,8)->(2,12)
0 0 0
39 (1,9)->(2,13)
0 0 0
40 (1,10)->(2,14)
0 0 0
41 (1,11)->(2,0)
0 0 0
42 (1,12)->(2,1)
0 0 0
43 (1,13)->(2,2)
0 0 0
44 (1,14)->(2,3)
0 0 0
45 (1,0)->(0,5)
0 0 0
46 (1,1)->(0,6)
0 0 0
47 (1,2)->(0,7)
0 0 0
48 (1,3)->(0,8)
0 0 0
49 (1,4)->(0,9)
0 0 0
50 (1,5)->(0,10)
0 0 0
51 (1,6)->(0,11)
0 0 0
52 (1,7)->(0,12)
0 0 0
53 (1,8)->(0,13)
0 0 0
54 (1,9)->(0,14)
0 0 0
55 (1,10)->(0,0)
0 0 0
56 (1,11)->(0,1)
0 0 0
57 (1,12)->(0,2)
0 0 0
58 (1,13)->(0,3)
0 0 0
59 (1,14)->(0,4)
0 0 0
60 (2,0)->(3,3)
1 0 1
61 (2,1)->(3,4)
1 0 1
62 (2,2)->(3,5)
0 0 0
63 (2,3)->(3,6)
0 0 0
64 (2,4)->(3,7)
0 0 0
65 (2,5)->(3,8)
0 0 0
66 (2,6)->(3,9)
0 0 0
67 (2,7)->(3,10)
0 0 0
68 (2,8)->(3,11)
0 0 0
69 (2,9)->(3,12)
1 0 1
70 (2,10)->(3,13)
1 0 1
71 (2,11)->(3,14)
1 0 1
72 (2,12)->(3,0)
1 0 1
73 (2,13)->(3,1)
1 0 1
74 (2,14)->(3,2)
1 0 1
75 (2,0)->(0,4)
1 0 1
76 (2,1)->(0,5)
1 0 1
77 (2,2)->(0,6)
0 0 0
78 (2,3)->(0,7)
0 0 0
79 (2,4)->(0,8)
0 0 0
80 (2,5)->(0,9)
0 0 0
81 (2,6)->(0,10)
0 0 0
82 (2,7)->(0,11)
0 0 0
83 (2,8)->(0,12)
0 0 0
84 (2,9)->(0,13)
1 0 1
85 (2,10)->(0,14)
1 0 1
86 (2,11)->(0,0)
1 0 1
87 (2,12)->(0,1)
1 0 1
88 (2,13)->(0,2)
1 0 1
89 (2,14)->(0,3)
1 0 1
90 (3,0)->(1,5)
0 1 1
91 (3,1)->(1,6)
0 1 1
92 (3,2)->(1,7)
0 1 1
93 (3,3)->(1,8)
0 1 1
94 (3,4)->(1,9)
0 1 1
95 (3,5)->(1,10)
0 0 0
96 (3,6)->(1,11)
0 0 0
97 (3,7)->(1,12)
0 0 0
98 (3,8)->(1,13)
0 0 0
99 (3,9)->(1,14)
0 0 0
100 (3,10)->(1,0)
0 0 0
101 (3,11)->(1,1)
0 0 0
102 (3,12)->(1,2)
0 1 1
103 (3,13)->(1,3)
0 1 1
104 (3,14)->(1,4)
0 1 1
105 (3,0)->(4,4)
0 0 0
106 (3,1)->(4,5)
0 0 0
107 (3,2)->(4,6)
0 0 0
108 (3,3)->(4,7)
0 0 0
109 (3,4)->(4,8)
0 0 0
110 (3,5)->(4,9)
0 0 0
111 (3,6)->(4,10)
0 0 0
112 (3,7)->(4,11)
0 0 0
113 (3,8)->(4,12)
0 0 0
114 (3,9)->(4,13)
0 0 0
115 (3,10)->(4,14)
0 0 0
116 (3,11)->(4,0)
0 0 0
117 (3,12)->(4,1)
0 0 0
118 (3,13)->(4,2)
0 0 0
119 (3,14)->(4,3)
0 0 0
120 (4,0)->(2,5)
0 0 0
121 (4,1)->(2,6)
0 0 0
122 (4,2)->(2,7)
0 0 0
123 (4,3)->(2,8)
0 0 0
124 (4,4)->(2,9)
0 0 0
125 (4,5)->(2,10)
0 0 0
126 (4,6)->(2,11)
0 0 0
127 (4,7)->(2,12)
0 0 0
128 (4,8)->(2,13)
0 0 0
129 (4,9)->(2,14)
0 0 0
130 (4,10)->(2,0)
0 0 0
131 (4,11)->(2,1)
0 0 0
132 (4,12)->(2,2)
0 0 0
133 (4,13)->(2,3)
0 0 0
134 (4,14)->(2,4)
0 0 0
135 (4,0)->(3,4)
0 0 0
136 (4,1)->(3,5)
0 0 0
137 (4,2)->(3,6)
0 0 0
138 (4,3)->(3,7)
0 0 0
139 (4,4)->(3,8)
0 0 0
140 (4,5)->(3,9)
0 0 0
141 (4,6)->(3,10)
0 0 0
142 (4,7)->(3,11)
0 0 0
143 (4,8)->(3,12)
0 0 0
144 (4,9)->(3,13)
0 0 0
145 (4,10)->(3,14)
0 0 0
146 (4,11)->(3,0)
0 0 0
147 (4,12)->(3,1)
0 0 0
148 (4,13)->(3,2)
0 0 0
149 (4,14)->(3,3)
0 0 0
9
0 (0,0)->(4,3)
0 1 2
1 (0,1)->(4,4)
0 0 0
2 (0,2)->(4,5)
0 0 0
3 (0,3)->(4,6)
0 0 0
4 (0,4)->(4,7)
0 0 0
5 (0,5)->(4,8)
0 0 0
6 (0,6)->(4,9)
0 0 0
7 (0,7)->(4,10)
0 0 0
8 (0,8)->(4,11)
0 1 1
9 (0,9)->(4,12)
0 1 1
10 (0,10)->(4,13)
0 1 1
11 (0,11)->(4,14)
0 1 2
12 (0,12)->(4,0)
0 1 2
13 (0,13)->(4,1)
0 1 2
14 (0,14)->(4,2)
0 1 2
15 (0,0)->(1,4)
0 0 0
16 (0,1)->(1,5)
0 0 0
17 (0,2)->(1,6)
0 0 0
18 (0,3)->(1,7)
0 0 0
19 (0,4)->(1,8)
0 0 0
20 (0,5)->(1,9)
0 0 0
21 (0,6)->(1,10)
0 0 0
22 (0,7)->(1,11)
0 0 0
23 (0,8)->(1,12)
0 0 0
24 (0,9)->(1,13)
0 0 0
25 (0,10)->(1,14)
0 0 0
26 (0,11)->(1,0)
0 0 0
27 (0,12)->(1,1)
0 0 0
28 (0,13)->(1,2)
0 0 0
29 (0,14)->(1,3)
0 0 0
30 (1,0)->(2,4)
0 0 0
31 (1,1)->(2,5)
0 0 0
32 (1,2)->(2,6)
0 0 0
33 (1,3)->(2,7)
1 0 2
34 (1,4)->(2,8)
1 0 2
35 (1,5)->(2,9)
1 0 2
36 (1,6)->(2,10)
1 0 2
37 (1,7)->(2,11)
1 0 2
38 (1,8)->(2,12)
1 0 0
39 (1,9)->(2,13)
1 0 0
40 (1,10)->(2,14)
1 0 0
41 (1,11)->(2,0)
0 0 0
42 (1,12)->(2,1)
0 0 0
43 (1,13)->(2,2)
0 0 0
44 (1,14)->(2,3)
0 0 0
45 (1,0)->(0,5)
0 0 0
46 (1,1)->(0,6)
0 0 0
47 (1,2)->(0,7)
0 0 0
48 (1,3)->(0,8)
1 0 1
49 (1,4)->(0,9)
1 0 1
50 (1,5)->(0,10)
1 0 1
51 (1,6)->(0,11)
1 0 1
52 (1,7)->(0,12)
1 0 1
53 (1,8)->(0,13)
1 0 1
54 (1,9)->(0,14)
1 0 1
55 (1,10)->(0,0)
1 0 1
56 (1,11)->(0,1)
0 0 0
57 (1,12)->(0,2)
0 0 0
58 (1,13)->(0,3)
0 0 0
59 (1,14)->(0,4)
0 0 0
60 (2,0)->(3,3)
0 0 0
61 (2,1)->(3,4)
0 0 0
62 (2,2)->(3,5)
0 0 0
63 (2,3)->(3,6)
0 0 0
64 (2,4)->(3,7)
0 0 0
65 (2,5)->(3,8)
0 0 0
66 (2,6)->(3,9)
0 0 0
67 (2,7)->(3,10)
0 0 1
68 (2,8)->(3,11)
0 0 1
69 (2,9)->(3,12)
0 0 1
70 (2,10)->(3,13)
0 0 1
71 (2,11)->(3,14)
0 0 1
72 (2,12)->(3,0)
0 0 0
73 (2,13)->(3,1)
0 0 0
74 (2,14)->(3,2)
0 0 0
75 (2,0)->(0,4)
0 0 0
76 (2,1)->(0,5)
0 0 0
77 (2,2)->(0,6)
0 0 0
78 (2,3)->(0,7)
0 0 0
79 (2,4)->(0,8)
0 0 0
80 (2,5)->(0,9)
0 0 0
81 (2,6)->(0,10)
0 0 0
82 (2,7)->(0,11)
0 0 1
83 (2,8)->(0,12)
0 0 1
84 (2,9)->(0,13)
0 0 1
85 (2,10)->(0,14)
0 0 1
86 (2,11)->(0,0)
0 0 1
87 (2,12)->(0,1)
0 0 0
88 (2,13)->(0,2)
0 0 0
89 (2,14)->(0,3)
0 0 0
90 (3,0)->(1,5)
0 0 0
91 (3,1)->(1,6)
0 0 0
92 (3,2)->(1,7)
0 0 0
93 (3,3)->(1,8)
0 0 0
94 (3,4)->(1,9)
0 0 0
95 (3,5)->(1,10)
0 0 0
96 (3,6)->(1,11)
0 0 0
97 (3,7)->(1,12)
0 0 0
98 (3,8)->(1,13)
0 0 0
99 (3,9)->(1,14)
0 0 0
100 (3,10)->(1,0)
0 0 0
101 (3,11)->(1,1)
0 0 0
102 (3,12)->(1,2)
0 0 0
103 (3,13)->(1,3)
0 0 0
104 (3,14)->(1,4)
0 0 0
105 (3,0)->(4,4)
0 0 0
106 (3,1)->(4,5)
0 0 0
107 (3,2)->(4,6)
0 0 0
108 (3,3)->(4,7)
0 0 0
109 (3,4)->(4,8)
0 0 0
110 (3,5)->(4,9)
0 0 0
111 (3,6)->(4,10)
0 0 0
112 (3,7)->(4,11)
0 1 0
113 (3,8)->(4,12)
0 1 0
114 (3,9)->(4,13)
0 1 0
115 (3,10)->(4,14)
0 1 1
116 (3,11)->(4,0)
0 1 1
117 (3,12)->(4,1)
0 1 1
118 (3,13)->(4,2)
0 1 1
119 (3,14)->(4,3)
0 1 1
120 (4,0)->(2,5)
0 0 0
121 (4,1)->(2,6)
0 0 0
122 (4,2)->(2,7)
0 0 0
123 (4,3)->(2,8)
0 0 0
124 (4,4)->(2,9)
0 0 0
125 (4,5)->(2,10)
0 0 0
126 (4,6)->(2,11)
0 0 0
127 (4,7)->(2,12)
0 0 0
128 (4,8)->(2,13)
0 0 0
129 (4,9)->(2,14)
0 0 0
130 (4,10)->(2,0)
0 0 0
131 (4,11)->(2,1)
0 0 0
132 (4,12)->(2,2)
0 0 0
133 (4,13)->(2,3)
0 0 0
134 (4,14)->(2,4)
0 0 0
135 (4,0)->(3,4)
0 0 0
136 (4,1)->(3,5)
0 0 0
137 (4,2)->(3,6)
0 0 0
138 (4,3)->(3,7)
0 0 0
139 (4,4)->(3,8)
0 0 0
140 (4,5)->(3,9)
0 0 0
141 (4,6)->(3,10)
0 0 0
142 (4,7)->(3,11)
0 0 0
143 (4,8)->(3,12)
0 0 0
144 (4,9)->(3,13)
0 0 0
145 (4,10)->(3,14)
0 0 0
146 (4,11)->(3,0)
0 0 0
147 (4,12)->(3,1)
0 0 0
148 (4,13)->(3,2)
0 0 0
149 (4,14)->(3,3)
0 0 0
10
0 (0,0)->(4,3)
0 0 0
1 (0,1)->(4,4)
0 0 0
2 (0,2)->(4,5)
0 0 0
3 (0,3)->(4,6)
0 0 0
4 (0,4)->(4,7)
0 0 0
5 (0,5)->(4,8)
0 0 0
6 (0,6)->(4,9)
0 0 0
7 (0,7)->(4,10)
0 0 0
8 (0,8)->(4,11)
0 0 0
9 (0,9)->(4,12)
0 0 0
10 (0,10)->(4,13)
0 0 0
11 (0,11)->(4,14)
0 0 0
12 (0,12)->(4,0)
0 0 0
13 (0,13)->(4,1)
0 0 0
14 (0,14)->(4,2)
0 0 0
15 (0,0)->(1,4)
0 0 0
16 (0,1)->(1,5)
0 0 0
17 (0,2)->(1,6)
0 0 0
18 (0,3)->(1,7)
0 0 0
19 (0,4)->(1,8)
0 0 0
20 (0,5)->(1,9)
0 0 0
21 (0,6)->(1,10)
0 0 0
22 (0,7)->(1,11)
0 0 0
23 (0,8)->(1,12)
0 0 0
24 (0,9)->(1,13)
0 0 0
25 (0,10)->(1,14)
0 0 0
26 (0,11)->(1,0)
0 0 0
27 (0,12)->(1,1)
0 0 0
28 (0,13)->(1,2)
0 0 0
29 (0,14)->(1,3)
0 0 0
30 (1,0)->(2,4)
0 0 0
31 (1,1)->(2,5)
0 0 0
32 (1,2)->(2,6)
0 0 0
33 (1,3)->(2,7)
0 0 0
34 (1,4)->(2,8)
0 0 1
35 (1,5)->(2,9)
0 0 1
36 (1,6)->(2,10)
0 0 1
37 (1,7)->(2,11)
0 0 0
38 (1,8)->(2,12)
0 0 0
39 (1,9)->(2,13)
0 0 0
40 (1,10)->(2,14)
0 0 0
41 (1,11)->(2,0)
0 0 0
42 (1,12)->(2,1)
0 0 0
43 (1,13)->(2,2)
0 0 0
44 (1,14)->(2,3)
0 0 0
45 (1,0)->(0,5)
0 0 0
46 (1,1)->(0,6)
0 0 0
47 (1,2)->(0,7)
0 0 0
48 (1,3)->(0,8)
0 0 0
49 (1,4)->(0,9)
0 1 1
50 (1,5)->(0,10)
0 1 1
51 (1,6)->(0,11)
0 1 1
52 (1,7)->(0,12)
0 1 1
53 (1,8)->(0,13)
0 1 1
54 (1,9)->(0,14)
0 1 1
55 (1,10)->(0,0)
0 0 0
56 (1,11)->(0,1)
0 0 0
57 (1,12)->(0,2)
0 0 0
58 (1,13)->(0,3)
0 0 0
59 (1,14)->(0,4)
0 0 0
60 (2,0)->(3,3)
0 0 0
61 (2,1)->(3,4)
0 0 0
62 (2,2)->(3,5)
0 0 0
63 (2,3)->(3,6)
0 0 0
64 (2,4)->(3,7)
0 0 0
65 (2,5)->(3,8)
0 0 0
66 (2,6)->(3,9)
0 0 0
67 (2,7)->(3,10)
0 0 0
68 (2,8)->(3,11)
0 0 0
69 (2,9)->(3,12)
0 0 0
70 (2,10)->(3,13)
0 0 0
71 (2,11)->(3,14)
0 0 0
72 (2,12)->(3,0)
0 0 0
73 (2,13)->(3,1)
0 0 0
74 (2,14)->(3,2)
0 0 0
75 (2,0)->(0,4)
0 0 0
76 (2,1)->(0,5)
0 0 0
77 (2,2)->(0,6)
0 0 0
78 (2,3)->(0,7)
0 0 0
79 (2,4)->(0,8)
0 0 0
80 (2,5)->(0,9)
0 1 0
81 (2,6)->(0,10)
0 1 0
82 (2,7)->(0,11)
0 1 0
83 (2,8)->(0,12)
0 1 2
84 (2,9)->(0,13)
0 1 2
85 (2,10)->(0,14)
0 1 2
86 (2,11)->(0,0)
0 0 0
87 (2,12)->(0,1)
0 0 0
88 (2,13)->(0,2)
0 0 0
89 (2,14)->(0,3)
0 0 0
90 (3,0)->(1,5)
1 0 2
91 (3,1)->(1,6)
1 0 2
92 (3,2)->(1,7)
1 0 1
93 (3,3)->(1,8)
1 0 1
94 (3,4)->(1,9)
1 0 1
95 (3,5)->(1,10)
0 0 0
96 (3,6)->(1,11)
0 0 0
97 (3,7)->(1,12)
0 0 0
98 (3,8)->(1,13)
0 0 0
99 (3,9)->(1,14)
0 0 0
100 (3,10)->(1,0)
0 0 0
101 (3,11)->(1,1)
0 0 0
102 (3,12)->(1,2)
0 0 0
103 (3,13)->(1,3)
0 0 0
104 (3,14)->(1,4)
1 0 2
105 (3,0)->(4,4)
1 0 1
106 (3,1)->(4,5)
1 0 1
107 (3,2)->(4,6)
1 0 0
108 (3,3)->(4,7)
1 0 0
109 (3,4)->(4,8)
1 0 0
110 (3,5)->(4,9)
0 0 0
111 (3,6)->(4,10)
0 0 0
112 (3,7)->(4,11)
0 0 0
113 (3,8)->(4,12)
0 0 0
114 (3,9)->(4,13)
0 0 0
115 (3,10)->(4,14)
0 0 0
116 (3,11)->(4,0)
0 0 0
117 (3,12)->(4,1)
0 0 0
118 (3,13)->(4,2)
0 0 0
119 (3,14)->(4,3)
1 0 1
120 (4,0)->(2,5)
0 0 0
121 (4,1)->(2,6)
0 0 0
122 (4,2)->(2,7)
0 0 0
123 (4,3)->(2,8)
0 0 1
124 (4,4)->(2,9)
0 0 1
125 (4,5)->(2,10)
0 0 1
126 (4,6)->(2,11)
0 0 0
127 (4,7)->(2,12)
0 0 0
128 (4,8)->(2,13)
0 0 0
129 (4,9)->(2,14)
0 0 0
130 (4,10)->(2,0)
0 0 0
131 (4,11)->(2,1)
0 0 0
132 (4,12)->(2,2)
0 0 0
133 (4,13)->(2,3)
0 0 0
134 (4,14)->(2,4)
0 0 0
135 (4,0)->(3,4)
0 0 0
136 (4,1)->(3,5)
0 0 0
137 (4,2)->(3,6)
0 0 0
138 (4,3)->(3,7)
0 0 0
139 (4,4)->(3,8)
0 0 0
140 (4,5)->(3,9)
0 0 0
141 (4,6)->(3,10)
0 0 0
142 (4,7)->(3,11)
0 0 0
143 (4,8)->(3,12)
0 0 0
144 (4,9)->(3,13)
0 0 0
145 (4,10)->(3,14)
0 0 0
146 (4,11)->(3,0)
0 0 0
147 (4,12)->(3,1)
0 0 0
148 (4,13)->(3,2)
0 0 0
149 (4,14)->(3,3)
0 0 0
11
0 (0,0)->(4,3)
0 0 0
1 (0,1)->(4,4)
0 0 0
2 (0,2)->(4,5)
0 0 0
3 (0,3)->(4,6)
0 0 0
4 (0,4)->(4,7)
0 0 0
5 (0,5)->(4,8)
0 0 0
6 (0,6)->(4,9)
0 0 0
7 (0,7)->(4,10)
0 0 0
8 (0,8)->(4,11)
0 0 0
9 (0,9)->(4,12)
0 0 0
10 (0,10)->(4,13)
0 0 0
11 (0,11)->(4,14)
0 0 0
12 (0,12)->(4,0)
0 0 0
13 (0,13)->(4,1)
0 0 0
14 (0,14)->(4,2)
0 0 0
15 (0,0)->(1,4)
0 0 0
16 (0,1)->(1,5)
0 0 0
17 (0,2)->(1,6)
0 0 0
18 (0,3)->(1,7)
0 0 0
19 (0,4)->(1,8)
0 0 0
20 (0,5)->(1,9)
0 0 0
21 (0,6)->(1,10)
0 0 0
22 (0,7)->(1,11)
0 0 0
23 (0,8)->(1,12)
0 0 0
24 (0,9)->(1,13)
0 0 0
25 (0,10)->(1,14)
0 0 0
26 (0,11)->(1,0)
0 0 0
27 (0,12)->(1,1)
0 0 0
28 (0,13)->(1,2)
0 0 0
29 (0,14)->(1,3)
0 0 0
30 (1,0)->(2,4)
0 0 0
31 (1,1)->(2,5)
0 0 0
32 (1,2)->(2,6)
0 0 0
33 (1,3)->(2,7)
0 0 0
34 (1,4)->(2,8)
0 0 0
35 (1,5)->(2,9)
0 0 0
36 (1,6)->(2,10)
0 0 0
37 (1,7)->(2,11)
0 0 0
38 (1,8)->(2,12)
0 0 0
39 (1,9)->(2,13)
0 0 0
40 (1,10)->(2,14)
0 0 0
41 (1,11)->(2,0)
0 0 0
42 (1,12)->(2,1)
0 0 0
43 (1,13)->(2,2)
0 0 0
44 (1,14)->(2,3)
0 0 0
45 (1,0)->(0,5)
0 0 0
46 (1,1)->(0,6)
0 0 0
47 (1,2)->(0,7)
0 0 0
48 (1,3)->(0,8)
0 0 0
49 (1,4)->(0,9)
0 0 0
50 (1,5)->(0,10)
0 0 0
51 (1,6)->(0,11)
0 0 0
52 (1,7)->(0,12)
0 0 0
53 (1,8)->(0,13)
0 0 0
54 (1,9)->(0,14)
0 0 0
55 (1,10)->(0,0)
0 0 0
56 (1,11)->(0,1)
0 0 0
57 (1,12)->(0,2)
0 0 0
58 (1,13)->(0,3)
0 0 0
59 (1,14)->(0,4)
0 0 0
60 (2,0)->(3,3)
0 0 0
61 (2,1)->(3,4)
0 0 0
62 (2,2)->(3,5)
0 0 0
63 (2,3)->(3,6)
0 1 0
64 (2,4)->(3,7)
0 1 0
65 (2,5)->(3,8)
0 1 0
66 (2,6)->(3,9)
0 1 0
67 (2,7)->(3,10)
0 1 1
68 (2,8)->(3,11)
0 1 1
69 (2,9)->(3,12)
0 1 1
70 (2,10)->(3,13)
0 1 1
71 (2,11)->(3,14)
0 1 1
72 (2,12)->(3,0)
0 1 1
73 (2,13)->(3,1)
0 1 1
74 (2,14)->(3,2)
0 1 1
75 (2,0)->(0,4)
0 0 0
76 (2,1)->(0,5)
0 0 0
77 (2,2)->(0,6)
0 0 0
78 (2,3)->(0,7)
0 0 0
79 (2,4)->(0,8)
0 0 0
80 (2,5)->(0,9)
0 0 0
81 (2,6)->(0,10)
0 0 0
82 (2,7)->(0,11)
0 0 0
83 (2,8)->(0,12)
0 0 0
84 (2,9)->(0,13)
0 0 0
85 (2,10)->(0,14)
0 0 0
86 (2,11)->(0,0)
0 0 0
87 (2,12)->(0,1)
0 0 0
88 (2,13)->(0,2)
0 0 0
89 (2,14)->(0,3)
0 0 0
90 (3,0)->(1,5)
0 0 0
91 (3,1)->(1,6)
0 0 0
92 (3,2)->(1,7)
0 0 0
93 (3,3)->(1,8)
0 0 0
94 (3,4)->(1,9)
0 0 0
95 (3,5)->(1,10)
0 0 0
96 (3,6)->(1,11)
0 0 0
97 (3,7)->(1,12)
0 0 0
98 (3,8)->(1,13)
0 0 0
99 (3,9)->(1,14)
0 0 0
100 (3,10)->(1,0)
0 0 0
101 (3,11)->(1,1)
0 0 0
102 (3,12)->(1,2)
0 0 0
103 (3,13)->(1,3)
0 0 0
104 (3,14)->(1,4)
0 0 0
105 (3,0)->(4,4)
0 0 0
106 (3,1)->(4,5)
0 0 0
107 (3,2)->(4,6)
0 0 0
108 (3,3)->(4,7)
0 0 0
109 (3,4)->(4,8)
0 0 0
110 (3,5)->(4,9)
0 0 0
111 (3,6)->(4,10)
0 0 0
112 (3,7)->(4,11)
0 0 0
113 (3,8)->(4,12)
0 0 0
114 (3,9)->(4,13)
0 0 0
115 (3,10)->(4,14)
0 0 0
116 (3,11)->(4,0)
0 0 0
117 (3,12)->(4,1)
0 0 0
118 (3,13)->(4,2)
0 0 0
119 (3,14)->(4,3)
0 0 0
120 (4,0)->(2,5)
0 0 0
121 (4,1)->(2,6)
0 0 0
122 (4,2)->(2,7)
1 0 1
123 (4,3)->(2,8)
1 0 1
124 (4,4)->(2,9)
1 0 1
125 (4,5)->(2,10)
1 0 1
126 (4,6)->(2,11)
1 0 1
127 (4,7)->(2,12)
1 0 1
128 (4,8)->(2,13)
1 0 1
129 (4,9)->(2,14)
1 0 1
130 (4,10)->(2,0)
1 0 0
131 (4,11)->(2,1)
1 0 0
132 (4,12)->(2,2)
1 0 0
133 (4,13)->(2,3)
1 0 0
134 (4,14)->(2,4)
0 0 0
135 (4,0)->(3,4)
0 0 0
136 (4,1)->(3,5)
0 0 0
137 (4,2)->(3,6)
1 1 1
138 (4,3)->(3,7)
1 1 1
139 (4,4)->(3,8)
1 1 1
140 (4,5)->(3,9)
1 1 1
141 (4,6)->(3,10)
1 1 1
142 (4,7)->(3,11)
1 1 1
143 (4,8)->(3,12)
1 1 1
144 (4,9)->(3,13)
1 1 1
145 (4,10)->(3,14)
1 1 1
146 (4,11)->(3,0)
1 1 1
147 (4,12)->(3,1)
1 1 1
148 (4,13)->(3,2)
1 1 1
149 (4,14)->(3,3)
0 0 0
12
0 (0,0)->(4,3)
0 0 0
1 (0,1)->(4,4)
1 0 2
2 (0,2)->(4,5)
1 0 2
3 (0,3)->(4,6)
1 0 2
4 (0,4)->(4,7)
1 0 2
5 (0,5)->(4,8)
1 0 2
6 (0,6)->(4,9)
1 0 1
7 (0,7)->(4,10)
1 0 1
8 (0,8)->(4,11)
1 0 1
9 (0,9)->(4,12)
1 0 1
10 (0,10)->(4,13)
0 0 0
11 (0,11)->(4,14)
0 0 0
12 (0,12)->(4,0)
0 0 0
13 (0,13)->(4,1)
0 0 0
14 (0,14)->(4,2)
0 0 0
15 (0,0)->(1,4)
0 0 0
16 (0,1)->(1,5)
1 0 1
17 (0,2)->(1,6)
1 0 1
18 (0,3)->(1,7)
1 0 1
19 (0,4)->(1,8)
1 0 1
20 (0,5)->(1,9)
1 0 1
21 (0,6)->(1,10)
1 0 0
22 (0,7)->(1,11)
1 0 0
23 (0,8)->(1,12)
1 0 0
24 (0,9)->(1,13)
1 0 0
25 (0,10)->(1,14)
0 0 0
26 (0,11)->(1,0)
0 0 0
27 (0,12)->(1,1)
0 0 0
28 (0,13)->(1,2)
0 0 0
29 (0,14)->(1,3)
0 0 0
30 (1,0)->(2,4)
0 0 0
31 (1,1)->(2,5)
0 0 0
32 (1,2)->(2,6)
0 0 0
33 (1,3)->(2,7)
0 0 0
34 (1,4)->(2,8)
0 0 0
35 (1,5)->(2,9)
0 0 1
36 (1,6)->(2,10)
0 0 1
37 (1,7)->(2,11)
0 0 1
38 (1,8)->(2,12)
0 0 1
39 (1,9)->(2,13)
0 0 1
40 (1,10)->(2,14)
0 0 0
41 (1,11)->(2,0)
0 0 0
42 (1,12)->(2,1)
0 0 0
43 (1,13)->(2,2)
0 0 0
44 (1,14)->(2,3)
0 0 0
45 (1,0)->(0,5)
0 0 0
46 (1,1)->(0,6)
0 0 0
47 (1,2)->(0,7)
0 0 0
48 (1,3)->(0,8)
0 0 0
49 (1,4)->(0,9)
0 0 0
50 (1,5)->(0,10)
0 0 0
51 (1,6)->(0,11)
0 0 0
52 (1,7)->(0,12)
0 0 0
53 (1,8)->(0,13)
0 0 0
54 (1,9)->(0,14)
0 0 0
55 (1,10)->(0,0)
0 0 0
56 (1,11)->(0,1)
0 0 0
57 (1,12)->(0,2)
0 0 0
58 (1,13)->(0,3)
0 0 0
59 (1,14)->(0,4)
0 0 0
60 (2,0)->(3,3)
0 0 0
61 (2,1)->(3,4)
0 0 0
62 (2,2)->(3,5)
0 0 0
63 (2,3)->(3,6)
0 0 0
64 (2,4)->(3,7)
0 0 0
65 (2,5)->(3,8)
0 1 0
66 (2,6)->(3,9)
0 1 0
67 (2,7)->(3,10)
0 1 0
68 (2,8)->(3,11)
0 1 0
69 (2,9)->(3,12)
0 1 2
70 (2,10)->(3,13)
0 1 2
71 (2,11)->(3,14)
0 1 2
72 (2,12)->(3,0)
0 1 2
73 (2,13)->(3,1)
0 1 2
74 (2,14)->(3,2)
0 0 0
75 (2,0)->(0,4)
0 0 0
76 (2,1)->(0,5)
0 0 0
77 (2,2)->(0,6)
0 0 0
78 (2,3)->(0,7)
0 0 0
79 (2,4)->(0,8)
0 0 0
80 (2,5)->(0,9)
0 0 0
81 (2,6)->(0,10)
0 0 0
82 (2,7)->(0,11)
0 0 0
83 (2,8)->(0,12)
0 0 0
84 (2,9)->(0,13)
0 0 0
85 (2,10)->(0,14)
0 0 0
86 (2,11)->(0,0)
0 0 0
87 (2,12)->(0,1)
0 0 0
88 (2,13)->(0,2)
0 0 0
89 (2,14)->(0,3)
0 0 0
90 (3,0)->(1,5)
0 0 0
91 (3,1)->(1,6)
0 0 0
92 (3,2)->(1,7)
0 0 0
93 (3,3)->(1,8)
0 0 0
94 (3,4)->(1,9)
0 0 0
95 (3,5)->(1,10)
0 0 0
96 (3,6)->(1,11)
0 0 0
97 (3,7)->(1,12)
0 0 0
98 (3,8)->(1,13)
0 0 0
99 (3,9)->(1,14)
0 0 0
100 (3,10)->(1,0)
0 0 0
101 (3,11)->(1,1)
0 0 0
102 (3,12)->(1,2)
0 0 0
103 (3,13)->(1,3)
0 0 0
104 (3,14)->(1,4)
0 0 0
105 (3,0)->(4,4)
0 0 0
106 (3,1)->(4,5)
0 0 0
107 (3,2)->(4,6)
0 0 0
108 (3,3)->(4,7)
0 0 0
109 (3,4)->(4,8)
0 0 0
110 (3,5)->(4,9)
0 0 0
111 (3,6)->(4,10)
0 0 0
112 (3,7)->(4,11)
0 0 0
113 (3,8)->(4,12)
0 0 0
114 (3,9)->(4,13)
0 0 0
115 (3,10)->(4,14)
0 0 0
116 (3,11)->(4,0)
0 0 0
117 (3,12)->(4,1)
0 0 0
118 (3,13)->(4,2)
0 0 0
119 (3,14)->(4,3)
0 0 0
120 (4,0)->(2,5)
0 0 0
121 (4,1)->(2,6)
0 0 0
122 (4,2)->(2,7)
0 0 0
123 (4,3)->(2,8)
0 0 0
124 (4,4)->(2,9)
0 0 1
125 (4,5)->(2,10)
0 0 1
126 (4,6)->(2,11)
0 0 1
127 (4,7)->(2,12)
0 0 1
128 (4,8)->(2,13)
0 0 1
129 (4,9)->(2,14)
0 0 0
130 (4,10)->(2,0)
0 0 0
131 (4,11)->(2,1)
0 0 0
132 (4,12)->(2,2)
0 0 0
133 (4,13)->(2,3)
0 0 0
134 (4,14)->(2,4)
0 0 0
135 (4,0)->(3,4)
0 0 0
136 (4,1)->(3,5)
0 0 0
137 (4,2)->(3,6)
0 0 0
138 (4,3)->(3,7)
0 0 0
139 (4,4)->(3,8)
0 1 1
140 (4,5)->(3,9)
0 1 1
141 (4,6)->(3,10)
0 1 1
142 (4,7)->(3,11)
0 1 1
143 (4,8)->(3,12)
0 1 1
144 (4,9)->(3,13)
0 1 1
145 (4,10)->(3,14)
0 1 1
146 (4,11)->(3,0)
0 1 1
147 (4,12)->(3,1)
0 1 1
148 (4,13)->(3,2)
0 0 0
149 (4,14)->(3,3)
0 0 0
13
0 (0,0)->(4,3)
0 0 0
1 (0,1)->(4,4)
0 0 0
2 (0,2)->(4,5)
0 0 0
3 (0,3)->(4,6)
0 0 0
4 (0,4)->(4,7)
0 0 0
5 (0,5)->(4,8)
0 0 0
6 (0,6)->(4,9)
0 0 0
7 (0,7)->(4,10)
0 0 0
8 (0,8)->(4,11)
0 0 0
9 (0,9)->(4,12)
0 0 0
10 (0,10)->(4,13)
0 0 0
11 (0,11)->(4,14)
0 0 0
12 (0,12)->(4,0)
0 0 0
13 (0,13)->(4,1)
0 0 0
14 (0,14)->(4,2)
0 0 0
15 (0,0)->(1,4)
0 0 0
16 (0,1)->(1,5)
0 0 0
17 (0,2)->(1,6)
0 0 0
18 (0,3)->(1,7)
0 0 0
19 (0,4)->(1,8)
0 0 0
20 (0,5)->(1,9)
0 0 0
21 (0,6)->(1,10)
0 0 0
22 (0,7)->(1,11)
0 0 0
23 (0,8)->(1,12)
0 0 0
24 (0,9)->(1,13)
0 0 0
25 (0,10)->(1,14)
0 0 0
26 (0,11)->(1,0)
0 0 0
27 (0,12)->(1,1)
0 0 0
28 (0,13)->(1,2)
0 0 0
29 (0,14)->(1,3)
0 0 0
30 (1,0)->(2,4)
0 1 0
31 (1,1)->(2,5)
0 1 0
32 (1,2)->(2,6)
0 1 0
33 (1,3)->(2,7)
0 1 1
34 (1,4)->(2,8)
0 1 1
35 (1,5)->(2,9)
0 1 1
36 (1,6)->(2,10)
0 0 0
37 (1,7)->(2,11)
0 0 0
38 (1,8)->(2,12)
0 0 0
39 (1,9)->(2,13)
0 0 0
40 (1,10)->(2,14)
0 1 0
41 (1,11)->(2,0)
0 1 0
42 (1,12)->(2,1)
0 1 0
43 (1,13)->(2,2)
0 1 0
44 (1,14)->(2,3)
0 1 0
45 (1,0)->(0,5)
0 0 0
46 (1,1)->(0,6)
0 0 0
47 (1,2)->(0,7)
0 0 0
48 (1,3)->(0,8)
0 0 0
49 (1,4)->(0,9)
0 0 0
50 (1,5)->(0,10)
0 0 0
51 (1,6)->(0,11)
0 0 0
52 (1,7)->(0,12)
0 0 0
53 (1,8)->(0,13)
0 0 0
54 (1,9)->(0,14)
0 0 0
55 (1,10)->(0,0)
0 0 0
56 (1,11)->(0,1)
0 0 0
57 (1,12)->(0,2)
0 0 0
58 (1,13)->(0,3)
0 0 0
59 (1,14)->(0,4)
0 0 0
60 (2,0)->(3,3)
0 0 0
61 (2,1)->(3,4)
0 0 0
62 (2,2)->(3,5)
0 0 0
63 (2,3)->(3,6)
0 0 0
64 (2,4)->(3,7)
0 0 0
65 (2,5)->(3,8)
0 0 0
66 (2,6)->(3,9)
0 0 0
67 (2,7)->(3,10)
0 0 0
68 (2,8)->(3,11)
0 0 0
69 (2,9)->(3,12)
0 0 0
70 (2,10)->(3,13)
0 0 0
71 (2,11)->(3,14)
0 0 0
72 (2,12)->(3,0)
0 0 0
73 (2,13)->(3,1)
0 0 0
74 (2,14)->(3,2)
0 0 0
75 (2,0)->(0,4)
0 0 0
76 (2,1)->(0,5)
0 0 0
77 (2,2)->(0,6)
0 0 0
78 (2,3)->(0,7)
0 0 0
79 (2,4)->(0,8)
0 0 0
80 (2,5)->(0,9)
0 0 0
81 (2,6)->(0,10)
0 0 0
82 (2,7)->(0,11)
0 0 0
83 (2,8)->(0,12)
0 0 0
84 (2,9)->(0,13)
0 0 0
85 (2,10)->(0,14)
0 0 0
86 (2,11)->(0,0)
0 0 0
87 (2,12)->(0,1)
0 0 0
88 (2,13)->(0,2)
0 0 0
89 (2,14)->(0,3)
0 0 0
90 (3,0)->(1,5)
0 0 1
91 (3,1)->(1,6)
0 0 0
92 (3,2)->(1,7)
0 0 0
93 (3,3)->(1,8)
0 0 0
94 (3,4)->(1,9)
0 0 0
95 (3,5)->(1,10)
0 0 0
96 (3,6)->(1,11)
0 0 0
97 (3,7)->(1,12)
0 0 0
98 (3,8)->(1,13)
0 0 0
99 (3,9)->(1,14)
0 0 0
100 (3,10)->(1,0)
0 0 0
101 (3,11)->(1,1)
0 0 0
102 (3,12)->(1,2)
0 0 0
103 (3,13)->(1,3)
0 0 1
104 (3,14)->(1,4)
0 0 1
105 (3,0)->(4,4)
0 0 0
106 (3,1)->(4,5)
0 0 0
107 (3,2)->(4,6)
0 0 0
108 (3,3)->(4,7)
0 0 0
109 (3,4)->(4,8)
0 0 0
110 (3,5)->(4,9)
0 0 0
111 (3,6)->(4,10)
0 0 0
112 (3,7)->(4,11)
0 0 0
113 (3,8)->(4,12)
0 0 0
114 (3,9)->(4,13)
0 0 0
115 (3,10)->(4,14)
0 0 0
116 (3,11)->(4,0)
0 0 0
117 (3,12)->(4,1)
0 0 0
118 (3,13)->(4,2)
0 0 0
119 (3,14)->(4,3)
0 0 0
120 (4,0)->(2,5)
1 1 1
121 (4,1)->(2,6)
1 1 1
122 (4,2)->(2,7)
1 1 1
123 (4,3)->(2,8)
1 1 1
124 (4,4)->(2,9)
1 1 1
125 (4,5)->(2,10)
0 0 0
126 (4,6)->(2,11)
0 0 0
127 (4,7)->(2,12)
0 0 0
128 (4,8)->(2,13)
0 0 0
129 (4,9)->(2,14)
1 1 1
130 (4,10)->(2,0)
1 1 1
131 (4,11)->(2,1)
1 1 1
132 (4,12)->(2,2)
1 1 1
133 (4,13)->(2,3)
1 1 1
134 (4,14)->(2,4)
1 1 1
135 (4,0)->(3,4)
1 0 0
136 (4,1)->(3,5)
1 0 0
137 (4,2)->(3,6)
1 0 0
138 (4,3)->(3,7)
1 0 0
139 (4,4)->(3,8)
1 0 0
140 (4,5)->(3,9)
0 0 0
141 (4,6)->(3,10)
0 0 0
142 (4,7)->(3,11)
0 0 0
143 (4,8)->(3,12)
0 0 0
144 (4,9)->(3,13)
1 0 1
145 (4,10)->(3,14)
1 0 1
146 (4,11)->(3,0)
1 0 1
147 (4,12)->(3,1)
1 0 0
148 (4,13)->(3,2)
1 0 0
149 (4,14)->(3,3)
1 0 0
14
0 (0,0)->(4,3)
0 0 0
1 (0,1)->(4,4)
0 0 0
2 (0,2)->(4,5)
0 0 0
3 (0,3)->(4,6)
0 0 0
4 (0,4)->(4,7)
0 0 0
5 (0,5)->(4,8)
0 0 0
6 (0,6)->(4,9)
0 0 0
7 (0,7)->(4,10)
0 0 0
8 (0,8)->(4,11)
0 0 0
9 (0,9)->(4,12)
0 0 0
10 (0,10)->(4,13)
0 0 0
11 (0,11)->(4,14)
0 0 0
12 (0,12)->(4,0)
0 0 0
13 (0,13)->(4,1)
0 0 0
14 (0,14)->(4,2)
0 0 0
15 (0,0)->(1,4)
0 0 0
16 (0,1)->(1,5)
0 0 0
17 (0,2)->(1,6)
0 0 0
18 (0,3)->(1,7)
0 1 0
19 (0,4)->(1,8)
0 1 0
20 (0,5)->(1,9)
0 1 0
21 (0,6)->(1,10)
0 1 0
22 (0,7)->(1,11)
0 1 1
23 (0,8)->(1,12)
0 1 1
24 (0,9)->(1,13)
0 1 1
25 (0,10)->(1,14)
0 0 0
26 (0,11)->(1,0)
0 0 0
27 (0,12)->(1,1)
0 0 0
28 (0,13)->(1,2)
0 0 0
29 (0,14)->(1,3)
0 0 0
30 (1,0)->(2,4)
0 0 0
31 (1,1)->(2,5)
0 0 0
32 (1,2)->(2,6)
0 0 0
33 (1,3)->(2,7)
0 0 0
34 (1,4)->(2,8)
0 0 0
35 (1,5)->(2,9)
0 0 0
36 (1,6)->(2,10)
0 0 0
37 (1,7)->(2,11)
0 0 0
38 (1,8)->(2,12)
0 0 0
39 (1,9)->(2,13)
0 0 0
40 (1,10)->(2,14)
0 0 0
41 (1,11)->(2,0)
0 0 0
42 (1,12)->(2,1)
0 0 0
43 (1,13)->(2,2)
0 0 0
44 (1,14)->(2,3)
0 0 0
45 (1,0)->(0,5)
0 0 0
46 (1,1)->(0,6)
0 0 0
47 (1,2)->(0,7)
0 0 0
48 (1,3)->(0,8)
0 0 0
49 (1,4)->(0,9)
0 0 0
50 (1,5)->(0,10)
0 0 0
51 (1,6)->(0,11)
0 0 0
52 (1,7)->(0,12)
0 0 0
53 (1,8)->(0,13)
0 0 0
54 (1,9)->(0,14)
0 0 0
55 (1,10)->(0,0)
0 0 0
56 (1,11)->(0,1)
0 0 0
57 (1,12)->(0,2)
0 0 0
58 (1,13)->(0,3)
0 0 0
59 (1,14)->(0,4)
0 0 0
60 (2,0)->(3,3)
0 0 0
61 (2,1)->(3,4)
0 0 0
62 (2,2)->(3,5)
0 0 0
63 (2,3)->(3,6)
0 0 1
64 (2,4)->(3,7)
0 0 1
65 (2,5)->(3,8)
0 0 1
66 (2,6)->(3,9)
0 0 0
67 (2,7)->(3,10)
0 0 0
68 (2,8)->(3,11)
0 0 0
69 (2,9)->(3,12)
0 0 0
70 (2,10)->(3,13)
0 0 0
71 (2,11)->(3,14)
0 0 0
72 (2,12)->(3,0)
0 0 0
73 (2,13)->(3,1)
0 0 0
74 (2,14)->(3,2)
0 0 0
75 (2,0)->(0,4)
0 0 0
76 (2,1)->(0,5)
0 0 0
77 (2,2)->(0,6)
0 0 0
78 (2,3)->(0,7)
0 0 1
79 (2,4)->(0,8)
0 0 1
80 (2,5)->(0,9)
0 0 1
81 (2,6)->(0,10)
0 0 0
82 (2,7)->(0,11)
0 0 0
83 (2,8)->(0,12)
0 0 0
84 (2,9)->(0,13)
0 0 0
85 (2,10)->(0,14)
0 0 0
86 (2,11)->(0,0)
0 0 0
87 (2,12)->(0,1)
0 0 0
88 (2,13)->(0,2)
0 0 0
89 (2,14)->(0,3)
0 0 0
90 (3,0)->(1,5)
0 0 0
91 (3,1)->(1,6)
0 0 0
92 (3,2)->(1,7)
0 1 1
93 (3,3)->(1,8)
0 1 1
94 (3,4)->(1,9)
0 1 1
95 (3,5)->(1,10)
0 1 1
96 (3,6)->(1,11)
0 1 2
97 (3,7)->(1,12)
0 1 2
98 (3,8)->(1,13)
0 1 2
99 (3,9)->(1,14)
0 0 0
100 (3,10)->(1,0)
0 0 0
101 (3,11)->(1,1)
0 0 0
102 (3,12)->(1,2)
0 0 0
103 (3,13)->(1,3)
0 0 0
104 (3,14)->(1,4)
0 0 0
105 (3,0)->(4,4)
0 0 0
106 (3,1)->(4,5)
0 0 0
107 (3,2)->(4,6)
0 0 0
108 (3,3)->(4,7)
0 0 0
109 (3,4)->(4,8)
0 0 0
110 (3,5)->(4,9)
0 0 0
111 (3,6)->(4,10)
0 0 0
112 (3,7)->(4,11)
0 0 0
113 (3,8)->(4,12)
0 0 0
114 (3,9)->(4,13)
0 0 0
115 (3,10)->(4,14)
0 0 0
116 (3,11)->(4,0)
0 0 0
117 (3,12)->(4,1)
0 0 0
118 (3,13)->(4,2)
0 0 0
119 (3,14)->(4,3)
0 0 0
120 (4,0)->(2,5)
1 0 2
121 (4,1)->(2,6)
1 0 0
122 (4,2)->(2,7)
1 0 0
123 (4,3)->(2,8)
1 0 0
124 (4,4)->(2,9)
1 0 0
125 (4,5)->(2,10)
0 0 0
126 (4,6)->(2,11)
0 0 0
127 (4,7)->(2,12)
0 0 0
128 (4,8)->(2,13)
0 0 0
129 (4,9)->(2,14)
0 0 0
130 (4,10)->(2,0)
0 0 0
131 (4,11)->(2,1)
0 0 0
132 (4,12)->(2,2)
0 0 0
133 (4,13)->(2,3)
1 0 2
134 (4,14)->(2,4)
1 0 2
135 (4,0)->(3,4)
1 0 1
136 (4,1)->(3,5)
1 0 1
137 (4,2)->(3,6)
1 0 1
138 (4,3)->(3,7)
1 0 1
139 (4,4)->(3,8)
1 0 1
140 (4,5)->(3,9)
0 0 0
141 (4,6)->(3,10)
0 0 0
142 (4,7)->(3,11)
0 0 0
143 (4,8)->(3,12)
0 0 0
144 (4,9)->(3,13)
0 0 0
145 (4,10)->(3,14)
0 0 0
146 (4,11)->(3,0)
0 0 0
147 (4,12)->(3,1)
0 0 0
148 (4,13)->(3,2)
1 0 1
149 (4,14)->(3,3)
1 0 1
15
0 (0,0)->(4,3)
0 0 0
1 (0,1)->(4,4)
0 0 0
2 (0,2)->(4,5)
0 0 0
3 (0,3)->(4,6)
0 0 0
4 (0,4)->(4,7)
0 0 0
5 (0,5)->(4,8)
0 0 0
6 (0,6)->(4,9)
0 0 0
7 (0,7)->(4,10)
0 0 0
8 (0,8)->(4,11)
0 0 0
9 (0,9)->(4,12)
0 0 0
10 (0,10)->(4,13)
0 0 0
11 (0,11)->(4,14)
0 0 0
12 (0,12)->(4,0)
0 0 0
13 (0,13)->(4,1)
0 0 0
14 (0,14)->(4,2)
0 0 0
15 (0,0)->(1,4)
0 0 0
16 (0,1)->(1,5)
0 0 0
17 (0,2)->(1,6)
0 0 0
18 (0,3)->(1,7)
0 0 0
19 (0,4)->(1,8)
0 0 0
20 (0,5)->(1,9)
0 0 0
21 (0,6)->(1,10)
0 0 0
22 (0,7)->(1,11)
0 0 0
23 (0,8)->(1,12)
0 0 0
24 (0,9)->(1,13)
0 0 0
25 (0,10)->(1,14)
0 0 0
26 (0,11)->(1,0)
0 0 0
27 (0,12)->(1,1)
0 0 0
28 (0,13)->(1,2)
0 0 0
29 (0,14)->(1,3)
0 0 0
30 (1,0)->(2,4)
0 0 0
31 (1,1)->(2,5)
0 0 0
32 (1,2)->(2,6)
0 0 0
33 (1,3)->(2,7)
0 0 0
34 (1,4)->(2,8)
0 0 0
35 (1,5)->(2,9)
0 0 0
36 (1,6)->(2,10)
0 0 0
37 (1,7)->(2,11)
0 0 0
38 (1,8)->(2,12)
0 0 0
39 (1,9)->(2,13)
0 0 0
40 (1,10)->(2,14)
0 0 0
41 (1,11)->(2,0)
0 0 0
42 (1,12)->(2,1)
0 0 0
43 (1,13)->(2,2)
0 0 0
44 (1,14)->(2,3)
0 0 0
45 (1,0)->(0,5)
0 1 0
46 (1,1)->(0,6)
0 1 0
47 (1,2)->(0,7)
0 1 1
48 (1,3)->(0,8)
0 1 1
49 (1,4)->(0,9)
0 1 1
50 (1,5)->(0,10)
0 0 0
51 (1,6)->(0,11)
0 0 0
52 (1,7)->(0,12)
0 0 0
53 (1,8)->(0,13)
0 1 0
54 (1,9)->(0,14)
0 1 0
55 (1,10)->(0,0)
0 1 0
56 (1,11)->(0,1)
0 1 0
57 (1,12)->(0,2)
0 1 0
58 (1,13)->(0,3)
0 1 0
59 (1,14)->(0,4)
0 1 0
60 (2,0)->(3,3)
1 0 0
61 (2,1)->(3,4)
1 0 0
62 (2,2)->(3,5)
1 0 0
63 (2,3)->(3,6)
1 0 0
64 (2,4)->(3,7)
1 0 0
65 (2,5)->(3,8)
1 0 0
66 (2,6)->(3,9)
0 0 0
67 (2,7)->(3,10)
0 0 0
68 (2,8)->(3,11)
0 0 0
69 (2,9)->(3,12)
1 0 1
70 (2,10)->(3,13)
1 0 1
71 (2,11)->(3,14)
1 0 1
72 (2,12)->(3,0)
1 0 0
73 (2,13)->(3,1)
1 0 0
74 (2,14)->(3,2)
1 0 0
75 (2,0)->(0,4)
1 1 1
76 (2,1)->(0,5)
1 1 1
77 (2,2)->(0,6)
1 1 1
78 (2,3)->(0,7)
1 1 1
79 (2,4)->(0,8)
1 1 1
80 (2,5)->(0,9)
1 1 1
81 (2,6)->(0,10)
0 0 0
82 (2,7)->(0,11)
0 0 0
83 (2,8)->(0,12)
0 0 0
84 (2,9)->(0,13)
1 1 1
85 (2,10)->(0,14)
1 1 1
86 (2,11)->(0,0)
1 1 1
87 (2,12)->(0,1)
1 1 1
88 (2,13)->(0,2)
1 1 1
89 (2,14)->(0,3)
1 1 1
90 (3,0)->(1,5)
0 0 0
91 (3,1)->(1,6)
0 0 0
92 (3,2)->(1,7)
0 0 0
93 (3,3)->(1,8)
0 0 0
94 (3,4)->(1,9)
0 0 0
95 (3,5)->(1,10)
0 0 0
96 (3,6)->(1,11)
0 0 0
97 (3,7)->(1,12)
0 0 0
98 (3,8)->(1,13)
0 0 0
99 (3,9)->(1,14)
0 0 0
100 (3,10)->(1,0)
0 0 0
101 (3,11)->(1,1)
0 0 0
102 (3,12)->(1,2)
0 0 1
103 (3,13)->(1,3)
0 0 1
104 (3,14)->(1,4)
0 0 1
105 (3,0)->(4,4)
0 0 0
106 (3,1)->(4,5)
0 0 0
107 (3,2)->(4,6)
0 0 0
108 (3,3)->(4,7)
0 0 0
109 (3,4)->(4,8)
0 0 0
110 (3,5)->(4,9)
0 0 0
111 (3,6)->(4,10)
0 0 0
112 (3,7)->(4,11)
0 0 0
113 (3,8)->(4,12)
0 0 0
114 (3,9)->(4,13)
0 0 0
115 (3,10)->(4,14)
0 0 0
116 (3,11)->(4,0)
0 0 0
117 (3,12)->(4,1)
0 0 0
118 (3,13)->(4,2)
0 0 0
119 (3,14)->(4,3)
0 0 0
120 (4,0)->(2,5)
0 0 0
121 (4,1)->(2,6)
0 0 0
122 (4,2)->(2,7)
0 0 0
123 (4,3)->(2,8)
0 0 0
124 (4,4)->(2,9)
0 0 0
125 (4,5)->(2,10)
0 0 0
126 (4,6)->(2,11)
0 0 0
127 (4,7)->(2,12)
0 0 0
128 (4,8)->(2,13)
0 0 0
129 (4,9)->(2,14)
0 0 0
130 (4,10)->(2,0)
0 0 0
131 (4,11)->(2,1)
0 0 0
132 (4,12)->(2,2)
0 0 0
133 (4,13)->(2,3)
0 0 0
134 (4,14)->(2,4)
0 0 0
135 (4,0)->(3,4)
0 0 0
136 (4,1)->(3,5)
0 0 0
137 (4,2)->(3,6)
0 0 0
138 (4,3)->(3,7)
0 0 0
139 (4,4)->(3,8)
0 0 0
140 (4,5)->(3,9)
0 0 0
141 (4,6)->(3,10)
0 0 0
142 (4,7)->(3,11)
0 0 0
143 (4,8)->(3,12)
0 0 0
144 (4,9)->(3,13)
0 0 0
145 (4,10)->(3,14)
0 0 0
146 (4,11)->(3,0)
0 0 0
147 (4,12)->(3,1)
0 0 0
148 (4,13)->(3,2)
0 0 0
149 (4,14)->(3,3)
0 0 0
16
0 (0,0)->(4,3)
0 0 0
1 (0,1)->(4,4)
0 0 0
2 (0,2)->(4,5)
0 0 0
3 (0,3)->(4,6)
0 0 1
4 (0,4)->(4,7)
0 0 1
5 (0,5)->(4,8)
0 0 1
6 (0,6)->(4,9)
0 0 1
7 (0,7)->(4,10)
0 0 1
8 (0,8)->(4,11)
0 0 0
9 (0,9)->(4,12)
0 0 0
10 (0,10)->(4,13)
0 0 0
11 (0,11)->(4,14)
0 0 0
12 (0,12)->(4,0)
0 0 0
13 (0,13)->(4,1)
0 0 0
14 (0,14)->(4,2)
0 0 0
15 (0,0)->(1,4)
0 0 0
16 (0,1)->(1,5)
0 0 0
17 (0,2)->(1,6)
0 0 0
18 (0,3)->(1,7)
0 0 0
19 (0,4)->(1,8)
0 0 0
20 (0,5)->(1,9)
0 0 0
21 (0,6)->(1,10)
0 0 0
22 (0,7)->(1,11)
0 0 0
23 (0,8)->(1,12)
0 0 0
24 (0,9)->(1,13)
0 0 0
25 (0,10)->(1,14)
0 0 0
26 (0,11)->(1,0)
0 0 0
27 (0,12)->(1,1)
0 0 0
28 (0,13)->(1,2)
0 0 0
29 (0,14)->(1,3)
0 0 0
30 (1,0)->(2,4)
0 0 0
31 (1,1)->(2,5)
0 0 0
32 (1,2)->(2,6)
0 0 0
33 (1,3)->(2,7)
0 0 0
34 (1,4)->(2,8)
0 0 0
35 (1,5)->(2,9)
0 0 0
36 (1,6)->(2,10)
0 0 0
37 (1,7)->(2,11)
0 0 0
38 (1,8)->(2,12)
0 0 0
39 (1,9)->(2,13)
0 0 0
40 (1,10)->(2,14)
0 0 0
41 (1,11)->(2,0)
0 0 0
42 (1,12)->(2,1)
0 0 0
43 (1,13)->(2,2)
0 0 0
44 (1,14)->(2,3)
0 0 0
45 (1,0)->(0,5)
0 0 0
46 (1,1)->(0,6)
0 0 0
47 (1,2)->(0,7)
0 0 0
48 (1,3)->(0,8)
0 0 0
49 (1,4)->(0,9)
0 0 0
50 (1,5)->(0,10)
0 0 0
51 (1,6)->(0,11)
0 0 0
52 (1,7)->(0,12)
0 0 0
53 (1,8)->(0,13)
0 0 0
54 (1,9)->(0,14)
0 0 0
55 (1,10)->(0,0)
0 0 0
56 (1,11)->(0,1)
0 0 0
57 (1,12)->(0,2)
0 0 0
58 (1,13)->(0,3)
0 0 0
59 (1,14)->(0,4)
0 0 0
60 (2,0)->(3,3)
1 1 1
61 (2,1)->(3,4)
1 1 1
62 (2,2)->(3,5)
1 1 1
63 (2,3)->(3,6)
1 1 1
64 (2,4)->(3,7)
1 1 1
65 (2,5)->(3,8)
1 1 1
66 (2,6)->(3,9)
1 1 1
67 (2,7)->(3,10)
1 1 1
68 (2,8)->(3,11)
1 1 1
69 (2,9)->(3,12)
1 1 1
70 (2,10)->(3,13)
1 1 1
71 (2,11)->(3,14)
1 1 1
72 (2,12)->(3,0)
0 0 0
73 (2,13)->(3,1)
0 0 0
74 (2,14)->(3,2)
1 1 1
75 (2,0)->(0,4)
1 0 1
76 (2,1)->(0,5)
1 0 1
77 (2,2)->(0,6)
1 0 1
78 (2,3)->(0,7)
1 0 1
79 (2,4)->(0,8)
1 0 0
80 (2,5)->(0,9)
1 0 0
81 (2,6)->(0,10)
1 0 0
82 (2,7)->(0,11)
1 0 0
83 (2,8)->(0,12)
1 0 0
84 (2,9)->(0,13)
1 0 0
85 (2,10)->(0,14)
1 0 0
86 (2,11)->(0,0)
1 0 0
87 (2,12)->(0,1)
0 0 0
88 (2,13)->(0,2)
0 0 0
89 (2,14)->(0,3)
1 0 1
90 (3,0)->(1,5)
0 0 0
91 (3,1)->(1,6)
0 0 0
92 (3,2)->(1,7)
0 0 0
93 (3,3)->(1,8)
0 0 0
94 (3,4)->(1,9)
0 0 0
95 (3,5)->(1,10)
0 0 0
96 (3,6)->(1,11)
0 0 0
97 (3,7)->(1,12)
0 0 0
98 (3,8)->(1,13)
0 0 0
99 (3,9)->(1,14)
0 0 0
100 (3,10)->(1,0)
0 0 0
101 (3,11)->(1,1)
0 0 0
102 (3,12)->(1,2)
0 0 0
103 (3,13)->(1,3)
0 0 0
104 (3,14)->(1,4)
0 0 0
105 (3,0)->(4,4)
0 0 0
106 (3,1)->(4,5)
0 0 0
107 (3,2)->(4,6)
0 0 0
108 (3,3)->(4,7)
0 0 0
109 (3,4)->(4,8)
0 0 0
110 (3,5)->(4,9)
0 0 0
111 (3,6)->(4,10)
0 0 0
112 (3,7)->(4,11)
0 0 0
113 (3,8)->(4,12)
0 0 0
114 (3,9)->(4,13)
0 0 0
115 (3,10)->(4,14)
0 0 0
116 (3,11)->(4,0)
0 0 0
117 (3,12)->(4,1)
0 0 0
118 (3,13)->(4,2)
0 0 0
119 (3,14)->(4,3)
0 0 0
120 (4,0)->(2,5)
0 0 0
121 (4,1)->(2,6)
0 0 0
122 (4,2)->(2,7)
0 0 0
123 (4,3)->(2,8)
0 0 0
124 (4,4)->(2,9)
0 0 0
125 (4,5)->(2,10)
0 0 0
126 (4,6)->(2,11)
0 0 0
127 (4,7)->(2,12)
0 0 0
128 (4,8)->(2,13)
0 0 0
129 (4,9)->(2,14)
0 0 0
130 (4,10)->(2,0)
0 0 0
131 (4,11)->(2,1)
0 0 0
132 (4,12)->(2,2)
0 0 0
133 (4,13)->(2,3)
0 0 0
134 (4,14)->(2,4)
0 0 0
135 (4,0)->(3,4)
0 1 0
136 (4,1)->(3,5)
0 1 0
137 (4,2)->(3,6)
0 1 0
138 (4,3)->(3,7)
0 1 0
139 (4,4)->(3,8)
0 1 0
140 (4,5)->(3,9)
0 1 0
141 (4,6)->(3,10)
0 1 1
142 (4,7)->(3,11)
0 1 1
143 (4,8)->(3,12)
0 1 1
144 (4,9)->(3,13)
0 1 1
145 (4,10)->(3,14)
0 1 1
146 (4,11)->(3,0)
0 0 0
147 (4,12)->(3,1)
0 0 0
148 (4,13)->(3,2)
0 1 0
149 (4,14)->(3,3)
0 1 0
17
0 (0,0)->(4,3)
0 0 0
1 (0,1)->(4,4)
0 0 0
2 (0,2)->(4,5)
0 0 0
3 (0,3)->(4,6)
0 0 0
4 (0,4)->(4,7)
0 0 0
5 (0,5)->(4,8)
0 0 0
6 (0,6)->(4,9)
0 0 0
7 (0,7)->(4,10)
0 0 0
8 (0,8)->(4,11)
0 0 0
9 (0,9)->(4,12)
0 0 0
10 (0,10)->(4,13)
0 0 0
11 (0,11)->(4,14)
0 0 0
12 (0,12)->(4,0)
0 0 0
13 (0,13)->(4,1)
0 0 0
14 (0,14)->(4,2)
0 0 0
15 (0,0)->(1,4)
0 1 0
16 (0,1)->(1,5)
0 1 0
17 (0,2)->(1,6)
0 1 0
18 (0,3)->(1,7)
0 1 0
19 (0,4)->(1,8)
0 1 0
20 (0,5)->(1,9)
0 1 0
21 (0,6)->(1,10)
0 1 0
22 (0,7)->(1,11)
0 1 0
23 (0,8)->(1,12)
0 1 0
24 (0,9)->(1,13)
0 1 0
25 (0,10)->(1,14)
0 0 0
26 (0,11)->(1,0)
0 0 0
27 (0,12)->(1,1)
0 0 0
28 (0,13)->(1,2)
0 0 0
29 (0,14)->(1,3)
0 1 0
30 (1,0)->(2,4)
0 0 0
31 (1,1)->(2,5)
0 0 0
32 (1,2)->(2,6)
0 0 0
33 (1,3)->(2,7)
0 0 0
34 (1,4)->(2,8)
0 0 0
35 (1,5)->(2,9)
0 0 0
36 (1,6)->(2,10)
0 0 0
37 (1,7)->(2,11)
0 0 0
38 (1,8)->(2,12)
0 0 0
39 (1,9)->(2,13)
0 0 0
40 (1,10)->(2,14)
0 0 0
41 (1,11)->(2,0)
0 0 0
42 (1,12)->(2,1)
0 0 0
43 (1,13)->(2,2)
0 0 0
44 (1,14)->(2,3)
0 0 0
45 (1,0)->(0,5)
0 0 0
46 (1,1)->(0,6)
0 0 0
47 (1,2)->(0,7)
0 0 0
48 (1,3)->(0,8)
0 0 0
49 (1,4)->(0,9)
0 0 0
50 (1,5)->(0,10)
0 0 0
51 (1,6)->(0,11)
0 0 0
52 (1,7)->(0,12)
0 0 0
53 (1,8)->(0,13)
0 0 0
54 (1,9)->(0,14)
0 0 0
55 (1,10)->(0,0)
0 0 0
56 (1,11)->(0,1)
0 0 0
57 (1,12)->(0,2)
0 0 0
58 (1,13)->(0,3)
0 0 0
59 (1,14)->(0,4)
0 0 0
60 (2,0)->(3,3)
0 0 0
61 (2,1)->(3,4)
0 0 0
62 (2,2)->(3,5)
0 0 0
63 (2,3)->(3,6)
0 0 0
64 (2,4)->(3,7)
0 0 0
65 (2,5)->(3,8)
0 0 0
66 (2,6)->(3,9)
0 0 0
67 (2,7)->(3,10)
0 0 0
68 (2,8)->(3,11)
0 0 0
69 (2,9)->(3,12)
0 0 0
70 (2,10)->(3,13)
0 0 0
71 (2,11)->(3,14)
0 0 0
72 (2,12)->(3,0)
0 0 0
73 (2,13)->(3,1)
0 0 0
74 (2,14)->(3,2)
0 0 0
75 (2,0)->(0,4)
0 0 0
76 (2,1)->(0,5)
0 0 0
77 (2,2)->(0,6)
0 0 0
78 (2,3)->(0,7)
0 0 0
79 (2,4)->(0,8)
0 0 0
80 (2,5)->(0,9)
0 0 0
81 (2,6)->(0,10)
0 0 0
82 (2,7)->(0,11)
0 0 0
83 (2,8)->(0,12)
0 0 0
84 (2,9)->(0,13)
0 0 0
85 (2,10)->(0,14)
0 0 0
86 (2,11)->(0,0)
0 0 0
87 (2,12)->(0,1)
0 0 0
88 (2,13)->(0,2)
0 0 0
89 (2,14)->(0,3)
0 0 0
90 (3,0)->(1,5)
1 1 1
91 (3,1)->(1,6)
1 1 1
92 (3,2)->(1,7)
1 1 1
93 (3,3)->(1,8)
1 1 1
94 (3,4)->(1,9)
1 1 1
95 (3,5)->(1,10)
1 1 1
96 (3,6)->(1,11)
1 1 1
97 (3,7)->(1,12)
1 1 1
98 (3,8)->(1,13)
1 1 1
99 (3,9)->(1,14)
0 0 0
100 (3,10)->(1,0)
0 0 0
101 (3,11)->(1,1)
0 0 0
102 (3,12)->(1,2)
0 0 0
103 (3,13)->(1,3)
1 1 1
104 (3,14)->(1,4)
1 1 1
105 (3,0)->(4,4)
1 0 0
106 (3,1)->(4,5)
1 0 0
107 (3,2)->(4,6)
1 0 0
108 (3,3)->(4,7)
1 0 0
109 (3,4)->(4,8)
1 0 0
110 (3,5)->(4,9)
1 0 0
111 (3,6)->(4,10)
1 0 0
112 (3,7)->(4,11)
1 0 0
113 (3,8)->(4,12)
1 0 0
114 (3,9)->(4,13)
0 0 0
115 (3,10)->(4,14)
0 0 0
116 (3,11)->(4,0)
0 0 0
117 (3,12)->(4,1)
0 0 0
118 (3,13)->(4,2)
1 0 0
119 (3,14)->(4,3)
1 0 0
120 (4,0)->(2,5)
0 0 0
121 (4,1)->(2,6)
0 0 0
122 (4,2)->(2,7)
0 0 0
123 (4,3)->(2,8)
0 0 0
124 (4,4)->(2,9)
0 0 0
125 (4,5)->(2,10)
0 0 0
126 (4,6)->(2,11)
0 0 0
127 (4,7)->(2,12)
0 0 0
128 (4,8)->(2,13)
0 0 0
129 (4,9)->(2,14)
0 0 0
130 (4,10)->(2,0)
0 0 0
131 (4,11)->(2,1)
0 0 0
132 (4,12)->(2,2)
0 0 0
133 (4,13)->(2,3)
0 0 0
134 (4,14)->(2,4)
0 0 0
135 (4,0)->(3,4)
0 0 0
136 (4,1)->(3,5)
0 0 0
137 (4,2)->(3,6)
0 0 0
138 (4,3)->(3,7)
0 0 0
139 (4,4)->(3,8)
0 0 0
140 (4,5)->(3,9)
0 0 0
141 (4,6)->(3,10)
0 0 0
142 (4,7)->(3,11)
0 0 0
143 (4,8)->(3,12)
0 0 0
144 (4,9)->(3,13)
0 0 0
145 (4,10)->(3,14)
0 0 0
146 (4,11)->(3,0)
0 0 0
147 (4,12)->(3,1)
0 0 0
148 (4,13)->(3,2)
0 0 0
149 (4,14)->(3,3)
0 0 0
18
0 (0,0)->(4,3)
1 0 0
1 (0,1)->(4,4)
0 0 0
2 (0,2)->(4,5)
0 0 0
3 (0,3)->(4,6)
0 0 0
4 (0,4)->(4,7)
1 0 1
5 (0,5)->(4,8)
1 0 1
6 (0,6)->(4,9)
1 0 1
7 (0,7)->(4,10)
1 0 1
8 (0,8)->(4,11)
1 0 0
9 (0,9)->(4,12)
1 0 0
10 (0,10)->(4,13)
1 0 0
11 (0,11)->(4,14)
1 0 0
12 (0,12)->(4,0)
1 0 0
13 (0,13)->(4,1)
1 0 0
14 (0,14)->(4,2)
1 0 0
15 (0,0)->(1,4)
1 1 1
16 (0,1)->(1,5)
0 0 0
17 (0,2)->(1,6)
0 0 0
18 (0,3)->(1,7)
0 0 0
19 (0,4)->(1,8)
1 1 1
20 (0,5)->(1,9)
1 1 1
21 (0,6)->(1,10)
1 1 1
22 (0,7)->(1,11)
1 1 1
23 (0,8)->(1,12)
1 1 1
24 (0,9)->(1,13)
1 1 1
25 (0,10)->(1,14)
1 1 1
26 (0,11)->(1,0)
1 1 1
27 (0,12)->(1,1)
1 1 1
28 (0,13)->(1,2)
1 1 1
29 (0,14)->(1,3)
1 1 1
30 (1,0)->(2,4)
0 0 0
31 (1,1)->(2,5)
0 0 0
32 (1,2)->(2,6)
0 0 0
33 (1,3)->(2,7)
0 0 0
34 (1,4)->(2,8)
0 0 0
35 (1,5)->(2,9)
0 0 0
36 (1,6)->(2,10)
0 0 0
37 (1,7)->(2,11)
0 0 0
38 (1,8)->(2,12)
0 0 0
39 (1,9)->(2,13)
0 0 0
40 (1,10)->(2,14)
0 0 0
41 (1,11)->(2,0)
0 0 0
42 (1,12)->(2,1)
0 0 0
43 (1,13)->(2,2)
0 0 0
44 (1,14)->(2,3)
0 0 0
45 (1,0)->(0,5)
0 0 0
46 (1,1)->(0,6)
0 0 0
47 (1,2)->(0,7)
0 0 0
48 (1,3)->(0,8)
0 0 0
49 (1,4)->(0,9)
0 0 0
50 (1,5)->(0,10)
0 0 0
51 (1,6)->(0,11)
0 0 0
52 (1,7)->(0,12)
0 0 0
53 (1,8)->(0,13)
0 0 0
54 (1,9)->(0,14)
0 0 0
55 (1,10)->(0,0)
0 0 0
56 (1,11)->(0,1)
0 0 0
57 (1,12)->(0,2)
0 0 0
58 (1,13)->(0,3)
0 0 0
59 (1,14)->(0,4)
0 0 0
60 (2,0)->(3,3)
0 0 0
61 (2,1)->(3,4)
0 0 0
62 (2,2)->(3,5)
0 0 0
63 (2,3)->(3,6)
0 0 0
64 (2,4)->(3,7)
0 0 0
65 (2,5)->(3,8)
0 0 0
66 (2,6)->(3,9)
0 0 0
67 (2,7)->(3,10)
0 0 0
68 (2,8)->(3,11)
0 0 0
69 (2,9)->(3,12)
0 0 0
70 (2,10)->(3,13)
0 0 0
71 (2,11)->(3,14)
0 0 0
72 (2,12)->(3,0)
0 0 0
73 (2,13)->(3,1)
0 0 0
74 (2,14)->(3,2)
0 0 0
75 (2,0)->(0,4)
0 0 0
76 (2,1)->(0,5)
0 0 0
77 (2,2)->(0,6)
0 0 0
78 (2,3)->(0,7)
0 0 0
79 (2,4)->(0,8)
0 0 0
80 (2,5)->(0,9)
0 0 0
81 (2,6)->(0,10)
0 0 0
82 (2,7)->(0,11)
0 0 0
83 (2,8)->(0,12)
0 0 0
84 (2,9)->(0,13)
0 0 0
85 (2,10)->(0,14)
0 0 0
86 (2,11)->(0,0)
0 0 0
87 (2,12)->(0,1)
0 0 0
88 (2,13)->(0,2)
0 0 0
89 (2,14)->(0,3)
0 0 0
90 (3,0)->(1,5)
0 0 0
91 (3,1)->(1,6)
0 0 0
92 (3,2)->(1,7)
0 0 0
93 (3,3)->(1,8)
0 1 0
94 (3,4)->(1,9)
0 1 0
95 (3,5)->(1,10)
0 1 0
96 (3,6)->(1,11)
0 1 0
97 (3,7)->(1,12)
0 1 0
98 (3,8)->(1,13)
0 1 0
99 (3,9)->(1,14)
0 1 0
100 (3,10)->(1,0)
0 1 0
101 (3,11)->(1,1)
0 1 1
102 (3,12)->(1,2)
0 1 1
103 (3,13)->(1,3)
0 1 1
104 (3,14)->(1,4)
0 1 1
105 (3,0)->(4,4)
0 0 0
106 (3,1)->(4,5)
0 0 0
107 (3,2)->(4,6)
0 0 0
108 (3,3)->(4,7)
0 0 0
109 (3,4)->(4,8)
0 0 0
110 (3,5)->(4,9)
0 0 0
111 (3,6)->(4,10)
0 0 0
112 (3,7)->(4,11)
0 0 0
113 (3,8)->(4,12)
0 0 0
114 (3,9)->(4,13)
0 0 0
115 (3,10)->(4,14)
0 0 0
116 (3,11)->(4,0)
0 0 0
117 (3,12)->(4,1)
0 0 0
118 (3,13)->(4,2)
0 0 0
119 (3,14)->(4,3)
0 0 0
120 (4,0)->(2,5)
0 0 0
121 (4,1)->(2,6)
0 0 0
122 (4,2)->(2,7)
0 0 0
123 (4,3)->(2,8)
0 0 0
124 (4,4)->(2,9)
0 0 0
125 (4,5)->(2,10)
0 0 0
126 (4,6)->(2,11)
0 0 0
127 (4,7)->(2,12)
0 0 0
128 (4,8)->(2,13)
0 0 0
129 (4,9)->(2,14)
0 0 0
130 (4,10)->(2,0)
0 0 0
131 (4,11)->(2,1)
0 0 0
132 (4,12)->(2,2)
0 0 0
133 (4,13)->(2,3)
0 0 0
134 (4,14)->(2,4)
0 0 0
135 (4,0)->(3,4)
0 0 0
136 (4,1)->(3,5)
0 0 0
137 (4,2)->(3,6)
0 0 0
138 (4,3)->(3,7)
0 0 0
139 (4,4)->(3,8)
0 0 0
140 (4,5)->(3,9)
0 0 0
141 (4,6)->(3,10)
0 0 0
142 (4,7)->(3,11)
0 0 1
143 (4,8)->(3,12)
0 0 1
144 (4,9)->(3,13)
0 0 1
145 (4,10)->(3,14)
0 0 1
146 (4,11)->(3,0)
0 0 0
147 (4,12)->(3,1)
0 0 0
148 (4,13)->(3,2)
0 0 0
149 (4,14)->(3,3)
0 0 0
19
0 (0,0)->(4,3)
0 0 0
1 (0,1)->(4,4)
0 0 0
2 (0,2)->(4,5)
0 0 0
3 (0,3)->(4,6)
0 0 0
4 (0,4)->(4,7)
0 0 0
5 (0,5)->(4,8)
0 0 0
6 (0,6)->(4,9)
0 0 0
7 (0,7)->(4,10)
0 0 0
8 (0,8)->(4,11)
0 0 0
9 (0,9)->(4,12)
0 0 0
10 (0,10)->(4,13)
0 0 0
11 (0,11)->(4,14)
0 0 0
12 (0,12)->(4,0)
0 0 0
13 (0,13)->(4,1)
0 0 0
14 (0,14)->(4,2)
0 0 0
15 (0,0)->(1,4)
0 0 0
16 (0,1)->(1,5)
0 0 0
17 (0,2)->(1,6)
0 0 0
18 (0,3)->(1,7)
0 0 0
19 (0,4)->(1,8)
0 0 0
20 (0,5)->(1,9)
0 0 0
21 (0,6)->(1,10)
0 0 0
22 (0,7)->(1,11)
0 0 0
23 (0,8)->(1,12)
0 0 0
24 (0,9)->(1,13)
0 0 0
25 (0,10)->(1,14)
0 0 0
26 (0,11)->(1,0)
0 0 0
27 (0,12)->(1,1)
0 0 0
28 (0,13)->(1,2)
0 0 0
29 (0,14)->(1,3)
0 0 0
30 (1,0)->(2,4)
0 0 0
31 (1,1)->(2,5)
0 0 0
32 (1,2)->(2,6)
0 0 0
33 (1,3)->(2,7)
0 1 0
34 (1,4)->(2,8)
0 1 0
35 (1,5)->(2,9)
0 1 0
36 (1,6)->(2,10)
0 1 0
37 (1,7)->(2,11)
0 1 0
38 (1,8)->(2,12)
0 1 0
39 (1,9)->(2,13)
0 1 0
40 (1,10)->(2,14)
0 1 0
41 (1,11)->(2,0)
0 1 1
42 (1,12)->(2,1)
0 1 1
43 (1,13)->(2,2)
0 1 1
44 (1,14)->(2,3)
0 0 0
45 (1,0)->(0,5)
0 0 0
46 (1,1)->(0,6)
0 0 0
47 (1,2)->(0,7)
0 0 0
48 (1,3)->(0,8)
0 0 0
49 (1,4)->(0,9)
0 0 0
50 (1,5)->(0,10)
0 0 0
51 (1,6)->(0,11)
0 0 0
52 (1,7)->(0,12)
0 0 0
53 (1,8)->(0,13)
0 0 0
54 (1,9)->(0,14)
0 0 0
55 (1,10)->(0,0)
0 0 0
56 (1,11)->(0,1)
0 0 0
57 (1,12)->(0,2)
0 0 0
58 (1,13)->(0,3)
0 0 0
59 (1,14)->(0,4)
0 0 0
60 (2,0)->(3,3)
0 0 0
61 (2,1)->(3,4)
0 0 0
62 (2,2)->(3,5)
0 0 0
63 (2,3)->(3,6)
0 0 0
64 (2,4)->(3,7)
0 0 0
65 (2,5)->(3,8)
0 0 0
66 (2,6)->(3,9)
0 0 0
67 (2,7)->(3,10)
0 0 0
68 (2,8)->(3,11)
0 0 0
69 (2,9)->(3,12)
0 0 0
70 (2,10)->(3,13)
0 0 0
71 (2,11)->(3,14)
0 0 0
72 (2,12)->(3,0)
0 0 0
73 (2,13)->(3,1)
0 0 0
74 (2,14)->(3,2)
0 0 0
75 (2,0)->(0,4)
0 0 0
76 (2,1)->(0,5)
0 0 0
77 (2,2)->(0,6)
0 0 0
78 (2,3)->(0,7)
0 0 0
79 (2,4)->(0,8)
0 0 0
80 (2,5)->(0,9)
0 0 0
81 (2,6)->(0,10)
0 0 0
82 (2,7)->(0,11)
0 0 0
83 (2,8)->(0,12)
0 0 0
84 (2,9)->(0,13)
0 0 0
85 (2,10)->(0,14)
0 0 0
86 (2,11)->(0,0)
0 0 0
87 (2,12)->(0,1)
0 0 0
88 (2,13)->(0,2)
0 0 0
89 (2,14)->(0,3)
0 0 0
90 (3,0)->(1,5)
0 0 0
91 (3,1)->(1,6)
0 0 0
92 (3,2)->(1,7)
0 0 0
93 (3,3)->(1,8)
0 0 0
94 (3,4)->(1,9)
0 0 0
95 (3,5)->(1,10)
0 0 0
96 (3,6)->(1,11)
0 0 1
97 (3,7)->(1,12)
0 0 1
98 (3,8)->(1,13)
0 0 1
99 (3,9)->(1,14)
0 0 0
100 (3,10)->(1,0)
0 0 0
101 (3,11)->(1,1)
0 0 0
102 (3,12)->(1,2)
0 0 0
103 (3,13)->(1,3)
0 0 0
104 (3,14)->(1,4)
0 0 0
105 (3,0)->(4,4)
0 0 0
106 (3,1)->(4,5)
0 0 0
107 (3,2)->(4,6)
0 0 0
108 (3,3)->(4,7)
0 0 0
109 (3,4)->(4,8)
0 0 0
110 (3,5)->(4,9)
0 0 0
111 (3,6)->(4,10)
0 0 0
112 (3,7)->(4,11)
0 0 0
113 (3,8)->(4,12)
0 0 0
114 (3,9)->(4,13)
0 0 0
115 (3,10)->(4,14)
0 0 0
116 (3,11)->(4,0)
0 0 0
117 (3,12)->(4,1)
0 0 0
118 (3,13)->(4,2)
0 0 0
119 (3,14)->(4,3)
0 0 0
120 (4,0)->(2,5)
0 0 0
121 (4,1)->(2,6)
0 0 0
122 (4,2)->(2,7)
1 1 1
123 (4,3)->(2,8)
1 1 1
124 (4,4)->(2,9)
1 1 1
125 (4,5)->(2,10)
1 1 1
126 (4,6)->(2,11)
1 1 1
127 (4,7)->(2,12)
1 1 1
128 (4,8)->(2,13)
1 1 1
129 (4,9)->(2,14)
1 1 1
130 (4,10)->(2,0)
1 1 1
131 (4,11)->(2,1)
1 1 1
132 (4,12)->(2,2)
1 1 1
133 (4,13)->(2,3)
0 0 0
134 (4,14)->(2,4)
0 0 0
135 (4,0)->(3,4)
0 0 0
136 (4,1)->(3,5)
0 0 0
137 (4,2)->(3,6)
1 0 1
138 (4,3)->(3,7)
1 0 1
139 (4,4)->(3,8)
1 0 1
140 (4,5)->(3,9)
1 0 0
141 (4,6)->(3,10)
1 0 0
142 (4,7)->(3,11)
1 0 0
143 (4,8)->(3,12)
1 0 0
144 (4,9)->(3,13)
1 0 0
145 (4,10)->(3,14)
1 0 0
146 (4,11)->(3,0)
1 0 0
147 (4,12)->(3,1)
1 0 0
148 (4,13)->(3,2)
0 0 0
149 (4,14)->(3,3)
0 0 0
