LP information:
0
36 16.0 38 14.0 44 7.0 
1
74 7.0 
2
1 25.0 127 25.0 
3
65 2.9999999999999982 71 14.000000000000002 
4
81 5.0 87 25.0 
5
62 4.0 65 19.0 110 4.0 114 19.0 
6
81 1.0 83 20.0 120 15.0 121 6.0 
7
139 20.0 12 20.0 
8
29 11.0 72 14.000000000000002 74 2.0 85 11.0 90 14.0 93 2.0 
9
10 6.0 14 11.0 48 6.0 52 9.0 54 2.0 
10
92 9.0 54 9.0 
11
140 19.0 
12
7 15.0 145 15.0 
13
131 9.0 
14
136 4.0 137 7.000000000000001 139 21.0 95 4.0 96 7.000000000000001 98 21.0 
15
78 15.0 80 14.0 
16
60 2.0 63 7.0 70 16.0 
17
103 16.0 
18
23 6.0 27 9.0 
19
123 4.999999999999998 125 11.0 126 14.000000000000002 

Final Solution:
0
36 33.0 44 4.0 
1
64 7.0 
2
1 4.999999999999999 129 20.0 3 20.0 126 5.0 
3
64 17.0 
4
82 26.0 84 4.0 
5
11 23.0 82 23.0 
6
84 16.0 85 5.0 122 20.0 124 1.0 
7
11 20.0 141 5.0 149 15.0 
8
29 27.0 85 27.0 
9
36 17.0 71 17.0 119 17.0 
10
85 9.0 119 9.0 124 9.0 
11
145 19.0 
12
1 15.0 141 15.0 
13
124 9.0 
14
149 32.0 97 32.0 
15
85 9.0 89 20.0 
16
64 25.0 
17
97 16.0 
18
29 15.0 
19
122 30.0 
