LP information:
0
35 6.0 44 24.0 
1
73 10.0 
2
128 1.0 4 29.0 5 1.0 127 29.0 
3
61 14.0 70 5.0 
4
88 16.0 
5
63 13.0 67 10.0 111 13.0 115 10.0 
6
134 6.0 79 6.0 81 22.0 120 22.0 
7
137 22.0 12 22.0 
8
15 14.0 18 6.0 20 1.0 69 6.0 76 1.0 86 14.0 88 6.0 102 6.0 
9
0 14.0 10 6.0 48 6.0 55 14.0 
10
91 9.0 51 9.0 
11
144 21.0 
12
2 15.0 141 15.0 
13
131 1.0 122 10.0 
14
137 27.0 96 27.0 
15
88 22.0 
16
61 7.0 63 14.0 
17
94 21.0 
18
22 1.0 23 6.0 26 9.0 
19
124 14.000000000000002 127 10.999999999999998 

Final Solution:
0
40 30.0 
1
74 10.0 
2
129 30.0 3 30.0 
3
74 19.0 
4
89 16.0 
5
13 3.0 64 20.0 84 3.0 116 20.0 
6
84 28.0 124 28.0 
7
138 22.0 13 22.0 
8
19 27.0 89 27.0 
9
13 20.0 53 20.0 
10
92 9.0 53 9.0 
11
138 16.0 142 5.0 
12
3 15.0 142 15.0 
13
124 11.0 
14
138 7.0 148 20.0 92 20.0 97 7.0 
15
84 19.0 89 3.0 
16
74 21.0 
17
92 21.0 
18
19 16.0 
19
129 20.0 124 5.0 
