Network:
75 225 410

Commodity:
11 12 7 12 11 8 6 8 7 7 5 11 8 10 6 11 12 10 11 10 

Service Arc:
0 (0,0)->(4,3)
2 3 37 38 112 20 227 121 192 224 221 157 179 155 3 3 3 3 3 3 3 3 2 3 3 3
1 (0,1)->(4,4)
4 3 65 38 112 0 227 85 161 186 230 201 207 122 3 3 2 3 3 3 3 3 2 3 3 3
2 (0,2)->(4,5)
4 3 65 38 73 0 188 85 189 186 172 190 207 102 3 3 2 3 3 3 3 2 2 3 3 2
3 (0,3)->(4,6)
5 3 65 38 45 0 176 113 210 197 150 190 168 109 3 3 2 3 3 3 3 2 2 3 3 2
4 (0,4)->(4,7)
6 3 81 38 45 0 155 129 210 149 139 190 156 109 3 3 2 3 3 3 3 2 2 3 3 2
5 (0,5)->(4,8)
5 3 60 38 45 0 155 129 196 149 150 191 135 109 3 3 2 3 2 3 3 2 3 3 3 2
6 (0,6)->(4,9)
5 3 60 38 56 22 166 107 151 119 191 192 125 90 3 3 3 3 2 3 3 3 3 3 3 2
7 (0,7)->(4,10)
5 3 60 21 56 22 146 135 134 122 201 212 136 116 3 3 3 3 2 3 3 3 3 3 3 3
8 (0,8)->(4,11)
6 3 60 49 56 42 116 165 203 95 201 201 136 163 3 3 3 3 3 3 3 3 3 3 3 3
9 (0,9)->(4,12)
5 3 30 59 56 42 102 161 203 123 181 171 106 207 3 3 3 3 3 3 3 3 3 3 3 3
10 (0,10)->(4,13)
4 3 16 55 60 42 127 113 169 117 171 154 72 203 3 3 3 3 3 3 3 3 3 3 2 3
11 (0,11)->(4,14)
4 3 37 55 67 42 104 113 155 167 190 124 97 203 3 2 3 3 3 3 3 3 3 3 2 3
12 (0,12)->(4,0)
4 3 37 55 67 42 104 134 176 195 190 124 104 203 3 2 3 3 3 3 3 3 3 3 2 3
13 (0,13)->(4,1)
3 3 37 76 67 42 104 161 224 241 221 105 104 203 3 2 3 3 3 3 3 3 3 3 2 3
14 (0,14)->(4,2)
3 3 37 76 112 42 199 143 214 251 221 158 124 193 3 3 3 3 3 3 3 3 3 3 3 3
15 (0,0)->(1,4)
3 4 37 38 50 63 227 121 192 224 169 171 117 176 3 3 3 3 3 3 3 3 3 3 3 3
16 (0,1)->(1,5)
3 4 65 38 50 47 227 85 161 186 203 197 145 165 3 3 2 3 3 3 3 3 3 3 3 3
17 (0,2)->(1,6)
3 4 65 38 50 47 188 85 189 186 214 214 145 149 3 3 2 3 3 3 3 3 3 3 3 3
18 (0,3)->(1,7)
3 4 65 38 50 75 176 113 210 197 192 230 145 156 3 3 2 3 3 3 3 3 3 3 3 3
19 (0,4)->(1,8)
4 4 81 38 50 91 155 129 210 149 181 251 161 184 3 3 2 3 3 3 3 3 3 3 3 3
20 (0,5)->(1,9)
4 4 60 38 50 91 155 129 196 149 181 224 140 200 3 3 2 3 2 3 3 3 3 3 3 3
21 (0,6)->(1,10)
2 4 60 38 50 64 166 107 151 119 182 197 130 181 3 3 3 3 2 3 3 3 3 3 3 3
22 (0,7)->(1,11)
3 4 60 21 30 64 146 135 134 122 210 197 130 158 3 3 3 3 2 3 3 3 3 3 3 3
23 (0,8)->(1,12)
3 4 60 49 30 64 116 165 203 95 210 197 110 205 3 3 3 3 3 3 3 3 3 3 3 3
24 (0,9)->(1,13)
2 4 30 59 30 64 102 161 203 123 186 119 80 229 3 3 3 3 3 3 3 3 3 3 3 3
25 (0,10)->(1,14)
1 4 16 55 30 16 127 113 169 117 155 95 46 225 3 3 3 3 3 3 3 2 3 3 2 3
26 (0,11)->(1,0)
2 4 37 55 0 16 104 113 155 167 153 65 67 177 3 2 3 3 3 3 3 2 3 3 2 3
27 (0,12)->(1,1)
2 4 37 55 0 16 104 134 176 195 153 92 37 177 3 2 3 3 3 3 3 2 3 3 1 3
28 (0,13)->(1,2)
3 4 37 76 0 43 104 161 224 241 199 95 37 177 3 2 3 3 3 3 3 3 3 3 1 3
29 (0,14)->(1,3)
3 4 37 76 50 63 199 143 214 251 199 177 57 194 3 3 3 3 3 3 3 3 3 3 2 3
30 (1,0)->(2,4)
1 4 0 16 93 11 153 65 67 177 173 152 141 99 3 2 3 3 2 3 3 3 3 3 2 3
31 (1,1)->(2,5)
1 4 0 16 93 11 153 92 37 177 139 176 160 69 3 2 3 3 1 3 3 3 3 3 2 3
32 (1,2)->(2,6)
1 4 0 43 89 11 199 95 37 177 105 226 160 96 3 3 3 3 1 3 3 2 3 3 2 3
33 (1,3)->(2,7)
4 4 50 63 89 65 199 177 57 194 126 226 251 116 3 3 3 3 2 3 3 2 3 3 3 3
34 (1,4)->(2,8)
5 4 50 63 89 65 169 171 117 176 174 256 251 148 3 3 3 3 3 3 3 2 3 3 3 3
35 (1,5)->(2,9)
6 4 50 47 137 95 203 197 145 165 164 245 251 112 3 3 3 3 3 3 3 2 3 3 3 2
36 (1,6)->(2,10)
5 4 50 47 127 84 214 214 145 149 162 235 260 142 3 3 3 3 3 3 3 3 3 3 3 2
37 (1,7)->(2,11)
4 4 50 75 105 84 192 230 145 156 161 197 222 159 3 3 3 3 3 3 3 3 3 3 3 2
38 (1,8)->(2,12)
3 4 50 91 94 84 181 251 161 184 189 186 200 175 3 3 3 3 3 3 3 3 3 3 3 2
39 (1,9)->(2,13)
3 4 50 91 94 84 181 224 140 200 210 197 189 175 3 3 3 3 3 3 3 3 3 3 3 2
40 (1,10)->(2,14)
2 4 50 64 115 95 182 197 130 181 210 204 200 170 3 3 3 3 3 3 3 3 3 3 3 3
41 (1,11)->(2,0)
3 4 30 64 115 95 210 197 130 158 226 204 201 181 3 3 3 3 3 3 3 3 3 3 3 3
42 (1,12)->(2,1)
3 4 30 64 115 95 210 197 110 205 181 174 201 201 3 3 3 3 3 3 3 3 3 3 3 3
43 (1,13)->(2,2)
2 4 30 64 91 65 186 119 80 229 154 131 201 201 3 3 3 3 3 3 3 3 3 3 3 3
44 (1,14)->(2,3)
1 4 30 16 74 41 155 95 46 225 173 105 181 123 3 2 3 3 2 3 3 3 3 3 3 3
45 (1,0)->(0,5)
1 5 0 16 60 38 153 65 67 177 155 129 196 149 3 2 3 3 2 3 3 3 2 3 2 3
46 (1,1)->(0,6)
1 5 0 16 60 38 153 92 37 177 166 107 151 119 3 2 3 3 1 3 3 3 3 3 2 3
47 (1,2)->(0,7)
1 5 0 43 60 21 199 95 37 177 146 135 134 122 3 3 3 3 1 3 3 3 3 3 2 3
48 (1,3)->(0,8)
3 5 50 63 60 49 199 177 57 194 116 165 203 95 3 3 3 3 2 3 3 3 3 3 3 3
49 (1,4)->(0,9)
4 5 50 63 30 59 169 171 117 176 102 161 203 123 3 3 3 3 3 3 3 3 3 3 3 3
50 (1,5)->(0,10)
3 5 50 47 16 55 203 197 145 165 127 113 169 117 3 3 3 3 3 3 3 3 3 3 3 3
51 (1,6)->(0,11)
2 5 50 47 37 55 214 214 145 149 104 113 155 167 3 3 3 3 3 3 3 2 3 3 3 3
52 (1,7)->(0,12)
2 5 50 75 37 55 192 230 145 156 104 134 176 195 3 3 3 3 3 3 3 2 3 3 3 3
53 (1,8)->(0,13)
3 5 50 91 37 76 181 251 161 184 104 161 224 241 3 3 3 3 3 3 3 2 3 3 3 3
54 (1,9)->(0,14)
3 5 50 91 37 76 181 224 140 200 199 143 214 251 3 3 3 3 3 3 3 3 3 3 3 3
55 (1,10)->(0,0)
1 5 50 64 37 38 182 197 130 181 227 121 192 224 3 3 3 3 3 3 3 3 3 3 3 3
56 (1,11)->(0,1)
0 5 30 64 65 38 210 197 130 158 227 85 161 186 3 3 3 3 3 3 3 3 2 3 3 3
57 (1,12)->(0,2)
0 5 30 64 65 38 210 197 110 205 188 85 189 186 3 3 3 3 3 3 3 3 2 3 3 3
58 (1,13)->(0,3)
0 5 30 64 65 38 186 119 80 229 176 113 210 197 3 3 3 3 3 3 3 3 2 3 3 3
59 (1,14)->(0,4)
1 5 30 16 81 38 155 95 46 225 155 129 210 149 3 2 3 3 2 3 3 3 2 3 3 3
60 (2,0)->(3,3)
4 3 115 95 30 71 226 204 201 181 125 162 212 208 3 3 3 3 3 3 3 3 2 3 3 3
61 (2,1)->(3,4)
4 3 115 95 30 71 181 174 201 201 115 143 212 208 3 3 3 3 3 3 3 3 2 3 3 3
62 (2,2)->(3,5)
3 3 91 65 20 52 154 131 201 201 126 159 188 178 3 3 3 3 3 3 3 3 3 3 3 3
63 (2,3)->(3,6)
4 3 74 41 20 73 173 105 181 123 106 178 206 135 3 3 3 3 3 3 3 3 3 3 3 3
64 (2,4)->(3,7)
6 3 93 11 20 92 173 152 141 99 106 212 225 104 3 3 3 3 2 3 3 3 3 3 3 3
65 (2,5)->(3,8)
6 3 93 11 20 106 139 176 160 69 86 212 225 103 3 3 3 3 2 3 3 2 3 3 3 2
66 (2,6)->(3,9)
6 3 89 11 0 106 105 226 160 96 90 164 182 117 3 2 3 3 2 3 3 2 3 3 3 2
67 (2,7)->(3,10)
8 3 89 65 0 106 126 226 251 116 67 164 134 171 3 2 3 3 3 3 3 1 3 3 2 2
68 (2,8)->(3,11)
8 3 89 65 0 106 174 256 251 148 67 143 134 171 3 2 3 3 3 3 3 1 3 3 2 2
69 (2,9)->(3,12)
9 3 137 95 0 85 164 245 251 112 87 160 182 201 3 2 3 3 3 2 3 2 3 3 2 2
70 (2,10)->(3,13)
8 3 127 84 20 75 162 235 260 142 192 180 183 191 3 3 3 3 3 2 3 3 3 3 2 3
71 (2,11)->(3,14)
7 3 105 84 30 75 161 197 222 159 192 147 181 181 3 3 3 3 3 2 3 3 3 3 3 3
72 (2,12)->(3,0)
5 3 94 84 30 64 189 186 200 175 192 111 180 201 3 3 3 3 3 2 3 3 2 3 3 3
73 (2,13)->(3,1)
5 3 94 84 30 64 210 197 189 175 153 118 180 190 3 3 3 3 3 2 3 3 2 3 3 3
74 (2,14)->(3,2)
5 3 115 95 30 71 210 204 200 170 125 146 205 201 3 3 3 3 3 3 3 3 2 3 3 3
75 (2,0)->(0,4)
5 4 115 95 81 38 226 204 201 181 155 129 210 149 3 3 3 3 3 3 3 3 2 3 3 3
76 (2,1)->(0,5)
5 4 115 95 60 38 181 174 201 201 155 129 196 149 3 3 3 3 3 3 3 3 2 3 2 3
77 (2,2)->(0,6)
4 4 91 65 60 38 154 131 201 201 166 107 151 119 3 3 3 3 3 3 3 3 3 3 2 3
78 (2,3)->(0,7)
4 4 74 41 60 21 173 105 181 123 146 135 134 122 3 3 3 3 3 3 3 3 3 3 2 3
79 (2,4)->(0,8)
5 4 93 11 60 49 173 152 141 99 116 165 203 95 3 3 3 3 2 3 3 3 3 3 3 3
80 (2,5)->(0,9)
5 4 93 11 30 59 139 176 160 69 102 161 203 123 3 3 3 3 2 3 3 3 3 3 3 3
81 (2,6)->(0,10)
4 4 89 11 16 55 105 226 160 96 127 113 169 117 3 2 3 3 2 3 3 3 3 3 3 3
82 (2,7)->(0,11)
5 4 89 65 37 55 126 226 251 116 104 113 155 167 3 2 3 3 3 3 3 2 3 3 3 3
83 (2,8)->(0,12)
6 4 89 65 37 55 174 256 251 148 104 134 176 195 3 2 3 3 3 3 3 2 3 3 3 3
84 (2,9)->(0,13)
7 4 137 95 37 76 164 245 251 112 104 161 224 241 3 2 3 3 3 2 3 2 3 3 3 3
85 (2,10)->(0,14)
7 4 127 84 37 76 162 235 260 142 199 143 214 251 3 3 3 3 3 2 3 3 3 3 3 3
86 (2,11)->(0,0)
4 4 105 84 37 38 161 197 222 159 227 121 192 224 3 3 3 3 3 2 3 3 3 3 3 3
87 (2,12)->(0,1)
4 4 94 84 65 38 189 186 200 175 227 85 161 186 3 3 3 3 3 2 3 3 2 3 3 3
88 (2,13)->(0,2)
4 4 94 84 65 38 210 197 189 175 188 85 189 186 3 3 3 3 3 2 3 3 2 3 3 3
89 (2,14)->(0,3)
5 4 115 95 65 38 210 204 200 170 176 113 210 197 3 3 3 3 3 3 3 3 2 3 3 3
90 (3,0)->(1,5)
4 5 30 64 50 47 192 111 180 201 203 197 145 165 3 3 2 3 3 3 3 3 3 3 3 3
91 (3,1)->(1,6)
3 5 30 64 50 47 153 118 180 190 214 214 145 149 3 3 2 3 3 3 3 3 3 3 3 3
92 (3,2)->(1,7)
4 5 30 71 50 75 125 146 205 201 192 230 145 156 3 3 2 3 3 3 3 3 3 3 3 3
93 (3,3)->(1,8)
5 5 30 71 50 91 125 162 212 208 181 251 161 184 3 3 2 3 3 3 3 3 3 3 3 3
94 (3,4)->(1,9)
5 5 30 71 50 91 115 143 212 208 181 224 140 200 3 3 2 3 3 3 3 3 3 3 3 3
95 (3,5)->(1,10)
2 5 20 52 50 64 126 159 188 178 182 197 130 181 3 3 3 3 3 3 3 3 3 3 3 3
96 (3,6)->(1,11)
3 5 20 73 30 64 106 178 206 135 210 197 130 158 3 3 3 3 3 3 3 3 3 3 3 3
97 (3,7)->(1,12)
3 5 20 92 30 64 106 212 225 104 210 197 110 205 3 3 3 3 3 3 3 3 3 3 3 3
98 (3,8)->(1,13)
3 5 20 106 30 64 86 212 225 103 186 119 80 229 3 2 3 3 3 2 3 3 3 3 3 3
99 (3,9)->(1,14)
1 5 0 106 30 16 90 164 182 117 155 95 46 225 3 2 3 3 3 2 3 2 3 3 2 3
100 (3,10)->(1,0)
1 5 0 106 0 16 67 164 134 171 153 65 67 177 3 1 3 3 2 2 3 2 3 3 2 3
101 (3,11)->(1,1)
2 5 0 106 0 16 67 143 134 171 153 92 37 177 3 1 3 3 2 2 3 2 3 3 1 3
102 (3,12)->(1,2)
3 5 0 85 0 43 87 160 182 201 199 95 37 177 3 2 3 3 2 2 3 3 3 3 1 3
103 (3,13)->(1,3)
5 5 20 75 50 63 192 180 183 191 199 177 57 194 3 3 3 3 2 3 3 3 3 3 2 3
104 (3,14)->(1,4)
6 5 30 75 50 63 192 147 181 181 169 171 117 176 3 3 3 3 3 3 3 3 3 3 3 3
105 (3,0)->(4,4)
1 4 30 64 112 0 192 111 180 201 230 201 207 122 3 3 2 3 3 3 3 3 2 3 3 3
106 (3,1)->(4,5)
1 4 30 64 73 0 153 118 180 190 172 190 207 102 3 3 2 3 3 3 3 2 2 3 3 2
107 (3,2)->(4,6)
0 4 30 71 45 0 125 146 205 201 150 190 168 109 3 3 2 3 3 3 3 2 2 3 3 2
108 (3,3)->(4,7)
0 4 30 71 45 0 125 162 212 208 139 190 156 109 3 3 2 3 3 3 3 2 2 3 3 2
109 (3,4)->(4,8)
0 4 30 71 45 0 115 143 212 208 150 191 135 109 3 3 2 3 3 3 3 2 3 3 3 2
110 (3,5)->(4,9)
1 4 20 52 56 22 126 159 188 178 191 192 125 90 3 3 3 3 3 3 3 3 3 3 3 2
111 (3,6)->(4,10)
1 4 20 73 56 22 106 178 206 135 201 212 136 116 3 3 3 3 3 3 3 3 3 3 3 3
112 (3,7)->(4,11)
1 4 20 92 56 42 106 212 225 104 201 201 136 163 3 3 3 3 3 3 3 3 3 3 3 3
113 (3,8)->(4,12)
1 4 20 106 56 42 86 212 225 103 181 171 106 207 3 2 3 3 3 2 3 3 3 3 3 3
114 (3,9)->(4,13)
1 4 0 106 60 42 90 164 182 117 171 154 72 203 3 2 3 3 3 2 3 3 3 3 2 3
115 (3,10)->(4,14)
2 4 0 106 67 42 67 164 134 171 190 124 97 203 3 1 3 3 2 2 3 3 3 3 2 3
116 (3,11)->(4,0)
2 4 0 106 67 42 67 143 134 171 190 124 104 203 3 1 3 3 2 2 3 3 3 3 2 3
117 (3,12)->(4,1)
2 4 0 85 67 42 87 160 182 201 221 105 104 203 3 2 3 3 2 2 3 3 3 3 2 3
118 (3,13)->(4,2)
2 4 20 75 112 42 192 180 183 191 221 158 124 193 3 3 3 3 2 3 3 3 3 3 3 3
119 (3,14)->(4,3)
2 4 30 75 112 20 192 147 181 181 221 157 179 155 3 3 3 3 3 3 3 3 2 3 3 3
120 (4,0)->(2,5)
4 5 67 42 93 11 190 124 104 203 139 176 160 69 3 3 3 3 2 3 3 3 3 3 2 3
121 (4,1)->(2,6)
3 5 67 42 89 11 221 105 104 203 105 226 160 96 3 3 3 3 2 3 3 2 3 3 2 3
122 (4,2)->(2,7)
5 5 112 42 89 65 221 158 124 193 126 226 251 116 3 3 3 3 3 3 3 2 3 3 3 3
123 (4,3)->(2,8)
6 5 112 20 89 65 221 157 179 155 174 256 251 148 3 3 2 3 3 3 3 2 3 3 3 3
124 (4,4)->(2,9)
7 5 112 0 137 95 230 201 207 122 164 245 251 112 3 3 2 3 3 3 3 2 3 3 3 2
125 (4,5)->(2,10)
6 5 73 0 127 84 172 190 207 102 162 235 260 142 3 2 2 3 3 2 3 3 3 3 3 2
126 (4,6)->(2,11)
4 5 45 0 105 84 150 190 168 109 161 197 222 159 3 2 2 3 3 2 3 3 3 3 3 2
127 (4,7)->(2,12)
4 5 45 0 94 84 139 190 156 109 189 186 200 175 3 2 2 3 3 2 3 3 3 3 3 2
128 (4,8)->(2,13)
4 5 45 0 94 84 150 191 135 109 210 197 189 175 3 2 3 3 3 2 3 3 3 3 3 2
129 (4,9)->(2,14)
4 5 56 22 115 95 191 192 125 90 210 204 200 170 3 3 3 3 3 2 3 3 3 3 3 3
130 (4,10)->(2,0)
3 5 56 22 115 95 201 212 136 116 226 204 201 181 3 3 3 3 3 3 3 3 3 3 3 3
131 (4,11)->(2,1)
4 5 56 42 115 95 201 201 136 163 181 174 201 201 3 3 3 3 3 3 3 3 3 3 3 3
132 (4,12)->(2,2)
3 5 56 42 91 65 181 171 106 207 154 131 201 201 3 3 3 3 3 3 3 3 3 3 3 3
133 (4,13)->(2,3)
3 5 60 42 74 41 171 154 72 203 173 105 181 123 3 3 3 3 2 3 3 3 3 3 3 3
134 (4,14)->(2,4)
4 5 67 42 93 11 190 124 97 203 173 152 141 99 3 3 3 3 2 3 3 3 3 3 2 3
135 (4,0)->(3,4)
4 4 67 42 30 71 190 124 104 203 115 143 212 208 3 3 3 3 2 3 3 3 2 3 3 3
136 (4,1)->(3,5)
2 4 67 42 20 52 221 105 104 203 126 159 188 178 3 3 3 3 2 3 3 3 3 3 3 3
137 (4,2)->(3,6)
4 4 112 42 20 73 221 158 124 193 106 178 206 135 3 3 3 3 3 3 3 3 3 3 3 3
138 (4,3)->(3,7)
4 4 112 20 20 92 221 157 179 155 106 212 225 104 3 3 2 3 3 3 3 3 3 3 3 3
139 (4,4)->(3,8)
6 4 112 0 20 106 230 201 207 122 86 212 225 103 3 3 2 3 3 3 3 2 3 3 3 2
140 (4,5)->(3,9)
4 4 73 0 0 106 172 190 207 102 90 164 182 117 3 2 2 3 3 2 3 2 3 3 3 2
141 (4,6)->(3,10)
5 4 45 0 0 106 150 190 168 109 67 164 134 171 3 2 2 3 3 2 3 1 3 3 2 2
142 (4,7)->(3,11)
6 4 45 0 0 106 139 190 156 109 67 143 134 171 3 2 2 3 3 2 3 1 3 3 2 2
143 (4,8)->(3,12)
5 4 45 0 0 85 150 191 135 109 87 160 182 201 3 2 3 3 3 2 3 2 3 3 2 2
144 (4,9)->(3,13)
5 4 56 22 20 75 191 192 125 90 192 180 183 191 3 3 3 3 3 2 3 3 3 3 2 3
145 (4,10)->(3,14)
5 4 56 22 30 75 201 212 136 116 192 147 181 181 3 3 3 3 3 3 3 3 3 3 3 3
146 (4,11)->(3,0)
4 4 56 42 30 64 201 201 136 163 192 111 180 201 3 3 3 3 3 3 3 3 2 3 3 3
147 (4,12)->(3,1)
3 4 56 42 30 64 181 171 106 207 153 118 180 190 3 3 3 3 3 3 3 3 2 3 3 3
148 (4,13)->(3,2)
3 4 60 42 30 71 171 154 72 203 125 146 205 201 3 3 3 3 2 3 3 3 2 3 3 3
149 (4,14)->(3,3)
4 4 67 42 30 71 190 124 97 203 125 162 212 208 3 3 3 3 2 3 3 3 2 3 3 3

Commodity k & Service arc:
0
0 (0,0)->(4,3)
0 0 0
1 (0,1)->(4,4)
0 0 0
2 (0,2)->(4,5)
0 0 0
3 (0,3)->(4,6)
0 0 0
4 (0,4)->(4,7)
0 0 0
5 (0,5)->(4,8)
0 0 0
6 (0,6)->(4,9)
0 0 0
7 (0,7)->(4,10)
0 0 0
8 (0,8)->(4,11)
0 0 1
9 (0,9)->(4,12)
0 0 1
10 (0,10)->(4,13)
0 0 1
11 (0,11)->(4,14)
0 0 0
12 (0,12)->(4,0)
0 0 0
13 (0,13)->(4,1)
0 0 0
14 (0,14)->(4,2)
0 0 0
15 (0,0)->(1,4)
0 0 0
16 (0,1)->(1,5)
0 0 0
17 (0,2)->(1,6)
0 0 0
18 (0,3)->(1,7)
0 0 0
19 (0,4)->(1,8)
0 0 0
20 (0,5)->(1,9)
0 0 0
21 (0,6)->(1,10)
0 0 0
22 (0,7)->(1,11)
0 0 0
23 (0,8)->(1,12)
0 0 0
24 (0,9)->(1,13)
0 0 0
25 (0,10)->(1,14)
0 0 0
26 (0,11)->(1,0)
0 0 0
27 (0,12)->(1,1)
0 0 0
28 (0,13)->(1,2)
0 0 0
29 (0,14)->(1,3)
0 0 0
30 (1,0)->(2,4)
0 0 0
31 (1,1)->(2,5)
0 0 0
32 (1,2)->(2,6)
0 0 0
33 (1,3)->(2,7)
1 1 1
34 (1,4)->(2,8)
1 1 1
35 (1,5)->(2,9)
1 1 1
36 (1,6)->(2,10)
1 1 1
37 (1,7)->(2,11)
1 1 1
38 (1,8)->(2,12)
1 1 1
39 (1,9)->(2,13)
1 1 1
40 (1,10)->(2,14)
1 1 1
41 (1,11)->(2,0)
1 1 1
42 (1,12)->(2,1)
1 1 1
43 (1,13)->(2,2)
1 1 1
44 (1,14)->(2,3)
1 1 1
45 (1,0)->(0,5)
0 0 0
46 (1,1)->(0,6)
0 0 0
47 (1,2)->(0,7)
0 0 0
48 (1,3)->(0,8)
1 0 1
49 (1,4)->(0,9)
1 0 1
50 (1,5)->(0,10)
1 0 1
51 (1,6)->(0,11)
1 0 0
52 (1,7)->(0,12)
1 0 0
53 (1,8)->(0,13)
1 0 0
54 (1,9)->(0,14)
1 0 0
55 (1,10)->(0,0)
1 0 0
56 (1,11)->(0,1)
1 0 0
57 (1,12)->(0,2)
1 0 0
58 (1,13)->(0,3)
1 0 0
59 (1,14)->(0,4)
1 0 0
60 (2,0)->(3,3)
0 0 0
61 (2,1)->(3,4)
0 0 0
62 (2,2)->(3,5)
0 0 0
63 (2,3)->(3,6)
0 0 0
64 (2,4)->(3,7)
0 0 0
65 (2,5)->(3,8)
0 0 0
66 (2,6)->(3,9)
0 0 0
67 (2,7)->(3,10)
0 0 0
68 (2,8)->(3,11)
0 0 0
69 (2,9)->(3,12)
0 0 0
70 (2,10)->(3,13)
0 0 0
71 (2,11)->(3,14)
0 0 0
72 (2,12)->(3,0)
0 0 0
73 (2,13)->(3,1)
0 0 0
74 (2,14)->(3,2)
0 0 0
75 (2,0)->(0,4)
0 0 0
76 (2,1)->(0,5)
0 0 0
77 (2,2)->(0,6)
0 0 0
78 (2,3)->(0,7)
0 0 0
79 (2,4)->(0,8)
0 0 0
80 (2,5)->(0,9)
0 0 0
81 (2,6)->(0,10)
0 0 0
82 (2,7)->(0,11)
0 0 0
83 (2,8)->(0,12)
0 0 0
84 (2,9)->(0,13)
0 0 0
85 (2,10)->(0,14)
0 0 0
86 (2,11)->(0,0)
0 0 0
87 (2,12)->(0,1)
0 0 0
88 (2,13)->(0,2)
0 0 0
89 (2,14)->(0,3)
0 0 0
90 (3,0)->(1,5)
0 0 0
91 (3,1)->(1,6)
0 0 0
92 (3,2)->(1,7)
0 0 0
93 (3,3)->(1,8)
0 0 0
94 (3,4)->(1,9)
0 0 0
95 (3,5)->(1,10)
0 0 0
96 (3,6)->(1,11)
0 0 0
97 (3,7)->(1,12)
0 0 0
98 (3,8)->(1,13)
0 0 0
99 (3,9)->(1,14)
0 0 0
100 (3,10)->(1,0)
0 0 0
101 (3,11)->(1,1)
0 0 0
102 (3,12)->(1,2)
0 0 0
103 (3,13)->(1,3)
0 0 0
104 (3,14)->(1,4)
0 0 0
105 (3,0)->(4,4)
0 0 0
106 (3,1)->(4,5)
0 0 0
107 (3,2)->(4,6)
0 0 0
108 (3,3)->(4,7)
0 0 0
109 (3,4)->(4,8)
0 0 0
110 (3,5)->(4,9)
0 0 0
111 (3,6)->(4,10)
0 0 0
112 (3,7)->(4,11)
0 0 0
113 (3,8)->(4,12)
0 0 0
114 (3,9)->(4,13)
0 0 0
115 (3,10)->(4,14)
0 0 0
116 (3,11)->(4,0)
0 0 0
117 (3,12)->(4,1)
0 0 0
118 (3,13)->(4,2)
0 0 0
119 (3,14)->(4,3)
0 0 0
120 (4,0)->(2,5)
0 0 0
121 (4,1)->(2,6)
0 0 0
122 (4,2)->(2,7)
0 1 0
123 (4,3)->(2,8)
0 1 0
124 (4,4)->(2,9)
0 1 0
125 (4,5)->(2,10)
0 1 0
126 (4,6)->(2,11)
0 1 0
127 (4,7)->(2,12)
0 1 0
128 (4,8)->(2,13)
0 1 0
129 (4,9)->(2,14)
0 1 0
130 (4,10)->(2,0)
0 1 0
131 (4,11)->(2,1)
0 1 1
132 (4,12)->(2,2)
0 1 1
133 (4,13)->(2,3)
0 1 1
134 (4,14)->(2,4)
0 0 0
135 (4,0)->(3,4)
0 0 0
136 (4,1)->(3,5)
0 0 0
137 (4,2)->(3,6)
0 0 0
138 (4,3)->(3,7)
0 0 0
139 (4,4)->(3,8)
0 0 0
140 (4,5)->(3,9)
0 0 0
141 (4,6)->(3,10)
0 0 0
142 (4,7)->(3,11)
0 0 0
143 (4,8)->(3,12)
0 0 0
144 (4,9)->(3,13)
0 0 0
145 (4,10)->(3,14)
0 0 0
146 (4,11)->(3,0)
0 0 0
147 (4,12)->(3,1)
0 0 0
148 (4,13)->(3,2)
0 0 0
149 (4,14)->(3,3)
0 0 0
1
0 (0,0)->(4,3)
0 0 0
1 (0,1)->(4,4)
0 0 1
2 (0,2)->(4,5)
0 0 1
3 (0,3)->(4,6)
0 0 1
4 (0,4)->(4,7)
0 0 1
5 (0,5)->(4,8)
0 0 1
6 (0,6)->(4,9)
0 0 0
7 (0,7)->(4,10)
0 0 0
8 (0,8)->(4,11)
0 0 0
9 (0,9)->(4,12)
0 0 0
10 (0,10)->(4,13)
0 0 0
11 (0,11)->(4,14)
0 0 0
12 (0,12)->(4,0)
0 0 0
13 (0,13)->(4,1)
0 0 0
14 (0,14)->(4,2)
0 0 0
15 (0,0)->(1,4)
0 0 0
16 (0,1)->(1,5)
0 0 0
17 (0,2)->(1,6)
0 0 0
18 (0,3)->(1,7)
0 0 0
19 (0,4)->(1,8)
0 0 0
20 (0,5)->(1,9)
0 0 0
21 (0,6)->(1,10)
0 0 0
22 (0,7)->(1,11)
0 0 0
23 (0,8)->(1,12)
0 0 0
24 (0,9)->(1,13)
0 0 0
25 (0,10)->(1,14)
0 0 0
26 (0,11)->(1,0)
0 0 0
27 (0,12)->(1,1)
0 0 0
28 (0,13)->(1,2)
0 0 0
29 (0,14)->(1,3)
0 0 0
30 (1,0)->(2,4)
0 0 0
31 (1,1)->(2,5)
0 0 0
32 (1,2)->(2,6)
0 0 0
33 (1,3)->(2,7)
0 0 0
34 (1,4)->(2,8)
0 0 0
35 (1,5)->(2,9)
0 0 0
36 (1,6)->(2,10)
0 0 0
37 (1,7)->(2,11)
0 0 0
38 (1,8)->(2,12)
0 0 0
39 (1,9)->(2,13)
0 0 0
40 (1,10)->(2,14)
0 0 0
41 (1,11)->(2,0)
0 0 0
42 (1,12)->(2,1)
0 0 0
43 (1,13)->(2,2)
0 0 0
44 (1,14)->(2,3)
0 0 0
45 (1,0)->(0,5)
0 0 0
46 (1,1)->(0,6)
0 0 0
47 (1,2)->(0,7)
0 0 0
48 (1,3)->(0,8)
0 0 0
49 (1,4)->(0,9)
0 0 0
50 (1,5)->(0,10)
0 0 0
51 (1,6)->(0,11)
0 0 0
52 (1,7)->(0,12)
0 0 0
53 (1,8)->(0,13)
0 0 0
54 (1,9)->(0,14)
0 0 0
55 (1,10)->(0,0)
0 0 0
56 (1,11)->(0,1)
0 0 0
57 (1,12)->(0,2)
0 0 0
58 (1,13)->(0,3)
0 0 0
59 (1,14)->(0,4)
0 0 0
60 (2,0)->(3,3)
1 1 1
61 (2,1)->(3,4)
1 1 1
62 (2,2)->(3,5)
1 1 1
63 (2,3)->(3,6)
1 1 1
64 (2,4)->(3,7)
1 1 1
65 (2,5)->(3,8)
1 1 1
66 (2,6)->(3,9)
1 1 1
67 (2,7)->(3,10)
1 1 1
68 (2,8)->(3,11)
1 1 1
69 (2,9)->(3,12)
1 1 1
70 (2,10)->(3,13)
0 0 0
71 (2,11)->(3,14)
0 0 0
72 (2,12)->(3,0)
1 1 1
73 (2,13)->(3,1)
1 1 1
74 (2,14)->(3,2)
1 1 1
75 (2,0)->(0,4)
1 0 1
76 (2,1)->(0,5)
1 0 1
77 (2,2)->(0,6)
1 0 0
78 (2,3)->(0,7)
1 0 0
79 (2,4)->(0,8)
1 0 0
80 (2,5)->(0,9)
1 0 0
81 (2,6)->(0,10)
1 0 0
82 (2,7)->(0,11)
1 0 0
83 (2,8)->(0,12)
1 0 0
84 (2,9)->(0,13)
1 0 0
85 (2,10)->(0,14)
0 0 0
86 (2,11)->(0,0)
0 0 0
87 (2,12)->(0,1)
1 0 1
88 (2,13)->(0,2)
1 0 1
89 (2,14)->(0,3)
1 0 1
90 (3,0)->(1,5)
0 0 0
91 (3,1)->(1,6)
0 0 0
92 (3,2)->(1,7)
0 0 0
93 (3,3)->(1,8)
0 0 0
94 (3,4)->(1,9)
0 0 0
95 (3,5)->(1,10)
0 0 0
96 (3,6)->(1,11)
0 0 0
97 (3,7)->(1,12)
0 0 0
98 (3,8)->(1,13)
0 0 0
99 (3,9)->(1,14)
0 0 0
100 (3,10)->(1,0)
0 0 0
101 (3,11)->(1,1)
0 0 0
102 (3,12)->(1,2)
0 0 0
103 (3,13)->(1,3)
0 0 0
104 (3,14)->(1,4)
0 0 0
105 (3,0)->(4,4)
0 0 0
106 (3,1)->(4,5)
0 0 0
107 (3,2)->(4,6)
0 0 0
108 (3,3)->(4,7)
0 0 0
109 (3,4)->(4,8)
0 0 0
110 (3,5)->(4,9)
0 0 0
111 (3,6)->(4,10)
0 0 0
112 (3,7)->(4,11)
0 0 0
113 (3,8)->(4,12)
0 0 0
114 (3,9)->(4,13)
0 0 0
115 (3,10)->(4,14)
0 0 0
116 (3,11)->(4,0)
0 0 0
117 (3,12)->(4,1)
0 0 0
118 (3,13)->(4,2)
0 0 0
119 (3,14)->(4,3)
0 0 0
120 (4,0)->(2,5)
0 0 0
121 (4,1)->(2,6)
0 0 0
122 (4,2)->(2,7)
0 0 0
123 (4,3)->(2,8)
0 0 0
124 (4,4)->(2,9)
0 0 0
125 (4,5)->(2,10)
0 0 0
126 (4,6)->(2,11)
0 0 0
127 (4,7)->(2,12)
0 0 0
128 (4,8)->(2,13)
0 0 0
129 (4,9)->(2,14)
0 0 0
130 (4,10)->(2,0)
0 0 0
131 (4,11)->(2,1)
0 0 0
132 (4,12)->(2,2)
0 0 0
133 (4,13)->(2,3)
0 0 0
134 (4,14)->(2,4)
0 0 0
135 (4,0)->(3,4)
0 1 0
136 (4,1)->(3,5)
0 1 0
137 (4,2)->(3,6)
0 1 0
138 (4,3)->(3,7)
0 1 0
139 (4,4)->(3,8)
0 1 1
140 (4,5)->(3,9)
0 1 1
141 (4,6)->(3,10)
0 1 1
142 (4,7)->(3,11)
0 1 1
143 (4,8)->(3,12)
0 1 1
144 (4,9)->(3,13)
0 0 0
145 (4,10)->(3,14)
0 0 0
146 (4,11)->(3,0)
0 1 0
147 (4,12)->(3,1)
0 1 0
148 (4,13)->(3,2)
0 1 0
149 (4,14)->(3,3)
0 1 0
2
0 (0,0)->(4,3)
0 0 0
1 (0,1)->(4,4)
1 0 1
2 (0,2)->(4,5)
1 0 1
3 (0,3)->(4,6)
1 0 1
4 (0,4)->(4,7)
1 0 1
5 (0,5)->(4,8)
1 0 1
6 (0,6)->(4,9)
1 0 1
7 (0,7)->(4,10)
1 0 1
8 (0,8)->(4,11)
1 0 1
9 (0,9)->(4,12)
0 0 0
10 (0,10)->(4,13)
0 0 0
11 (0,11)->(4,14)
0 0 0
12 (0,12)->(4,0)
0 0 0
13 (0,13)->(4,1)
0 0 0
14 (0,14)->(4,2)
0 0 0
15 (0,0)->(1,4)
0 0 0
16 (0,1)->(1,5)
1 0 1
17 (0,2)->(1,6)
1 0 1
18 (0,3)->(1,7)
1 0 1
19 (0,4)->(1,8)
1 0 1
20 (0,5)->(1,9)
1 0 1
21 (0,6)->(1,10)
1 0 1
22 (0,7)->(1,11)
1 0 1
23 (0,8)->(1,12)
1 0 1
24 (0,9)->(1,13)
0 0 0
25 (0,10)->(1,14)
0 0 0
26 (0,11)->(1,0)
0 0 0
27 (0,12)->(1,1)
0 0 0
28 (0,13)->(1,2)
0 0 0
29 (0,14)->(1,3)
0 0 0
30 (1,0)->(2,4)
0 0 0
31 (1,1)->(2,5)
0 0 0
32 (1,2)->(2,6)
0 0 0
33 (1,3)->(2,7)
0 0 0
34 (1,4)->(2,8)
0 0 0
35 (1,5)->(2,9)
0 1 1
36 (1,6)->(2,10)
0 1 1
37 (1,7)->(2,11)
0 1 1
38 (1,8)->(2,12)
0 1 1
39 (1,9)->(2,13)
0 1 1
40 (1,10)->(2,14)
0 1 1
41 (1,11)->(2,0)
0 1 1
42 (1,12)->(2,1)
0 1 1
43 (1,13)->(2,2)
0 0 0
44 (1,14)->(2,3)
0 0 0
45 (1,0)->(0,5)
0 0 0
46 (1,1)->(0,6)
0 0 0
47 (1,2)->(0,7)
0 0 0
48 (1,3)->(0,8)
0 0 0
49 (1,4)->(0,9)
0 0 0
50 (1,5)->(0,10)
0 0 0
51 (1,6)->(0,11)
0 0 0
52 (1,7)->(0,12)
0 0 0
53 (1,8)->(0,13)
0 0 0
54 (1,9)->(0,14)
0 0 0
55 (1,10)->(0,0)
0 0 0
56 (1,11)->(0,1)
0 0 0
57 (1,12)->(0,2)
0 0 0
58 (1,13)->(0,3)
0 0 0
59 (1,14)->(0,4)
0 0 0
60 (2,0)->(3,3)
0 0 0
61 (2,1)->(3,4)
0 0 0
62 (2,2)->(3,5)
0 0 0
63 (2,3)->(3,6)
0 0 0
64 (2,4)->(3,7)
0 0 0
65 (2,5)->(3,8)
0 0 0
66 (2,6)->(3,9)
0 0 0
67 (2,7)->(3,10)
0 0 0
68 (2,8)->(3,11)
0 0 0
69 (2,9)->(3,12)
0 0 0
70 (2,10)->(3,13)
0 0 0
71 (2,11)->(3,14)
0 0 0
72 (2,12)->(3,0)
0 0 0
73 (2,13)->(3,1)
0 0 0
74 (2,14)->(3,2)
0 0 0
75 (2,0)->(0,4)
0 0 0
76 (2,1)->(0,5)
0 0 0
77 (2,2)->(0,6)
0 0 0
78 (2,3)->(0,7)
0 0 0
79 (2,4)->(0,8)
0 0 0
80 (2,5)->(0,9)
0 0 0
81 (2,6)->(0,10)
0 0 0
82 (2,7)->(0,11)
0 0 0
83 (2,8)->(0,12)
0 0 0
84 (2,9)->(0,13)
0 0 0
85 (2,10)->(0,14)
0 0 0
86 (2,11)->(0,0)
0 0 0
87 (2,12)->(0,1)
0 0 0
88 (2,13)->(0,2)
0 0 0
89 (2,14)->(0,3)
0 0 0
90 (3,0)->(1,5)
0 0 0
91 (3,1)->(1,6)
0 0 0
92 (3,2)->(1,7)
0 0 0
93 (3,3)->(1,8)
0 0 0
94 (3,4)->(1,9)
0 0 0
95 (3,5)->(1,10)
0 0 0
96 (3,6)->(1,11)
0 0 0
97 (3,7)->(1,12)
0 0 0
98 (3,8)->(1,13)
0 0 0
99 (3,9)->(1,14)
0 0 0
100 (3,10)->(1,0)
0 0 0
101 (3,11)->(1,1)
0 0 0
102 (3,12)->(1,2)
0 0 0
103 (3,13)->(1,3)
0 0 0
104 (3,14)->(1,4)
0 0 0
105 (3,0)->(4,4)
0 0 0
106 (3,1)->(4,5)
0 0 0
107 (3,2)->(4,6)
0 0 0
108 (3,3)->(4,7)
0 0 0
109 (3,4)->(4,8)
0 0 0
110 (3,5)->(4,9)
0 0 0
111 (3,6)->(4,10)
0 0 0
112 (3,7)->(4,11)
0 0 0
113 (3,8)->(4,12)
0 0 0
114 (3,9)->(4,13)
0 0 0
115 (3,10)->(4,14)
0 0 0
116 (3,11)->(4,0)
0 0 0
117 (3,12)->(4,1)
0 0 0
118 (3,13)->(4,2)
0 0 0
119 (3,14)->(4,3)
0 0 0
120 (4,0)->(2,5)
0 0 0
121 (4,1)->(2,6)
0 0 0
122 (4,2)->(2,7)
0 0 0
123 (4,3)->(2,8)
0 0 0
124 (4,4)->(2,9)
0 1 1
125 (4,5)->(2,10)
0 1 1
126 (4,6)->(2,11)
0 1 1
127 (4,7)->(2,12)
0 1 1
128 (4,8)->(2,13)
0 1 1
129 (4,9)->(2,14)
0 1 1
130 (4,10)->(2,0)
0 1 1
131 (4,11)->(2,1)
0 1 1
132 (4,12)->(2,2)
0 0 0
133 (4,13)->(2,3)
0 0 0
134 (4,14)->(2,4)
0 0 0
135 (4,0)->(3,4)
0 0 0
136 (4,1)->(3,5)
0 0 0
137 (4,2)->(3,6)
0 0 0
138 (4,3)->(3,7)
0 0 0
139 (4,4)->(3,8)
0 0 0
140 (4,5)->(3,9)
0 0 0
141 (4,6)->(3,10)
0 0 0
142 (4,7)->(3,11)
0 0 0
143 (4,8)->(3,12)
0 0 0
144 (4,9)->(3,13)
0 0 0
145 (4,10)->(3,14)
0 0 0
146 (4,11)->(3,0)
0 0 0
147 (4,12)->(3,1)
0 0 0
148 (4,13)->(3,2)
0 0 0
149 (4,14)->(3,3)
0 0 0
3
0 (0,0)->(4,3)
0 0 0
1 (0,1)->(4,4)
0 0 0
2 (0,2)->(4,5)
0 0 0
3 (0,3)->(4,6)
0 0 0
4 (0,4)->(4,7)
0 0 0
5 (0,5)->(4,8)
0 0 0
6 (0,6)->(4,9)
0 0 0
7 (0,7)->(4,10)
0 0 0
8 (0,8)->(4,11)
0 0 1
9 (0,9)->(4,12)
0 0 1
10 (0,10)->(4,13)
0 0 1
11 (0,11)->(4,14)
0 0 1
12 (0,12)->(4,0)
0 0 1
13 (0,13)->(4,1)
0 0 0
14 (0,14)->(4,2)
0 0 0
15 (0,0)->(1,4)
0 0 0
16 (0,1)->(1,5)
0 0 0
17 (0,2)->(1,6)
0 0 0
18 (0,3)->(1,7)
0 0 0
19 (0,4)->(1,8)
0 0 0
20 (0,5)->(1,9)
0 0 0
21 (0,6)->(1,10)
0 0 0
22 (0,7)->(1,11)
0 0 0
23 (0,8)->(1,12)
0 0 0
24 (0,9)->(1,13)
0 0 0
25 (0,10)->(1,14)
0 0 0
26 (0,11)->(1,0)
0 0 0
27 (0,12)->(1,1)
0 0 0
28 (0,13)->(1,2)
0 0 0
29 (0,14)->(1,3)
0 0 0
30 (1,0)->(2,4)
0 0 0
31 (1,1)->(2,5)
0 0 0
32 (1,2)->(2,6)
0 0 0
33 (1,3)->(2,7)
0 0 0
34 (1,4)->(2,8)
0 0 0
35 (1,5)->(2,9)
0 0 0
36 (1,6)->(2,10)
0 0 0
37 (1,7)->(2,11)
0 0 0
38 (1,8)->(2,12)
0 0 0
39 (1,9)->(2,13)
0 0 0
40 (1,10)->(2,14)
0 0 0
41 (1,11)->(2,0)
0 0 0
42 (1,12)->(2,1)
0 0 0
43 (1,13)->(2,2)
0 0 0
44 (1,14)->(2,3)
0 0 0
45 (1,0)->(0,5)
0 0 0
46 (1,1)->(0,6)
0 0 0
47 (1,2)->(0,7)
0 0 0
48 (1,3)->(0,8)
0 0 0
49 (1,4)->(0,9)
0 0 0
50 (1,5)->(0,10)
0 0 0
51 (1,6)->(0,11)
0 0 0
52 (1,7)->(0,12)
0 0 0
53 (1,8)->(0,13)
0 0 0
54 (1,9)->(0,14)
0 0 0
55 (1,10)->(0,0)
0 0 0
56 (1,11)->(0,1)
0 0 0
57 (1,12)->(0,2)
0 0 0
58 (1,13)->(0,3)
0 0 0
59 (1,14)->(0,4)
0 0 0
60 (2,0)->(3,3)
1 1 1
61 (2,1)->(3,4)
1 1 1
62 (2,2)->(3,5)
0 0 0
63 (2,3)->(3,6)
0 0 0
64 (2,4)->(3,7)
1 1 1
65 (2,5)->(3,8)
1 1 1
66 (2,6)->(3,9)
1 1 1
67 (2,7)->(3,10)
1 1 1
68 (2,8)->(3,11)
1 1 1
69 (2,9)->(3,12)
1 1 1
70 (2,10)->(3,13)
1 1 1
71 (2,11)->(3,14)
1 1 1
72 (2,12)->(3,0)
1 1 1
73 (2,13)->(3,1)
1 1 1
74 (2,14)->(3,2)
1 1 1
75 (2,0)->(0,4)
1 0 0
76 (2,1)->(0,5)
1 0 0
77 (2,2)->(0,6)
0 0 0
78 (2,3)->(0,7)
0 0 0
79 (2,4)->(0,8)
1 0 1
80 (2,5)->(0,9)
1 0 1
81 (2,6)->(0,10)
1 0 1
82 (2,7)->(0,11)
1 0 1
83 (2,8)->(0,12)
1 0 1
84 (2,9)->(0,13)
1 0 0
85 (2,10)->(0,14)
1 0 0
86 (2,11)->(0,0)
1 0 0
87 (2,12)->(0,1)
1 0 0
88 (2,13)->(0,2)
1 0 0
89 (2,14)->(0,3)
1 0 0
90 (3,0)->(1,5)
0 0 0
91 (3,1)->(1,6)
0 0 0
92 (3,2)->(1,7)
0 0 0
93 (3,3)->(1,8)
0 0 0
94 (3,4)->(1,9)
0 0 0
95 (3,5)->(1,10)
0 0 0
96 (3,6)->(1,11)
0 0 0
97 (3,7)->(1,12)
0 0 0
98 (3,8)->(1,13)
0 0 0
99 (3,9)->(1,14)
0 0 0
100 (3,10)->(1,0)
0 0 0
101 (3,11)->(1,1)
0 0 0
102 (3,12)->(1,2)
0 0 0
103 (3,13)->(1,3)
0 0 0
104 (3,14)->(1,4)
0 0 0
105 (3,0)->(4,4)
0 0 0
106 (3,1)->(4,5)
0 0 0
107 (3,2)->(4,6)
0 0 0
108 (3,3)->(4,7)
0 0 0
109 (3,4)->(4,8)
0 0 0
110 (3,5)->(4,9)
0 0 0
111 (3,6)->(4,10)
0 0 0
112 (3,7)->(4,11)
0 0 0
113 (3,8)->(4,12)
0 0 0
114 (3,9)->(4,13)
0 0 0
115 (3,10)->(4,14)
0 0 0
116 (3,11)->(4,0)
0 0 0
117 (3,12)->(4,1)
0 0 0
118 (3,13)->(4,2)
0 0 0
119 (3,14)->(4,3)
0 0 0
120 (4,0)->(2,5)
0 0 0
121 (4,1)->(2,6)
0 0 0
122 (4,2)->(2,7)
0 0 0
123 (4,3)->(2,8)
0 0 0
124 (4,4)->(2,9)
0 0 0
125 (4,5)->(2,10)
0 0 0
126 (4,6)->(2,11)
0 0 0
127 (4,7)->(2,12)
0 0 0
128 (4,8)->(2,13)
0 0 0
129 (4,9)->(2,14)
0 0 0
130 (4,10)->(2,0)
0 0 0
131 (4,11)->(2,1)
0 0 0
132 (4,12)->(2,2)
0 0 0
133 (4,13)->(2,3)
0 0 0
134 (4,14)->(2,4)
0 0 0
135 (4,0)->(3,4)
0 1 1
136 (4,1)->(3,5)
0 0 0
137 (4,2)->(3,6)
0 0 0
138 (4,3)->(3,7)
0 1 0
139 (4,4)->(3,8)
0 1 0
140 (4,5)->(3,9)
0 1 0
141 (4,6)->(3,10)
0 1 0
142 (4,7)->(3,11)
0 1 0
143 (4,8)->(3,12)
0 1 0
144 (4,9)->(3,13)
0 1 0
145 (4,10)->(3,14)
0 1 0
146 (4,11)->(3,0)
0 1 1
147 (4,12)->(3,1)
0 1 1
148 (4,13)->(3,2)
0 1 1
149 (4,14)->(3,3)
0 1 1
4
0 (0,0)->(4,3)
0 0 0
1 (0,1)->(4,4)
0 0 0
2 (0,2)->(4,5)
0 0 0
3 (0,3)->(4,6)
0 0 0
4 (0,4)->(4,7)
0 0 0
5 (0,5)->(4,8)
0 0 0
6 (0,6)->(4,9)
0 0 0
7 (0,7)->(4,10)
0 0 0
8 (0,8)->(4,11)
0 0 0
9 (0,9)->(4,12)
0 0 0
10 (0,10)->(4,13)
0 0 0
11 (0,11)->(4,14)
0 0 0
12 (0,12)->(4,0)
0 0 0
13 (0,13)->(4,1)
0 0 0
14 (0,14)->(4,2)
0 0 0
15 (0,0)->(1,4)
0 0 0
16 (0,1)->(1,5)
0 0 0
17 (0,2)->(1,6)
0 0 0
18 (0,3)->(1,7)
0 0 0
19 (0,4)->(1,8)
0 0 0
20 (0,5)->(1,9)
0 0 0
21 (0,6)->(1,10)
0 0 0
22 (0,7)->(1,11)
0 0 0
23 (0,8)->(1,12)
0 0 0
24 (0,9)->(1,13)
0 0 0
25 (0,10)->(1,14)
0 0 0
26 (0,11)->(1,0)
0 0 0
27 (0,12)->(1,1)
0 0 0
28 (0,13)->(1,2)
0 0 0
29 (0,14)->(1,3)
0 0 0
30 (1,0)->(2,4)
0 0 0
31 (1,1)->(2,5)
0 0 0
32 (1,2)->(2,6)
0 0 0
33 (1,3)->(2,7)
0 0 0
34 (1,4)->(2,8)
0 0 0
35 (1,5)->(2,9)
0 0 0
36 (1,6)->(2,10)
0 0 0
37 (1,7)->(2,11)
0 0 0
38 (1,8)->(2,12)
0 0 0
39 (1,9)->(2,13)
0 0 0
40 (1,10)->(2,14)
0 0 0
41 (1,11)->(2,0)
0 0 0
42 (1,12)->(2,1)
0 0 0
43 (1,13)->(2,2)
0 0 0
44 (1,14)->(2,3)
0 0 0
45 (1,0)->(0,5)
0 1 1
46 (1,1)->(0,6)
0 1 1
47 (1,2)->(0,7)
0 0 0
48 (1,3)->(0,8)
0 0 0
49 (1,4)->(0,9)
0 0 0
50 (1,5)->(0,10)
0 1 0
51 (1,6)->(0,11)
0 1 0
52 (1,7)->(0,12)
0 1 0
53 (1,8)->(0,13)
0 1 0
54 (1,9)->(0,14)
0 1 0
55 (1,10)->(0,0)
0 1 0
56 (1,11)->(0,1)
0 1 0
57 (1,12)->(0,2)
0 1 0
58 (1,13)->(0,3)
0 1 0
59 (1,14)->(0,4)
0 1 1
60 (2,0)->(3,3)
1 0 0
61 (2,1)->(3,4)
1 0 0
62 (2,2)->(3,5)
1 0 0
63 (2,3)->(3,6)
0 0 0
64 (2,4)->(3,7)
0 0 0
65 (2,5)->(3,8)
0 0 0
66 (2,6)->(3,9)
1 0 1
67 (2,7)->(3,10)
1 0 1
68 (2,8)->(3,11)
1 0 1
69 (2,9)->(3,12)
1 0 0
70 (2,10)->(3,13)
1 0 0
71 (2,11)->(3,14)
1 0 0
72 (2,12)->(3,0)
1 0 0
73 (2,13)->(3,1)
1 0 0
74 (2,14)->(3,2)
1 0 0
75 (2,0)->(0,4)
1 1 1
76 (2,1)->(0,5)
1 1 1
77 (2,2)->(0,6)
1 1 1
78 (2,3)->(0,7)
0 0 0
79 (2,4)->(0,8)
0 0 0
80 (2,5)->(0,9)
0 0 0
81 (2,6)->(0,10)
1 1 1
82 (2,7)->(0,11)
1 1 1
83 (2,8)->(0,12)
1 1 1
84 (2,9)->(0,13)
1 1 1
85 (2,10)->(0,14)
1 1 1
86 (2,11)->(0,0)
1 1 1
87 (2,12)->(0,1)
1 1 1
88 (2,13)->(0,2)
1 1 1
89 (2,14)->(0,3)
1 1 1
90 (3,0)->(1,5)
0 0 0
91 (3,1)->(1,6)
0 0 0
92 (3,2)->(1,7)
0 0 0
93 (3,3)->(1,8)
0 0 0
94 (3,4)->(1,9)
0 0 0
95 (3,5)->(1,10)
0 0 0
96 (3,6)->(1,11)
0 0 0
97 (3,7)->(1,12)
0 0 0
98 (3,8)->(1,13)
0 0 0
99 (3,9)->(1,14)
0 0 1
100 (3,10)->(1,0)
0 0 1
101 (3,11)->(1,1)
0 0 1
102 (3,12)->(1,2)
0 0 0
103 (3,13)->(1,3)
0 0 0
104 (3,14)->(1,4)
0 0 0
105 (3,0)->(4,4)
0 0 0
106 (3,1)->(4,5)
0 0 0
107 (3,2)->(4,6)
0 0 0
108 (3,3)->(4,7)
0 0 0
109 (3,4)->(4,8)
0 0 0
110 (3,5)->(4,9)
0 0 0
111 (3,6)->(4,10)
0 0 0
112 (3,7)->(4,11)
0 0 0
113 (3,8)->(4,12)
0 0 0
114 (3,9)->(4,13)
0 0 0
115 (3,10)->(4,14)
0 0 0
116 (3,11)->(4,0)
0 0 0
117 (3,12)->(4,1)
0 0 0
118 (3,13)->(4,2)
0 0 0
119 (3,14)->(4,3)
0 0 0
120 (4,0)->(2,5)
0 0 0
121 (4,1)->(2,6)
0 0 0
122 (4,2)->(2,7)
0 0 0
123 (4,3)->(2,8)
0 0 0
124 (4,4)->(2,9)
0 0 0
125 (4,5)->(2,10)
0 0 0
126 (4,6)->(2,11)
0 0 0
127 (4,7)->(2,12)
0 0 0
128 (4,8)->(2,13)
0 0 0
129 (4,9)->(2,14)
0 0 0
130 (4,10)->(2,0)
0 0 0
131 (4,11)->(2,1)
0 0 0
132 (4,12)->(2,2)
0 0 0
133 (4,13)->(2,3)
0 0 0
134 (4,14)->(2,4)
0 0 0
135 (4,0)->(3,4)
0 0 0
136 (4,1)->(3,5)
0 0 0
137 (4,2)->(3,6)
0 0 0
138 (4,3)->(3,7)
0 0 0
139 (4,4)->(3,8)
0 0 0
140 (4,5)->(3,9)
0 0 0
141 (4,6)->(3,10)
0 0 0
142 (4,7)->(3,11)
0 0 0
143 (4,8)->(3,12)
0 0 0
144 (4,9)->(3,13)
0 0 0
145 (4,10)->(3,14)
0 0 0
146 (4,11)->(3,0)
0 0 0
147 (4,12)->(3,1)
0 0 0
148 (4,13)->(3,2)
0 0 0
149 (4,14)->(3,3)
0 0 0
5
0 (0,0)->(4,3)
0 0 0
1 (0,1)->(4,4)
0 0 0
2 (0,2)->(4,5)
0 0 0
3 (0,3)->(4,6)
0 0 0
4 (0,4)->(4,7)
0 0 0
5 (0,5)->(4,8)
0 0 0
6 (0,6)->(4,9)
0 1 1
7 (0,7)->(4,10)
0 1 1
8 (0,8)->(4,11)
0 1 1
9 (0,9)->(4,12)
0 1 1
10 (0,10)->(4,13)
0 1 1
11 (0,11)->(4,14)
0 1 1
12 (0,12)->(4,0)
0 1 1
13 (0,13)->(4,1)
0 1 1
14 (0,14)->(4,2)
0 1 1
15 (0,0)->(1,4)
0 0 0
16 (0,1)->(1,5)
0 0 0
17 (0,2)->(1,6)
0 0 0
18 (0,3)->(1,7)
0 0 0
19 (0,4)->(1,8)
0 0 0
20 (0,5)->(1,9)
0 0 0
21 (0,6)->(1,10)
0 0 0
22 (0,7)->(1,11)
0 0 0
23 (0,8)->(1,12)
0 0 0
24 (0,9)->(1,13)
0 0 0
25 (0,10)->(1,14)
0 0 0
26 (0,11)->(1,0)
0 0 0
27 (0,12)->(1,1)
0 0 0
28 (0,13)->(1,2)
0 0 0
29 (0,14)->(1,3)
0 0 0
30 (1,0)->(2,4)
0 0 0
31 (1,1)->(2,5)
0 0 0
32 (1,2)->(2,6)
0 0 0
33 (1,3)->(2,7)
0 0 0
34 (1,4)->(2,8)
0 0 0
35 (1,5)->(2,9)
0 0 0
36 (1,6)->(2,10)
0 0 0
37 (1,7)->(2,11)
0 0 0
38 (1,8)->(2,12)
0 0 0
39 (1,9)->(2,13)
0 0 0
40 (1,10)->(2,14)
0 0 0
41 (1,11)->(2,0)
0 0 0
42 (1,12)->(2,1)
0 0 0
43 (1,13)->(2,2)
0 0 0
44 (1,14)->(2,3)
0 0 0
45 (1,0)->(0,5)
0 0 0
46 (1,1)->(0,6)
0 0 0
47 (1,2)->(0,7)
0 0 0
48 (1,3)->(0,8)
0 0 0
49 (1,4)->(0,9)
0 0 0
50 (1,5)->(0,10)
0 0 0
51 (1,6)->(0,11)
0 0 0
52 (1,7)->(0,12)
0 0 0
53 (1,8)->(0,13)
0 0 0
54 (1,9)->(0,14)
0 0 0
55 (1,10)->(0,0)
0 0 0
56 (1,11)->(0,1)
0 0 0
57 (1,12)->(0,2)
0 0 0
58 (1,13)->(0,3)
0 0 0
59 (1,14)->(0,4)
0 0 0
60 (2,0)->(3,3)
0 0 0
61 (2,1)->(3,4)
0 0 0
62 (2,2)->(3,5)
1 0 1
63 (2,3)->(3,6)
1 0 1
64 (2,4)->(3,7)
1 0 1
65 (2,5)->(3,8)
1 0 1
66 (2,6)->(3,9)
1 0 1
67 (2,7)->(3,10)
1 0 1
68 (2,8)->(3,11)
1 0 1
69 (2,9)->(3,12)
1 0 1
70 (2,10)->(3,13)
1 0 1
71 (2,11)->(3,14)
0 0 0
72 (2,12)->(3,0)
0 0 0
73 (2,13)->(3,1)
0 0 0
74 (2,14)->(3,2)
0 0 0
75 (2,0)->(0,4)
0 0 0
76 (2,1)->(0,5)
0 0 0
77 (2,2)->(0,6)
1 0 1
78 (2,3)->(0,7)
1 0 1
79 (2,4)->(0,8)
1 0 1
80 (2,5)->(0,9)
1 0 1
81 (2,6)->(0,10)
1 0 1
82 (2,7)->(0,11)
1 0 1
83 (2,8)->(0,12)
1 0 1
84 (2,9)->(0,13)
1 0 1
85 (2,10)->(0,14)
1 0 1
86 (2,11)->(0,0)
0 0 0
87 (2,12)->(0,1)
0 0 0
88 (2,13)->(0,2)
0 0 0
89 (2,14)->(0,3)
0 0 0
90 (3,0)->(1,5)
0 0 0
91 (3,1)->(1,6)
0 0 0
92 (3,2)->(1,7)
0 0 0
93 (3,3)->(1,8)
0 0 0
94 (3,4)->(1,9)
0 0 0
95 (3,5)->(1,10)
0 0 0
96 (3,6)->(1,11)
0 0 0
97 (3,7)->(1,12)
0 0 0
98 (3,8)->(1,13)
0 0 0
99 (3,9)->(1,14)
0 0 0
100 (3,10)->(1,0)
0 0 0
101 (3,11)->(1,1)
0 0 0
102 (3,12)->(1,2)
0 0 0
103 (3,13)->(1,3)
0 0 0
104 (3,14)->(1,4)
0 0 0
105 (3,0)->(4,4)
0 0 0
106 (3,1)->(4,5)
0 0 0
107 (3,2)->(4,6)
0 0 0
108 (3,3)->(4,7)
0 0 0
109 (3,4)->(4,8)
0 0 0
110 (3,5)->(4,9)
0 1 1
111 (3,6)->(4,10)
0 1 1
112 (3,7)->(4,11)
0 1 1
113 (3,8)->(4,12)
0 1 1
114 (3,9)->(4,13)
0 1 1
115 (3,10)->(4,14)
0 1 1
116 (3,11)->(4,0)
0 1 1
117 (3,12)->(4,1)
0 1 1
118 (3,13)->(4,2)
0 1 1
119 (3,14)->(4,3)
0 0 0
120 (4,0)->(2,5)
0 0 0
121 (4,1)->(2,6)
0 0 0
122 (4,2)->(2,7)
0 0 0
123 (4,3)->(2,8)
0 0 0
124 (4,4)->(2,9)
0 0 0
125 (4,5)->(2,10)
0 0 0
126 (4,6)->(2,11)
0 0 0
127 (4,7)->(2,12)
0 0 0
128 (4,8)->(2,13)
0 0 0
129 (4,9)->(2,14)
0 0 0
130 (4,10)->(2,0)
0 0 0
131 (4,11)->(2,1)
0 0 0
132 (4,12)->(2,2)
0 0 0
133 (4,13)->(2,3)
0 0 0
134 (4,14)->(2,4)
0 0 0
135 (4,0)->(3,4)
0 0 0
136 (4,1)->(3,5)
0 0 0
137 (4,2)->(3,6)
0 0 0
138 (4,3)->(3,7)
0 0 0
139 (4,4)->(3,8)
0 0 0
140 (4,5)->(3,9)
0 0 0
141 (4,6)->(3,10)
0 0 0
142 (4,7)->(3,11)
0 0 0
143 (4,8)->(3,12)
0 0 0
144 (4,9)->(3,13)
0 0 0
145 (4,10)->(3,14)
0 0 0
146 (4,11)->(3,0)
0 0 0
147 (4,12)->(3,1)
0 0 0
148 (4,13)->(3,2)
0 0 0
149 (4,14)->(3,3)
0 0 0
6
0 (0,0)->(4,3)
0 0 0
1 (0,1)->(4,4)
0 0 0
2 (0,2)->(4,5)
0 0 0
3 (0,3)->(4,6)
0 0 0
4 (0,4)->(4,7)
0 0 0
5 (0,5)->(4,8)
0 0 0
6 (0,6)->(4,9)
0 0 0
7 (0,7)->(4,10)
0 0 0
8 (0,8)->(4,11)
0 0 0
9 (0,9)->(4,12)
0 0 0
10 (0,10)->(4,13)
0 0 0
11 (0,11)->(4,14)
0 0 0
12 (0,12)->(4,0)
0 0 0
13 (0,13)->(4,1)
0 0 0
14 (0,14)->(4,2)
0 0 0
15 (0,0)->(1,4)
0 0 0
16 (0,1)->(1,5)
0 0 0
17 (0,2)->(1,6)
0 0 0
18 (0,3)->(1,7)
0 0 0
19 (0,4)->(1,8)
0 0 0
20 (0,5)->(1,9)
0 0 0
21 (0,6)->(1,10)
0 0 0
22 (0,7)->(1,11)
0 0 0
23 (0,8)->(1,12)
0 0 0
24 (0,9)->(1,13)
0 0 0
25 (0,10)->(1,14)
0 0 0
26 (0,11)->(1,0)
0 0 0
27 (0,12)->(1,1)
0 0 0
28 (0,13)->(1,2)
0 0 0
29 (0,14)->(1,3)
0 0 0
30 (1,0)->(2,4)
0 0 0
31 (1,1)->(2,5)
0 0 0
32 (1,2)->(2,6)
0 0 0
33 (1,3)->(2,7)
0 0 0
34 (1,4)->(2,8)
0 0 0
35 (1,5)->(2,9)
0 0 0
36 (1,6)->(2,10)
0 0 0
37 (1,7)->(2,11)
0 0 0
38 (1,8)->(2,12)
0 0 0
39 (1,9)->(2,13)
0 0 0
40 (1,10)->(2,14)
0 0 0
41 (1,11)->(2,0)
0 0 0
42 (1,12)->(2,1)
0 0 0
43 (1,13)->(2,2)
0 0 0
44 (1,14)->(2,3)
0 0 0
45 (1,0)->(0,5)
0 0 0
46 (1,1)->(0,6)
0 0 0
47 (1,2)->(0,7)
0 0 0
48 (1,3)->(0,8)
0 1 0
49 (1,4)->(0,9)
0 1 0
50 (1,5)->(0,10)
0 1 0
51 (1,6)->(0,11)
0 1 0
52 (1,7)->(0,12)
0 1 0
53 (1,8)->(0,13)
0 1 1
54 (1,9)->(0,14)
0 1 1
55 (1,10)->(0,0)
0 0 0
56 (1,11)->(0,1)
0 0 0
57 (1,12)->(0,2)
0 0 0
58 (1,13)->(0,3)
0 0 0
59 (1,14)->(0,4)
0 0 0
60 (2,0)->(3,3)
0 0 0
61 (2,1)->(3,4)
0 0 0
62 (2,2)->(3,5)
0 0 0
63 (2,3)->(3,6)
0 0 0
64 (2,4)->(3,7)
0 0 0
65 (2,5)->(3,8)
0 0 0
66 (2,6)->(3,9)
0 0 0
67 (2,7)->(3,10)
0 0 0
68 (2,8)->(3,11)
0 0 0
69 (2,9)->(3,12)
0 0 0
70 (2,10)->(3,13)
0 0 0
71 (2,11)->(3,14)
0 0 0
72 (2,12)->(3,0)
0 0 0
73 (2,13)->(3,1)
0 0 0
74 (2,14)->(3,2)
0 0 0
75 (2,0)->(0,4)
0 0 0
76 (2,1)->(0,5)
0 0 0
77 (2,2)->(0,6)
0 0 0
78 (2,3)->(0,7)
0 0 0
79 (2,4)->(0,8)
0 1 1
80 (2,5)->(0,9)
0 1 1
81 (2,6)->(0,10)
0 1 1
82 (2,7)->(0,11)
0 1 1
83 (2,8)->(0,12)
0 1 1
84 (2,9)->(0,13)
0 1 1
85 (2,10)->(0,14)
0 1 1
86 (2,11)->(0,0)
0 0 0
87 (2,12)->(0,1)
0 0 0
88 (2,13)->(0,2)
0 0 0
89 (2,14)->(0,3)
0 0 0
90 (3,0)->(1,5)
0 0 0
91 (3,1)->(1,6)
0 0 0
92 (3,2)->(1,7)
0 0 0
93 (3,3)->(1,8)
0 0 1
94 (3,4)->(1,9)
0 0 1
95 (3,5)->(1,10)
0 0 0
96 (3,6)->(1,11)
0 0 0
97 (3,7)->(1,12)
0 0 0
98 (3,8)->(1,13)
0 0 0
99 (3,9)->(1,14)
0 0 0
100 (3,10)->(1,0)
0 0 0
101 (3,11)->(1,1)
0 0 0
102 (3,12)->(1,2)
0 0 0
103 (3,13)->(1,3)
0 0 0
104 (3,14)->(1,4)
0 0 0
105 (3,0)->(4,4)
0 0 0
106 (3,1)->(4,5)
0 0 0
107 (3,2)->(4,6)
0 0 0
108 (3,3)->(4,7)
0 0 0
109 (3,4)->(4,8)
0 0 0
110 (3,5)->(4,9)
0 0 0
111 (3,6)->(4,10)
0 0 0
112 (3,7)->(4,11)
0 0 0
113 (3,8)->(4,12)
0 0 0
114 (3,9)->(4,13)
0 0 0
115 (3,10)->(4,14)
0 0 0
116 (3,11)->(4,0)
0 0 0
117 (3,12)->(4,1)
0 0 0
118 (3,13)->(4,2)
0 0 0
119 (3,14)->(4,3)
0 0 0
120 (4,0)->(2,5)
1 0 1
121 (4,1)->(2,6)
1 0 1
122 (4,2)->(2,7)
1 0 1
123 (4,3)->(2,8)
1 0 1
124 (4,4)->(2,9)
1 0 1
125 (4,5)->(2,10)
1 0 1
126 (4,6)->(2,11)
0 0 0
127 (4,7)->(2,12)
0 0 0
128 (4,8)->(2,13)
0 0 0
129 (4,9)->(2,14)
0 0 0
130 (4,10)->(2,0)
0 0 0
131 (4,11)->(2,1)
0 0 0
132 (4,12)->(2,2)
0 0 0
133 (4,13)->(2,3)
0 0 0
134 (4,14)->(2,4)
1 0 1
135 (4,0)->(3,4)
1 0 1
136 (4,1)->(3,5)
1 0 0
137 (4,2)->(3,6)
1 0 0
138 (4,3)->(3,7)
1 0 0
139 (4,4)->(3,8)
1 0 0
140 (4,5)->(3,9)
1 0 0
141 (4,6)->(3,10)
0 0 0
142 (4,7)->(3,11)
0 0 0
143 (4,8)->(3,12)
0 0 0
144 (4,9)->(3,13)
0 0 0
145 (4,10)->(3,14)
0 0 0
146 (4,11)->(3,0)
0 0 0
147 (4,12)->(3,1)
0 0 0
148 (4,13)->(3,2)
0 0 0
149 (4,14)->(3,3)
1 0 1
7
0 (0,0)->(4,3)
1 0 2
1 (0,1)->(4,4)
1 0 1
2 (0,2)->(4,5)
1 0 1
3 (0,3)->(4,6)
1 0 1
4 (0,4)->(4,7)
1 0 1
5 (0,5)->(4,8)
0 0 0
6 (0,6)->(4,9)
0 0 0
7 (0,7)->(4,10)
0 0 0
8 (0,8)->(4,11)
0 0 0
9 (0,9)->(4,12)
0 0 0
10 (0,10)->(4,13)
0 0 0
11 (0,11)->(4,14)
1 0 2
12 (0,12)->(4,0)
1 0 2
13 (0,13)->(4,1)
1 0 2
14 (0,14)->(4,2)
1 0 2
15 (0,0)->(1,4)
1 0 1
16 (0,1)->(1,5)
1 0 0
17 (0,2)->(1,6)
1 0 0
18 (0,3)->(1,7)
1 0 0
19 (0,4)->(1,8)
1 0 0
20 (0,5)->(1,9)
0 0 0
21 (0,6)->(1,10)
0 0 0
22 (0,7)->(1,11)
0 0 0
23 (0,8)->(1,12)
0 0 0
24 (0,9)->(1,13)
0 0 0
25 (0,10)->(1,14)
0 0 0
26 (0,11)->(1,0)
1 0 1
27 (0,12)->(1,1)
1 0 1
28 (0,13)->(1,2)
1 0 1
29 (0,14)->(1,3)
1 0 1
30 (1,0)->(2,4)
0 0 1
31 (1,1)->(2,5)
0 0 1
32 (1,2)->(2,6)
0 0 1
33 (1,3)->(2,7)
0 0 1
34 (1,4)->(2,8)
0 0 1
35 (1,5)->(2,9)
0 0 0
36 (1,6)->(2,10)
0 0 0
37 (1,7)->(2,11)
0 0 0
38 (1,8)->(2,12)
0 0 0
39 (1,9)->(2,13)
0 0 0
40 (1,10)->(2,14)
0 0 0
41 (1,11)->(2,0)
0 0 0
42 (1,12)->(2,1)
0 0 0
43 (1,13)->(2,2)
0 0 0
44 (1,14)->(2,3)
0 0 0
45 (1,0)->(0,5)
0 0 0
46 (1,1)->(0,6)
0 0 0
47 (1,2)->(0,7)
0 0 0
48 (1,3)->(0,8)
0 0 0
49 (1,4)->(0,9)
0 0 0
50 (1,5)->(0,10)
0 0 0
51 (1,6)->(0,11)
0 0 0
52 (1,7)->(0,12)
0 0 0
53 (1,8)->(0,13)
0 0 0
54 (1,9)->(0,14)
0 0 0
55 (1,10)->(0,0)
0 0 0
56 (1,11)->(0,1)
0 0 0
57 (1,12)->(0,2)
0 0 0
58 (1,13)->(0,3)
0 0 0
59 (1,14)->(0,4)
0 0 0
60 (2,0)->(3,3)
0 1 0
61 (2,1)->(3,4)
0 1 0
62 (2,2)->(3,5)
0 1 0
63 (2,3)->(3,6)
0 1 0
64 (2,4)->(3,7)
0 1 2
65 (2,5)->(3,8)
0 1 2
66 (2,6)->(3,9)
0 1 2
67 (2,7)->(3,10)
0 1 2
68 (2,8)->(3,11)
0 1 2
69 (2,9)->(3,12)
0 0 0
70 (2,10)->(3,13)
0 0 0
71 (2,11)->(3,14)
0 0 0
72 (2,12)->(3,0)
0 0 0
73 (2,13)->(3,1)
0 0 0
74 (2,14)->(3,2)
0 0 0
75 (2,0)->(0,4)
0 0 0
76 (2,1)->(0,5)
0 0 0
77 (2,2)->(0,6)
0 0 0
78 (2,3)->(0,7)
0 0 0
79 (2,4)->(0,8)
0 0 0
80 (2,5)->(0,9)
0 0 0
81 (2,6)->(0,10)
0 0 0
82 (2,7)->(0,11)
0 0 0
83 (2,8)->(0,12)
0 0 0
84 (2,9)->(0,13)
0 0 0
85 (2,10)->(0,14)
0 0 0
86 (2,11)->(0,0)
0 0 0
87 (2,12)->(0,1)
0 0 0
88 (2,13)->(0,2)
0 0 0
89 (2,14)->(0,3)
0 0 0
90 (3,0)->(1,5)
0 0 0
91 (3,1)->(1,6)
0 0 0
92 (3,2)->(1,7)
0 0 0
93 (3,3)->(1,8)
0 0 0
94 (3,4)->(1,9)
0 0 0
95 (3,5)->(1,10)
0 0 0
96 (3,6)->(1,11)
0 0 0
97 (3,7)->(1,12)
0 0 0
98 (3,8)->(1,13)
0 0 0
99 (3,9)->(1,14)
0 0 0
100 (3,10)->(1,0)
0 0 0
101 (3,11)->(1,1)
0 0 0
102 (3,12)->(1,2)
0 0 0
103 (3,13)->(1,3)
0 0 0
104 (3,14)->(1,4)
0 0 0
105 (3,0)->(4,4)
0 0 0
106 (3,1)->(4,5)
0 0 0
107 (3,2)->(4,6)
0 0 0
108 (3,3)->(4,7)
0 0 0
109 (3,4)->(4,8)
0 0 0
110 (3,5)->(4,9)
0 0 0
111 (3,6)->(4,10)
0 0 0
112 (3,7)->(4,11)
0 0 0
113 (3,8)->(4,12)
0 0 0
114 (3,9)->(4,13)
0 0 0
115 (3,10)->(4,14)
0 0 0
116 (3,11)->(4,0)
0 0 0
117 (3,12)->(4,1)
0 0 0
118 (3,13)->(4,2)
0 0 0
119 (3,14)->(4,3)
0 0 0
120 (4,0)->(2,5)
0 0 1
121 (4,1)->(2,6)
0 0 1
122 (4,2)->(2,7)
0 0 1
123 (4,3)->(2,8)
0 0 1
124 (4,4)->(2,9)
0 0 0
125 (4,5)->(2,10)
0 0 0
126 (4,6)->(2,11)
0 0 0
127 (4,7)->(2,12)
0 0 0
128 (4,8)->(2,13)
0 0 0
129 (4,9)->(2,14)
0 0 0
130 (4,10)->(2,0)
0 0 0
131 (4,11)->(2,1)
0 0 0
132 (4,12)->(2,2)
0 0 0
133 (4,13)->(2,3)
0 0 0
134 (4,14)->(2,4)
0 0 1
135 (4,0)->(3,4)
0 1 1
136 (4,1)->(3,5)
0 1 1
137 (4,2)->(3,6)
0 1 1
138 (4,3)->(3,7)
0 1 1
139 (4,4)->(3,8)
0 1 1
140 (4,5)->(3,9)
0 1 1
141 (4,6)->(3,10)
0 1 1
142 (4,7)->(3,11)
0 1 1
143 (4,8)->(3,12)
0 0 0
144 (4,9)->(3,13)
0 0 0
145 (4,10)->(3,14)
0 0 0
146 (4,11)->(3,0)
0 0 0
147 (4,12)->(3,1)
0 0 0
148 (4,13)->(3,2)
0 0 0
149 (4,14)->(3,3)
0 1 1
8
0 (0,0)->(4,3)
0 0 0
1 (0,1)->(4,4)
0 0 0
2 (0,2)->(4,5)
0 0 0
3 (0,3)->(4,6)
0 0 0
4 (0,4)->(4,7)
0 0 0
5 (0,5)->(4,8)
0 0 0
6 (0,6)->(4,9)
0 0 0
7 (0,7)->(4,10)
0 0 0
8 (0,8)->(4,11)
0 0 0
9 (0,9)->(4,12)
0 0 0
10 (0,10)->(4,13)
0 0 0
11 (0,11)->(4,14)
0 0 0
12 (0,12)->(4,0)
0 0 0
13 (0,13)->(4,1)
0 0 0
14 (0,14)->(4,2)
0 0 0
15 (0,0)->(1,4)
0 1 1
16 (0,1)->(1,5)
0 1 1
17 (0,2)->(1,6)
0 1 1
18 (0,3)->(1,7)
0 1 1
19 (0,4)->(1,8)
0 1 1
20 (0,5)->(1,9)
0 1 1
21 (0,6)->(1,10)
0 0 0
22 (0,7)->(1,11)
0 0 0
23 (0,8)->(1,12)
0 0 0
24 (0,9)->(1,13)
0 0 0
25 (0,10)->(1,14)
0 0 0
26 (0,11)->(1,0)
0 0 0
27 (0,12)->(1,1)
0 0 0
28 (0,13)->(1,2)
0 1 1
29 (0,14)->(1,3)
0 1 1
30 (1,0)->(2,4)
0 0 0
31 (1,1)->(2,5)
0 0 0
32 (1,2)->(2,6)
0 0 0
33 (1,3)->(2,7)
0 0 0
34 (1,4)->(2,8)
0 0 0
35 (1,5)->(2,9)
0 0 0
36 (1,6)->(2,10)
0 0 0
37 (1,7)->(2,11)
0 0 0
38 (1,8)->(2,12)
0 0 0
39 (1,9)->(2,13)
0 0 0
40 (1,10)->(2,14)
0 0 0
41 (1,11)->(2,0)
0 0 0
42 (1,12)->(2,1)
0 0 0
43 (1,13)->(2,2)
0 0 0
44 (1,14)->(2,3)
0 0 0
45 (1,0)->(0,5)
0 0 0
46 (1,1)->(0,6)
0 0 0
47 (1,2)->(0,7)
0 0 0
48 (1,3)->(0,8)
0 0 0
49 (1,4)->(0,9)
0 0 0
50 (1,5)->(0,10)
0 0 0
51 (1,6)->(0,11)
0 0 0
52 (1,7)->(0,12)
0 0 0
53 (1,8)->(0,13)
0 0 0
54 (1,9)->(0,14)
0 0 0
55 (1,10)->(0,0)
0 0 0
56 (1,11)->(0,1)
0 0 0
57 (1,12)->(0,2)
0 0 0
58 (1,13)->(0,3)
0 0 0
59 (1,14)->(0,4)
0 0 0
60 (2,0)->(3,3)
1 0 1
61 (2,1)->(3,4)
1 0 1
62 (2,2)->(3,5)
0 0 0
63 (2,3)->(3,6)
0 0 0
64 (2,4)->(3,7)
0 0 0
65 (2,5)->(3,8)
0 0 0
66 (2,6)->(3,9)
0 0 0
67 (2,7)->(3,10)
0 0 0
68 (2,8)->(3,11)
0 0 0
69 (2,9)->(3,12)
1 0 1
70 (2,10)->(3,13)
1 0 1
71 (2,11)->(3,14)
1 0 1
72 (2,12)->(3,0)
1 0 1
73 (2,13)->(3,1)
1 0 1
74 (2,14)->(3,2)
1 0 1
75 (2,0)->(0,4)
1 0 1
76 (2,1)->(0,5)
1 0 1
77 (2,2)->(0,6)
0 0 0
78 (2,3)->(0,7)
0 0 0
79 (2,4)->(0,8)
0 0 0
80 (2,5)->(0,9)
0 0 0
81 (2,6)->(0,10)
0 0 0
82 (2,7)->(0,11)
0 0 0
83 (2,8)->(0,12)
0 0 0
84 (2,9)->(0,13)
1 0 1
85 (2,10)->(0,14)
1 0 1
86 (2,11)->(0,0)
1 0 1
87 (2,12)->(0,1)
1 0 1
88 (2,13)->(0,2)
1 0 1
89 (2,14)->(0,3)
1 0 1
90 (3,0)->(1,5)
0 1 1
91 (3,1)->(1,6)
0 1 1
92 (3,2)->(1,7)
0 1 1
93 (3,3)->(1,8)
0 1 1
94 (3,4)->(1,9)
0 1 1
95 (3,5)->(1,10)
0 0 0
96 (3,6)->(1,11)
0 0 0
97 (3,7)->(1,12)
0 0 0
98 (3,8)->(1,13)
0 0 0
99 (3,9)->(1,14)
0 0 0
100 (3,10)->(1,0)
0 0 0
101 (3,11)->(1,1)
0 0 0
102 (3,12)->(1,2)
0 1 1
103 (3,13)->(1,3)
0 1 1
104 (3,14)->(1,4)
0 1 1
105 (3,0)->(4,4)
0 0 0
106 (3,1)->(4,5)
0 0 0
107 (3,2)->(4,6)
0 0 0
108 (3,3)->(4,7)
0 0 0
109 (3,4)->(4,8)
0 0 0
110 (3,5)->(4,9)
0 0 0
111 (3,6)->(4,10)
0 0 0
112 (3,7)->(4,11)
0 0 0
113 (3,8)->(4,12)
0 0 0
114 (3,9)->(4,13)
0 0 0
115 (3,10)->(4,14)
0 0 0
116 (3,11)->(4,0)
0 0 0
117 (3,12)->(4,1)
0 0 0
118 (3,13)->(4,2)
0 0 0
119 (3,14)->(4,3)
0 0 0
120 (4,0)->(2,5)
0 0 0
121 (4,1)->(2,6)
0 0 0
122 (4,2)->(2,7)
0 0 0
123 (4,3)->(2,8)
0 0 0
124 (4,4)->(2,9)
0 0 0
125 (4,5)->(2,10)
0 0 0
126 (4,6)->(2,11)
0 0 0
127 (4,7)->(2,12)
0 0 0
128 (4,8)->(2,13)
0 0 0
129 (4,9)->(2,14)
0 0 0
130 (4,10)->(2,0)
0 0 0
131 (4,11)->(2,1)
0 0 0
132 (4,12)->(2,2)
0 0 0
133 (4,13)->(2,3)
0 0 0
134 (4,14)->(2,4)
0 0 0
135 (4,0)->(3,4)
0 0 0
136 (4,1)->(3,5)
0 0 0
137 (4,2)->(3,6)
0 0 0
138 (4,3)->(3,7)
0 0 0
139 (4,4)->(3,8)
0 0 0
140 (4,5)->(3,9)
0 0 0
141 (4,6)->(3,10)
0 0 0
142 (4,7)->(3,11)
0 0 0
143 (4,8)->(3,12)
0 0 0
144 (4,9)->(3,13)
0 0 0
145 (4,10)->(3,14)
0 0 0
146 (4,11)->(3,0)
0 0 0
147 (4,12)->(3,1)
0 0 0
148 (4,13)->(3,2)
0 0 0
149 (4,14)->(3,3)
0 0 0
9
0 (0,0)->(4,3)
0 1 2
1 (0,1)->(4,4)
0 0 0
2 (0,2)->(4,5)
0 0 0
3 (0,3)->(4,6)
0 0 0
4 (0,4)->(4,7)
0 0 0
5 (0,5)->(4,8)
0 0 0
6 (0,6)->(4,9)
0 0 0
7 (0,7)->(4,10)
0 0 0
8 (0,8)->(4,11)
0 1 1
9 (0,9)->(4,12)
0 1 1
10 (0,10)->(4,13)
0 1 1
11 (0,11)->(4,14)
0 1 2
12 (0,12)->(4,0)
0 1 2
13 (0,13)->(4,1)
0 1 2
14 (0,14)->(4,2)
0 1 2
15 (0,0)->(1,4)
0 0 0
16 (0,1)->(1,5)
0 0 0
17 (0,2)->(1,6)
0 0 0
18 (0,3)->(1,7)
0 0 0
19 (0,4)->(1,8)
0 0 0
20 (0,5)->(1,9)
0 0 0
21 (0,6)->(1,10)
0 0 0
22 (0,7)->(1,11)
0 0 0
23 (0,8)->(1,12)
0 0 0
24 (0,9)->(1,13)
0 0 0
25 (0,10)->(1,14)
0 0 0
26 (0,11)->(1,0)
0 0 0
27 (0,12)->(1,1)
0 0 0
28 (0,13)->(1,2)
0 0 0
29 (0,14)->(1,3)
0 0 0
30 (1,0)->(2,4)
0 0 0
31 (1,1)->(2,5)
0 0 0
32 (1,2)->(2,6)
0 0 0
33 (1,3)->(2,7)
1 0 2
34 (1,4)->(2,8)
1 0 2
35 (1,5)->(2,9)
1 0 2
36 (1,6)->(2,10)
1 0 2
37 (1,7)->(2,11)
1 0 2
38 (1,8)->(2,12)
1 0 0
39 (1,9)->(2,13)
1 0 0
40 (1,10)->(2,14)
1 0 0
41 (1,11)->(2,0)
0 0 0
42 (1,12)->(2,1)
0 0 0
43 (1,13)->(2,2)
0 0 0
44 (1,14)->(2,3)
0 0 0
45 (1,0)->(0,5)
0 0 0
46 (1,1)->(0,6)
0 0 0
47 (1,2)->(0,7)
0 0 0
48 (1,3)->(0,8)
1 0 1
49 (1,4)->(0,9)
1 0 1
50 (1,5)->(0,10)
1 0 1
51 (1,6)->(0,11)
1 0 1
52 (1,7)->(0,12)
1 0 1
53 (1,8)->(0,13)
1 0 1
54 (1,9)->(0,14)
1 0 1
55 (1,10)->(0,0)
1 0 1
56 (1,11)->(0,1)
0 0 0
57 (1,12)->(0,2)
0 0 0
58 (1,13)->(0,3)
0 0 0
59 (1,14)->(0,4)
0 0 0
60 (2,0)->(3,3)
0 0 0
61 (2,1)->(3,4)
0 0 0
62 (2,2)->(3,5)
0 0 0
63 (2,3)->(3,6)
0 0 0
64 (2,4)->(3,7)
0 0 0
65 (2,5)->(3,8)
0 0 0
66 (2,6)->(3,9)
0 0 0
67 (2,7)->(3,10)
0 0 1
68 (2,8)->(3,11)
0 0 1
69 (2,9)->(3,12)
0 0 1
70 (2,10)->(3,13)
0 0 1
71 (2,11)->(3,14)
0 0 1
72 (2,12)->(3,0)
0 0 0
73 (2,13)->(3,1)
0 0 0
74 (2,14)->(3,2)
0 0 0
75 (2,0)->(0,4)
0 0 0
76 (2,1)->(0,5)
0 0 0
77 (2,2)->(0,6)
0 0 0
78 (2,3)->(0,7)
0 0 0
79 (2,4)->(0,8)
0 0 0
80 (2,5)->(0,9)
0 0 0
81 (2,6)->(0,10)
0 0 0
82 (2,7)->(0,11)
0 0 1
83 (2,8)->(0,12)
0 0 1
84 (2,9)->(0,13)
0 0 1
85 (2,10)->(0,14)
0 0 1
86 (2,11)->(0,0)
0 0 1
87 (2,12)->(0,1)
0 0 0
88 (2,13)->(0,2)
0 0 0
89 (2,14)->(0,3)
0 0 0
90 (3,0)->(1,5)
0 0 0
91 (3,1)->(1,6)
0 0 0
92 (3,2)->(1,7)
0 0 0
93 (3,3)->(1,8)
0 0 0
94 (3,4)->(1,9)
0 0 0
95 (3,5)->(1,10)
0 0 0
96 (3,6)->(1,11)
0 0 0
97 (3,7)->(1,12)
0 0 0
98 (3,8)->(1,13)
0 0 0
99 (3,9)->(1,14)
0 0 0
100 (3,10)->(1,0)
0 0 0
101 (3,11)->(1,1)
0 0 0
102 (3,12)->(1,2)
0 0 0
103 (3,13)->(1,3)
0 0 0
104 (3,14)->(1,4)
0 0 0
105 (3,0)->(4,4)
0 0 0
106 (3,1)->(4,5)
0 0 0
107 (3,2)->(4,6)
0 0 0
108 (3,3)->(4,7)
0 0 0
109 (3,4)->(4,8)
0 0 0
110 (3,5)->(4,9)
0 0 0
111 (3,6)->(4,10)
0 0 0
112 (3,7)->(4,11)
0 1 0
113 (3,8)->(4,12)
0 1 0
114 (3,9)->(4,13)
0 1 0
115 (3,10)->(4,14)
0 1 1
116 (3,11)->(4,0)
0 1 1
117 (3,12)->(4,1)
0 1 1
118 (3,13)->(4,2)
0 1 1
119 (3,14)->(4,3)
0 1 1
120 (4,0)->(2,5)
0 0 0
121 (4,1)->(2,6)
0 0 0
122 (4,2)->(2,7)
0 0 0
123 (4,3)->(2,8)
0 0 0
124 (4,4)->(2,9)
0 0 0
125 (4,5)->(2,10)
0 0 0
126 (4,6)->(2,11)
0 0 0
127 (4,7)->(2,12)
0 0 0
128 (4,8)->(2,13)
0 0 0
129 (4,9)->(2,14)
0 0 0
130 (4,10)->(2,0)
0 0 0
131 (4,11)->(2,1)
0 0 0
132 (4,12)->(2,2)
0 0 0
133 (4,13)->(2,3)
0 0 0
134 (4,14)->(2,4)
0 0 0
135 (4,0)->(3,4)
0 0 0
136 (4,1)->(3,5)
0 0 0
137 (4,2)->(3,6)
0 0 0
138 (4,3)->(3,7)
0 0 0
139 (4,4)->(3,8)
0 0 0
140 (4,5)->(3,9)
0 0 0
141 (4,6)->(3,10)
0 0 0
142 (4,7)->(3,11)
0 0 0
143 (4,8)->(3,12)
0 0 0
144 (4,9)->(3,13)
0 0 0
145 (4,10)->(3,14)
0 0 0
146 (4,11)->(3,0)
0 0 0
147 (4,12)->(3,1)
0 0 0
148 (4,13)->(3,2)
0 0 0
149 (4,14)->(3,3)
0 0 0
10
0 (0,0)->(4,3)
0 0 0
1 (0,1)->(4,4)
0 0 0
2 (0,2)->(4,5)
0 0 0
3 (0,3)->(4,6)
0 0 0
4 (0,4)->(4,7)
0 0 0
5 (0,5)->(4,8)
0 0 0
6 (0,6)->(4,9)
0 0 0
7 (0,7)->(4,10)
0 0 0
8 (0,8)->(4,11)
0 0 0
9 (0,9)->(4,12)
0 0 0
10 (0,10)->(4,13)
0 0 0
11 (0,11)->(4,14)
0 0 0
12 (0,12)->(4,0)
0 0 0
13 (0,13)->(4,1)
0 0 0
14 (0,14)->(4,2)
0 0 0
15 (0,0)->(1,4)
0 0 0
16 (0,1)->(1,5)
0 0 0
17 (0,2)->(1,6)
0 0 0
18 (0,3)->(1,7)
0 0 0
19 (0,4)->(1,8)
0 0 0
20 (0,5)->(1,9)
0 0 0
21 (0,6)->(1,10)
0 0 0
22 (0,7)->(1,11)
0 0 0
23 (0,8)->(1,12)
0 0 0
24 (0,9)->(1,13)
0 0 0
25 (0,10)->(1,14)
0 0 0
26 (0,11)->(1,0)
0 0 0
27 (0,12)->(1,1)
0 0 0
28 (0,13)->(1,2)
0 0 0
29 (0,14)->(1,3)
0 0 0
30 (1,0)->(2,4)
0 0 0
31 (1,1)->(2,5)
0 0 0
32 (1,2)->(2,6)
0 0 0
33 (1,3)->(2,7)
0 0 0
34 (1,4)->(2,8)
0 0 1
35 (1,5)->(2,9)
0 0 1
36 (1,6)->(2,10)
0 0 1
37 (1,7)->(2,11)
0 0 0
38 (1,8)->(2,12)
0 0 0
39 (1,9)->(2,13)
0 0 0
40 (1,10)->(2,14)
0 0 0
41 (1,11)->(2,0)
0 0 0
42 (1,12)->(2,1)
0 0 0
43 (1,13)->(2,2)
0 0 0
44 (1,14)->(2,3)
0 0 0
45 (1,0)->(0,5)
0 0 0
46 (1,1)->(0,6)
0 0 0
47 (1,2)->(0,7)
0 0 0
48 (1,3)->(0,8)
0 0 0
49 (1,4)->(0,9)
0 1 1
50 (1,5)->(0,10)
0 1 1
51 (1,6)->(0,11)
0 1 1
52 (1,7)->(0,12)
0 1 1
53 (1,8)->(0,13)
0 1 1
54 (1,9)->(0,14)
0 1 1
55 (1,10)->(0,0)
0 0 0
56 (1,11)->(0,1)
0 0 0
57 (1,12)->(0,2)
0 0 0
58 (1,13)->(0,3)
0 0 0
59 (1,14)->(0,4)
0 0 0
60 (2,0)->(3,3)
0 0 0
61 (2,1)->(3,4)
0 0 0
62 (2,2)->(3,5)
0 0 0
63 (2,3)->(3,6)
0 0 0
64 (2,4)->(3,7)
0 0 0
65 (2,5)->(3,8)
0 0 0
66 (2,6)->(3,9)
0 0 0
67 (2,7)->(3,10)
0 0 0
68 (2,8)->(3,11)
0 0 0
69 (2,9)->(3,12)
0 0 0
70 (2,10)->(3,13)
0 0 0
71 (2,11)->(3,14)
0 0 0
72 (2,12)->(3,0)
0 0 0
73 (2,13)->(3,1)
0 0 0
74 (2,14)->(3,2)
0 0 0
75 (2,0)->(0,4)
0 0 0
76 (2,1)->(0,5)
0 0 0
77 (2,2)->(0,6)
0 0 0
78 (2,3)->(0,7)
0 0 0
79 (2,4)->(0,8)
0 0 0
80 (2,5)->(0,9)
0 1 0
81 (2,6)->(0,10)
0 1 0
82 (2,7)->(0,11)
0 1 0
83 (2,8)->(0,12)
0 1 2
84 (2,9)->(0,13)
0 1 2
85 (2,10)->(0,14)
0 1 2
86 (2,11)->(0,0)
0 0 0
87 (2,12)->(0,1)
0 0 0
88 (2,13)->(0,2)
0 0 0
89 (2,14)->(0,3)
0 0 0
90 (3,0)->(1,5)
1 0 2
91 (3,1)->(1,6)
1 0 2
92 (3,2)->(1,7)
1 0 1
93 (3,3)->(1,8)
1 0 1
94 (3,4)->(1,9)
1 0 1
95 (3,5)->(1,10)
0 0 0
96 (3,6)->(1,11)
0 0 0
97 (3,7)->(1,12)
0 0 0
98 (3,8)->(1,13)
0 0 0
99 (3,9)->(1,14)
0 0 0
100 (3,10)->(1,0)
0 0 0
101 (3,11)->(1,1)
0 0 0
102 (3,12)->(1,2)
0 0 0
103 (3,13)->(1,3)
0 0 0
104 (3,14)->(1,4)
1 0 2
105 (3,0)->(4,4)
1 0 1
106 (3,1)->(4,5)
1 0 1
107 (3,2)->(4,6)
1 0 0
108 (3,3)->(4,7)
1 0 0
109 (3,4)->(4,8)
1 0 0
110 (3,5)->(4,9)
0 0 0
111 (3,6)->(4,10)
0 0 0
112 (3,7)->(4,11)
0 0 0
113 (3,8)->(4,12)
0 0 0
114 (3,9)->(4,13)
0 0 0
115 (3,10)->(4,14)
0 0 0
116 (3,11)->(4,0)
0 0 0
117 (3,12)->(4,1)
0 0 0
118 (3,13)->(4,2)
0 0 0
119 (3,14)->(4,3)
1 0 1
120 (4,0)->(2,5)
0 0 0
121 (4,1)->(2,6)
0 0 0
122 (4,2)->(2,7)
0 0 0
123 (4,3)->(2,8)
0 0 1
124 (4,4)->(2,9)
0 0 1
125 (4,5)->(2,10)
0 0 1
126 (4,6)->(2,11)
0 0 0
127 (4,7)->(2,12)
0 0 0
128 (4,8)->(2,13)
0 0 0
129 (4,9)->(2,14)
0 0 0
130 (4,10)->(2,0)
0 0 0
131 (4,11)->(2,1)
0 0 0
132 (4,12)->(2,2)
0 0 0
133 (4,13)->(2,3)
0 0 0
134 (4,14)->(2,4)
0 0 0
135 (4,0)->(3,4)
0 0 0
136 (4,1)->(3,5)
0 0 0
137 (4,2)->(3,6)
0 0 0
138 (4,3)->(3,7)
0 0 0
139 (4,4)->(3,8)
0 0 0
140 (4,5)->(3,9)
0 0 0
141 (4,6)->(3,10)
0 0 0
142 (4,7)->(3,11)
0 0 0
143 (4,8)->(3,12)
0 0 0
144 (4,9)->(3,13)
0 0 0
145 (4,10)->(3,14)
0 0 0
146 (4,11)->(3,0)
0 0 0
147 (4,12)->(3,1)
0 0 0
148 (4,13)->(3,2)
0 0 0
149 (4,14)->(3,3)
0 0 0
11
0 (0,0)->(4,3)
0 0 0
1 (0,1)->(4,4)
0 0 0
2 (0,2)->(4,5)
0 0 0
3 (0,3)->(4,6)
0 0 0
4 (0,4)->(4,7)
0 0 0
5 (0,5)->(4,8)
0 0 0
6 (0,6)->(4,9)
0 0 0
7 (0,7)->(4,10)
0 0 0
8 (0,8)->(4,11)
0 0 0
9 (0,9)->(4,12)
0 0 0
10 (0,10)->(4,13)
0 0 0
11 (0,11)->(4,14)
0 0 0
12 (0,12)->(4,0)
0 0 0
13 (0,13)->(4,1)
0 0 0
14 (0,14)->(4,2)
0 0 0
15 (0,0)->(1,4)
0 0 0
16 (0,1)->(1,5)
0 0 0
17 (0,2)->(1,6)
0 0 0
18 (0,3)->(1,7)
0 0 0
19 (0,4)->(1,8)
0 0 0
20 (0,5)->(1,9)
0 0 0
21 (0,6)->(1,10)
0 0 0
22 (0,7)->(1,11)
0 0 0
23 (0,8)->(1,12)
0 0 0
24 (0,9)->(1,13)
0 0 0
25 (0,10)->(1,14)
0 0 0
26 (0,11)->(1,0)
0 0 0
27 (0,12)->(1,1)
0 0 0
28 (0,13)->(1,2)
0 0 0
29 (0,14)->(1,3)
0 0 0
30 (1,0)->(2,4)
0 0 0
31 (1,1)->(2,5)
0 0 0
32 (1,2)->(2,6)
0 0 0
33 (1,3)->(2,7)
0 0 0
34 (1,4)->(2,8)
0 0 0
35 (1,5)->(2,9)
0 0 0
36 (1,6)->(2,10)
0 0 0
37 (1,7)->(2,11)
0 0 0
38 (1,8)->(2,12)
0 0 0
39 (1,9)->(2,13)
0 0 0
40 (1,10)->(2,14)
0 0 0
41 (1,11)->(2,0)
0 0 0
42 (1,12)->(2,1)
0 0 0
43 (1,13)->(2,2)
0 0 0
44 (1,14)->(2,3)
0 0 0
45 (1,0)->(0,5)
0 0 0
46 (1,1)->(0,6)
0 0 0
47 (1,2)->(0,7)
0 0 0
48 (1,3)->(0,8)
0 0 0
49 (1,4)->(0,9)
0 0 0
50 (1,5)->(0,10)
0 0 0
51 (1,6)->(0,11)
0 0 0
52 (1,7)->(0,12)
0 0 0
53 (1,8)->(0,13)
0 0 0
54 (1,9)->(0,14)
0 0 0
55 (1,10)->(0,0)
0 0 0
56 (1,11)->(0,1)
0 0 0
57 (1,12)->(0,2)
0 0 0
58 (1,13)->(0,3)
0 0 0
59 (1,14)->(0,4)
0 0 0
60 (2,0)->(3,3)
0 0 0
61 (2,1)->(3,4)
0 0 0
62 (2,2)->(3,5)
0 0 0
63 (2,3)->(3,6)
0 1 0
64 (2,4)->(3,7)
0 1 0
65 (2,5)->(3,8)
0 1 0
66 (2,6)->(3,9)
0 1 0
67 (2,7)->(3,10)
0 1 1
68 (2,8)->(3,11)
0 1 1
69 (2,9)->(3,12)
0 1 1
70 (2,10)->(3,13)
0 1 1
71 (2,11)->(3,14)
0 1 1
72 (2,12)->(3,0)
0 1 1
73 (2,13)->(3,1)
0 1 1
74 (2,14)->(3,2)
0 1 1
75 (2,0)->(0,4)
0 0 0
76 (2,1)->(0,5)
0 0 0
77 (2,2)->(0,6)
0 0 0
78 (2,3)->(0,7)
0 0 0
79 (2,4)->(0,8)
0 0 0
80 (2,5)->(0,9)
0 0 0
81 (2,6)->(0,10)
0 0 0
82 (2,7)->(0,11)
0 0 0
83 (2,8)->(0,12)
0 0 0
84 (2,9)->(0,13)
0 0 0
85 (2,10)->(0,14)
0 0 0
86 (2,11)->(0,0)
0 0 0
87 (2,12)->(0,1)
0 0 0
88 (2,13)->(0,2)
0 0 0
89 (2,14)->(0,3)
0 0 0
90 (3,0)->(1,5)
0 0 0
91 (3,1)->(1,6)
0 0 0
92 (3,2)->(1,7)
0 0 0
93 (3,3)->(1,8)
0 0 0
94 (3,4)->(1,9)
0 0 0
95 (3,5)->(1,10)
0 0 0
96 (3,6)->(1,11)
0 0 0
97 (3,7)->(1,12)
0 0 0
98 (3,8)->(1,13)
0 0 0
99 (3,9)->(1,14)
0 0 0
100 (3,10)->(1,0)
0 0 0
101 (3,11)->(1,1)
0 0 0
102 (3,12)->(1,2)
0 0 0
103 (3,13)->(1,3)
0 0 0
104 (3,14)->(1,4)
0 0 0
105 (3,0)->(4,4)
0 0 0
106 (3,1)->(4,5)
0 0 0
107 (3,2)->(4,6)
0 0 0
108 (3,3)->(4,7)
0 0 0
109 (3,4)->(4,8)
0 0 0
110 (3,5)->(4,9)
0 0 0
111 (3,6)->(4,10)
0 0 0
112 (3,7)->(4,11)
0 0 0
113 (3,8)->(4,12)
0 0 0
114 (3,9)->(4,13)
0 0 0
115 (3,10)->(4,14)
0 0 0
116 (3,11)->(4,0)
0 0 0
117 (3,12)->(4,1)
0 0 0
118 (3,13)->(4,2)
0 0 0
119 (3,14)->(4,3)
0 0 0
120 (4,0)->(2,5)
0 0 0
121 (4,1)->(2,6)
0 0 0
122 (4,2)->(2,7)
1 0 1
123 (4,3)->(2,8)
1 0 1
124 (4,4)->(2,9)
1 0 1
125 (4,5)->(2,10)
1 0 1
126 (4,6)->(2,11)
1 0 1
127 (4,7)->(2,12)
1 0 1
128 (4,8)->(2,13)
1 0 1
129 (4,9)->(2,14)
1 0 1
130 (4,10)->(2,0)
1 0 0
131 (4,11)->(2,1)
1 0 0
132 (4,12)->(2,2)
1 0 0
133 (4,13)->(2,3)
1 0 0
134 (4,14)->(2,4)
0 0 0
135 (4,0)->(3,4)
0 0 0
136 (4,1)->(3,5)
0 0 0
137 (4,2)->(3,6)
1 1 1
138 (4,3)->(3,7)
1 1 1
139 (4,4)->(3,8)
1 1 1
140 (4,5)->(3,9)
1 1 1
141 (4,6)->(3,10)
1 1 1
142 (4,7)->(3,11)
1 1 1
143 (4,8)->(3,12)
1 1 1
144 (4,9)->(3,13)
1 1 1
145 (4,10)->(3,14)
1 1 1
146 (4,11)->(3,0)
1 1 1
147 (4,12)->(3,1)
1 1 1
148 (4,13)->(3,2)
1 1 1
149 (4,14)->(3,3)
0 0 0
12
0 (0,0)->(4,3)
0 0 0
1 (0,1)->(4,4)
1 0 2
2 (0,2)->(4,5)
1 0 2
3 (0,3)->(4,6)
1 0 2
4 (0,4)->(4,7)
1 0 2
5 (0,5)->(4,8)
1 0 2
6 (0,6)->(4,9)
1 0 1
7 (0,7)->(4,10)
1 0 1
8 (0,8)->(4,11)
1 0 1
9 (0,9)->(4,12)
1 0 1
10 (0,10)->(4,13)
0 0 0
11 (0,11)->(4,14)
0 0 0
12 (0,12)->(4,0)
0 0 0
13 (0,13)->(4,1)
0 0 0
14 (0,14)->(4,2)
0 0 0
15 (0,0)->(1,4)
0 0 0
16 (0,1)->(1,5)
1 0 1
17 (0,2)->(1,6)
1 0 1
18 (0,3)->(1,7)
1 0 1
19 (0,4)->(1,8)
1 0 1
20 (0,5)->(1,9)
1 0 1
21 (0,6)->(1,10)
1 0 0
22 (0,7)->(1,11)
1 0 0
23 (0,8)->(1,12)
1 0 0
24 (0,9)->(1,13)
1 0 0
25 (0,10)->(1,14)
0 0 0
26 (0,11)->(1,0)
0 0 0
27 (0,12)->(1,1)
0 0 0
28 (0,13)->(1,2)
0 0 0
29 (0,14)->(1,3)
0 0 0
30 (1,0)->(2,4)
0 0 0
31 (1,1)->(2,5)
0 0 0
32 (1,2)->(2,6)
0 0 0
33 (1,3)->(2,7)
0 0 0
34 (1,4)->(2,8)
0 0 0
35 (1,5)->(2,9)
0 0 1
36 (1,6)->(2,10)
0 0 1
37 (1,7)->(2,11)
0 0 1
38 (1,8)->(2,12)
0 0 1
39 (1,9)->(2,13)
0 0 1
40 (1,10)->(2,14)
0 0 0
41 (1,11)->(2,0)
0 0 0
42 (1,12)->(2,1)
0 0 0
43 (1,13)->(2,2)
0 0 0
44 (1,14)->(2,3)
0 0 0
45 (1,0)->(0,5)
0 0 0
46 (1,1)->(0,6)
0 0 0
47 (1,2)->(0,7)
0 0 0
48 (1,3)->(0,8)
0 0 0
49 (1,4)->(0,9)
0 0 0
50 (1,5)->(0,10)
0 0 0
51 (1,6)->(0,11)
0 0 0
52 (1,7)->(0,12)
0 0 0
53 (1,8)->(0,13)
0 0 0
54 (1,9)->(0,14)
0 0 0
55 (1,10)->(0,0)
0 0 0
56 (1,11)->(0,1)
0 0 0
57 (1,12)->(0,2)
0 0 0
58 (1,13)->(0,3)
0 0 0
59 (1,14)->(0,4)
0 0 0
60 (2,0)->(3,3)
0 0 0
61 (2,1)->(3,4)
0 0 0
62 (2,2)->(3,5)
0 0 0
63 (2,3)->(3,6)
0 0 0
64 (2,4)->(3,7)
0 0 0
65 (2,5)->(3,8)
0 1 0
66 (2,6)->(3,9)
0 1 0
67 (2,7)->(3,10)
0 1 0
68 (2,8)->(3,11)
0 1 0
69 (2,9)->(3,12)
0 1 2
70 (2,10)->(3,13)
0 1 2
71 (2,11)->(3,14)
0 1 2
72 (2,12)->(3,0)
0 1 2
73 (2,13)->(3,1)
0 1 2
74 (2,14)->(3,2)
0 0 0
75 (2,0)->(0,4)
0 0 0
76 (2,1)->(0,5)
0 0 0
77 (2,2)->(0,6)
0 0 0
78 (2,3)->(0,7)
0 0 0
79 (2,4)->(0,8)
0 0 0
80 (2,5)->(0,9)
0 0 0
81 (2,6)->(0,10)
0 0 0
82 (2,7)->(0,11)
0 0 0
83 (2,8)->(0,12)
0 0 0
84 (2,9)->(0,13)
0 0 0
85 (2,10)->(0,14)
0 0 0
86 (2,11)->(0,0)
0 0 0
87 (2,12)->(0,1)
0 0 0
88 (2,13)->(0,2)
0 0 0
89 (2,14)->(0,3)
0 0 0
90 (3,0)->(1,5)
0 0 0
91 (3,1)->(1,6)
0 0 0
92 (3,2)->(1,7)
0 0 0
93 (3,3)->(1,8)
0 0 0
94 (3,4)->(1,9)
0 0 0
95 (3,5)->(1,10)
0 0 0
96 (3,6)->(1,11)
0 0 0
97 (3,7)->(1,12)
0 0 0
98 (3,8)->(1,13)
0 0 0
99 (3,9)->(1,14)
0 0 0
100 (3,10)->(1,0)
0 0 0
101 (3,11)->(1,1)
0 0 0
102 (3,12)->(1,2)
0 0 0
103 (3,13)->(1,3)
0 0 0
104 (3,14)->(1,4)
0 0 0
105 (3,0)->(4,4)
0 0 0
106 (3,1)->(4,5)
0 0 0
107 (3,2)->(4,6)
0 0 0
108 (3,3)->(4,7)
0 0 0
109 (3,4)->(4,8)
0 0 0
110 (3,5)->(4,9)
0 0 0
111 (3,6)->(4,10)
0 0 0
112 (3,7)->(4,11)
0 0 0
113 (3,8)->(4,12)
0 0 0
114 (3,9)->(4,13)
0 0 0
115 (3,10)->(4,14)
0 0 0
116 (3,11)->(4,0)
0 0 0
117 (3,12)->(4,1)
0 0 0
118 (3,13)->(4,2)
0 0 0
119 (3,14)->(4,3)
0 0 0
120 (4,0)->(2,5)
0 0 0
121 (4,1)->(2,6)
0 0 0
122 (4,2)->(2,7)
0 0 0
123 (4,3)->(2,8)
0 0 0
124 (4,4)->(2,9)
0 0 1
125 (4,5)->(2,10)
0 0 1
126 (4,6)->(2,11)
0 0 1
127 (4,7)->(2,12)
0 0 1
128 (4,8)->(2,13)
0 0 1
129 (4,9)->(2,14)
0 0 0
130 (4,10)->(2,0)
0 0 0
131 (4,11)->(2,1)
0 0 0
132 (4,12)->(2,2)
0 0 0
133 (4,13)->(2,3)
0 0 0
134 (4,14)->(2,4)
0 0 0
135 (4,0)->(3,4)
0 0 0
136 (4,1)->(3,5)
0 0 0
137 (4,2)->(3,6)
0 0 0
138 (4,3)->(3,7)
0 0 0
139 (4,4)->(3,8)
0 1 1
140 (4,5)->(3,9)
0 1 1
141 (4,6)->(3,10)
0 1 1
142 (4,7)->(3,11)
0 1 1
143 (4,8)->(3,12)
0 1 1
144 (4,9)->(3,13)
0 1 1
145 (4,10)->(3,14)
0 1 1
146 (4,11)->(3,0)
0 1 1
147 (4,12)->(3,1)
0 1 1
148 (4,13)->(3,2)
0 0 0
149 (4,14)->(3,3)
0 0 0
13
0 (0,0)->(4,3)
0 0 0
1 (0,1)->(4,4)
0 0 0
2 (0,2)->(4,5)
0 0 0
3 (0,3)->(4,6)
0 0 0
4 (0,4)->(4,7)
0 0 0
5 (0,5)->(4,8)
0 0 0
6 (0,6)->(4,9)
0 0 0
7 (0,7)->(4,10)
0 0 0
8 (0,8)->(4,11)
0 0 0
9 (0,9)->(4,12)
0 0 0
10 (0,10)->(4,13)
0 0 0
11 (0,11)->(4,14)
0 0 0
12 (0,12)->(4,0)
0 0 0
13 (0,13)->(4,1)
0 0 0
14 (0,14)->(4,2)
0 0 0
15 (0,0)->(1,4)
0 0 0
16 (0,1)->(1,5)
0 0 0
17 (0,2)->(1,6)
0 0 0
18 (0,3)->(1,7)
0 0 0
19 (0,4)->(1,8)
0 0 0
20 (0,5)->(1,9)
0 0 0
21 (0,6)->(1,10)
0 0 0
22 (0,7)->(1,11)
0 0 0
23 (0,8)->(1,12)
0 0 0
24 (0,9)->(1,13)
0 0 0
25 (0,10)->(1,14)
0 0 0
26 (0,11)->(1,0)
0 0 0
27 (0,12)->(1,1)
0 0 0
28 (0,13)->(1,2)
0 0 0
29 (0,14)->(1,3)
0 0 0
30 (1,0)->(2,4)
0 1 0
31 (1,1)->(2,5)
0 1 0
32 (1,2)->(2,6)
0 1 0
33 (1,3)->(2,7)
0 1 1
34 (1,4)->(2,8)
0 1 1
35 (1,5)->(2,9)
0 1 1
36 (1,6)->(2,10)
0 0 0
37 (1,7)->(2,11)
0 0 0
38 (1,8)->(2,12)
0 0 0
39 (1,9)->(2,13)
0 0 0
40 (1,10)->(2,14)
0 1 0
41 (1,11)->(2,0)
0 1 0
42 (1,12)->(2,1)
0 1 0
43 (1,13)->(2,2)
0 1 0
44 (1,14)->(2,3)
0 1 0
45 (1,0)->(0,5)
0 0 0
46 (1,1)->(0,6)
0 0 0
47 (1,2)->(0,7)
0 0 0
48 (1,3)->(0,8)
0 0 0
49 (1,4)->(0,9)
0 0 0
50 (1,5)->(0,10)
0 0 0
51 (1,6)->(0,11)
0 0 0
52 (1,7)->(0,12)
0 0 0
53 (1,8)->(0,13)
0 0 0
54 (1,9)->(0,14)
0 0 0
55 (1,10)->(0,0)
0 0 0
56 (1,11)->(0,1)
0 0 0
57 (1,12)->(0,2)
0 0 0
58 (1,13)->(0,3)
0 0 0
59 (1,14)->(0,4)
0 0 0
60 (2,0)->(3,3)
0 0 0
61 (2,1)->(3,4)
0 0 0
62 (2,2)->(3,5)
0 0 0
63 (2,3)->(3,6)
0 0 0
64 (2,4)->(3,7)
0 0 0
65 (2,5)->(3,8)
0 0 0
66 (2,6)->(3,9)
0 0 0
67 (2,7)->(3,10)
0 0 0
68 (2,8)->(3,11)
0 0 0
69 (2,9)->(3,12)
0 0 0
70 (2,10)->(3,13)
0 0 0
71 (2,11)->(3,14)
0 0 0
72 (2,12)->(3,0)
0 0 0
73 (2,13)->(3,1)
0 0 0
74 (2,14)->(3,2)
0 0 0
75 (2,0)->(0,4)
0 0 0
76 (2,1)->(0,5)
0 0 0
77 (2,2)->(0,6)
0 0 0
78 (2,3)->(0,7)
0 0 0
79 (2,4)->(0,8)
0 0 0
80 (2,5)->(0,9)
0 0 0
81 (2,6)->(0,10)
0 0 0
82 (2,7)->(0,11)
0 0 0
83 (2,8)->(0,12)
0 0 0
84 (2,9)->(0,13)
0 0 0
85 (2,10)->(0,14)
0 0 0
86 (2,11)->(0,0)
0 0 0
87 (2,12)->(0,1)
0 0 0
88 (2,13)->(0,2)
0 0 0
89 (2,14)->(0,3)
0 0 0
90 (3,0)->(1,5)
0 0 1
91 (3,1)->(1,6)
0 0 0
92 (3,2)->(1,7)
0 0 0
93 (3,3)->(1,8)
0 0 0
94 (3,4)->(1,9)
0 0 0
95 (3,5)->(1,10)
0 0 0
96 (3,6)->(1,11)
0 0 0
97 (3,7)->(1,12)
0 0 0
98 (3,8)->(1,13)
0 0 0
99 (3,9)->(1,14)
0 0 0
100 (3,10)->(1,0)
0 0 0
101 (3,11)->(1,1)
0 0 0
102 (3,12)->(1,2)
0 0 0
103 (3,13)->(1,3)
0 0 1
104 (3,14)->(1,4)
0 0 1
105 (3,0)->(4,4)
0 0 0
106 (3,1)->(4,5)
0 0 0
107 (3,2)->(4,6)
0 0 0
108 (3,3)->(4,7)
0 0 0
109 (3,4)->(4,8)
0 0 0
110 (3,5)->(4,9)
0 0 0
111 (3,6)->(4,10)
0 0 0
112 (3,7)->(4,11)
0 0 0
113 (3,8)->(4,12)
0 0 0
114 (3,9)->(4,13)
0 0 0
115 (3,10)->(4,14)
0 0 0
116 (3,11)->(4,0)
0 0 0
117 (3,12)->(4,1)
0 0 0
118 (3,13)->(4,2)
0 0 0
119 (3,14)->(4,3)
0 0 0
120 (4,0)->(2,5)
1 1 1
121 (4,1)->(2,6)
1 1 1
122 (4,2)->(2,7)
1 1 1
123 (4,3)->(2,8)
1 1 1
124 (4,4)->(2,9)
1 1 1
125 (4,5)->(2,10)
0 0 0
126 (4,6)->(2,11)
0 0 0
127 (4,7)->(2,12)
0 0 0
128 (4,8)->(2,13)
0 0 0
129 (4,9)->(2,14)
1 1 1
130 (4,10)->(2,0)
1 1 1
131 (4,11)->(2,1)
1 1 1
132 (4,12)->(2,2)
1 1 1
133 (4,13)->(2,3)
1 1 1
134 (4,14)->(2,4)
1 1 1
135 (4,0)->(3,4)
1 0 0
136 (4,1)->(3,5)
1 0 0
137 (4,2)->(3,6)
1 0 0
138 (4,3)->(3,7)
1 0 0
139 (4,4)->(3,8)
1 0 0
140 (4,5)->(3,9)
0 0 0
141 (4,6)->(3,10)
0 0 0
142 (4,7)->(3,11)
0 0 0
143 (4,8)->(3,12)
0 0 0
144 (4,9)->(3,13)
1 0 1
145 (4,10)->(3,14)
1 0 1
146 (4,11)->(3,0)
1 0 1
147 (4,12)->(3,1)
1 0 0
148 (4,13)->(3,2)
1 0 0
149 (4,14)->(3,3)
1 0 0
14
0 (0,0)->(4,3)
0 0 0
1 (0,1)->(4,4)
0 0 0
2 (0,2)->(4,5)
0 0 0
3 (0,3)->(4,6)
0 0 0
4 (0,4)->(4,7)
0 0 0
5 (0,5)->(4,8)
0 0 0
6 (0,6)->(4,9)
0 0 0
7 (0,7)->(4,10)
0 0 0
8 (0,8)->(4,11)
0 0 0
9 (0,9)->(4,12)
0 0 0
10 (0,10)->(4,13)
0 0 0
11 (0,11)->(4,14)
0 0 0
12 (0,12)->(4,0)
0 0 0
13 (0,13)->(4,1)
0 0 0
14 (0,14)->(4,2)
0 0 0
15 (0,0)->(1,4)
0 0 0
16 (0,1)->(1,5)
0 0 0
17 (0,2)->(1,6)
0 0 0
18 (0,3)->(1,7)
0 1 0
19 (0,4)->(1,8)
0 1 0
20 (0,5)->(1,9)
0 1 0
21 (0,6)->(1,10)
0 1 0
22 (0,7)->(1,11)
0 1 1
23 (0,8)->(1,12)
0 1 1
24 (0,9)->(1,13)
0 1 1
25 (0,10)->(1,14)
0 0 0
26 (0,11)->(1,0)
0 0 0
27 (0,12)->(1,1)
0 0 0
28 (0,13)->(1,2)
0 0 0
29 (0,14)->(1,3)
0 0 0
30 (1,0)->(2,4)
0 0 0
31 (1,1)->(2,5)
0 0 0
32 (1,2)->(2,6)
0 0 0
33 (1,3)->(2,7)
0 0 0
34 (1,4)->(2,8)
0 0 0
35 (1,5)->(2,9)
0 0 0
36 (1,6)->(2,10)
0 0 0
37 (1,7)->(2,11)
0 0 0
38 (1,8)->(2,12)
0 0 0
39 (1,9)->(2,13)
0 0 0
40 (1,10)->(2,14)
0 0 0
41 (1,11)->(2,0)
0 0 0
42 (1,12)->(2,1)
0 0 0
43 (1,13)->(2,2)
0 0 0
44 (1,14)->(2,3)
0 0 0
45 (1,0)->(0,5)
0 0 0
46 (1,1)->(0,6)
0 0 0
47 (1,2)->(0,7)
0 0 0
48 (1,3)->(0,8)
0 0 0
49 (1,4)->(0,9)
0 0 0
50 (1,5)->(0,10)
0 0 0
51 (1,6)->(0,11)
0 0 0
52 (1,7)->(0,12)
0 0 0
53 (1,8)->(0,13)
0 0 0
54 (1,9)->(0,14)
0 0 0
55 (1,10)->(0,0)
0 0 0
56 (1,11)->(0,1)
0 0 0
57 (1,12)->(0,2)
0 0 0
58 (1,13)->(0,3)
0 0 0
59 (1,14)->(0,4)
0 0 0
60 (2,0)->(3,3)
0 0 0
61 (2,1)->(3,4)
0 0 0
62 (2,2)->(3,5)
0 0 0
63 (2,3)->(3,6)
0 0 1
64 (2,4)->(3,7)
0 0 1
65 (2,5)->(3,8)
0 0 1
66 (2,6)->(3,9)
0 0 0
67 (2,7)->(3,10)
0 0 0
68 (2,8)->(3,11)
0 0 0
69 (2,9)->(3,12)
0 0 0
70 (2,10)->(3,13)
0 0 0
71 (2,11)->(3,14)
0 0 0
72 (2,12)->(3,0)
0 0 0
73 (2,13)->(3,1)
0 0 0
74 (2,14)->(3,2)
0 0 0
75 (2,0)->(0,4)
0 0 0
76 (2,1)->(0,5)
0 0 0
77 (2,2)->(0,6)
0 0 0
78 (2,3)->(0,7)
0 0 1
79 (2,4)->(0,8)
0 0 1
80 (2,5)->(0,9)
0 0 1
81 (2,6)->(0,10)
0 0 0
82 (2,7)->(0,11)
0 0 0
83 (2,8)->(0,12)
0 0 0
84 (2,9)->(0,13)
0 0 0
85 (2,10)->(0,14)
0 0 0
86 (2,11)->(0,0)
0 0 0
87 (2,12)->(0,1)
0 0 0
88 (2,13)->(0,2)
0 0 0
89 (2,14)->(0,3)
0 0 0
90 (3,0)->(1,5)
0 0 0
91 (3,1)->(1,6)
0 0 0
92 (3,2)->(1,7)
0 1 1
93 (3,3)->(1,8)
0 1 1
94 (3,4)->(1,9)
0 1 1
95 (3,5)->(1,10)
0 1 1
96 (3,6)->(1,11)
0 1 2
97 (3,7)->(1,12)
0 1 2
98 (3,8)->(1,13)
0 1 2
99 (3,9)->(1,14)
0 0 0
100 (3,10)->(1,0)
0 0 0
101 (3,11)->(1,1)
0 0 0
102 (3,12)->(1,2)
0 0 0
103 (3,13)->(1,3)
0 0 0
104 (3,14)->(1,4)
0 0 0
105 (3,0)->(4,4)
0 0 0
106 (3,1)->(4,5)
0 0 0
107 (3,2)->(4,6)
0 0 0
108 (3,3)->(4,7)
0 0 0
109 (3,4)->(4,8)
0 0 0
110 (3,5)->(4,9)
0 0 0
111 (3,6)->(4,10)
0 0 0
112 (3,7)->(4,11)
0 0 0
113 (3,8)->(4,12)
0 0 0
114 (3,9)->(4,13)
0 0 0
115 (3,10)->(4,14)
0 0 0
116 (3,11)->(4,0)
0 0 0
117 (3,12)->(4,1)
0 0 0
118 (3,13)->(4,2)
0 0 0
119 (3,14)->(4,3)
0 0 0
120 (4,0)->(2,5)
1 0 2
121 (4,1)->(2,6)
1 0 0
122 (4,2)->(2,7)
1 0 0
123 (4,3)->(2,8)
1 0 0
124 (4,4)->(2,9)
1 0 0
125 (4,5)->(2,10)
0 0 0
126 (4,6)->(2,11)
0 0 0
127 (4,7)->(2,12)
0 0 0
128 (4,8)->(2,13)
0 0 0
129 (4,9)->(2,14)
0 0 0
130 (4,10)->(2,0)
0 0 0
131 (4,11)->(2,1)
0 0 0
132 (4,12)->(2,2)
0 0 0
133 (4,13)->(2,3)
1 0 2
134 (4,14)->(2,4)
1 0 2
135 (4,0)->(3,4)
1 0 1
136 (4,1)->(3,5)
1 0 1
137 (4,2)->(3,6)
1 0 1
138 (4,3)->(3,7)
1 0 1
139 (4,4)->(3,8)
1 0 1
140 (4,5)->(3,9)
0 0 0
141 (4,6)->(3,10)
0 0 0
142 (4,7)->(3,11)
0 0 0
143 (4,8)->(3,12)
0 0 0
144 (4,9)->(3,13)
0 0 0
145 (4,10)->(3,14)
0 0 0
146 (4,11)->(3,0)
0 0 0
147 (4,12)->(3,1)
0 0 0
148 (4,13)->(3,2)
1 0 1
149 (4,14)->(3,3)
1 0 1
15
0 (0,0)->(4,3)
0 0 0
1 (0,1)->(4,4)
0 0 0
2 (0,2)->(4,5)
0 0 0
3 (0,3)->(4,6)
0 0 0
4 (0,4)->(4,7)
0 0 0
5 (0,5)->(4,8)
0 0 0
6 (0,6)->(4,9)
0 0 0
7 (0,7)->(4,10)
0 0 0
8 (0,8)->(4,11)
0 0 0
9 (0,9)->(4,12)
0 0 0
10 (0,10)->(4,13)
0 0 0
11 (0,11)->(4,14)
0 0 0
12 (0,12)->(4,0)
0 0 0
13 (0,13)->(4,1)
0 0 0
14 (0,14)->(4,2)
0 0 0
15 (0,0)->(1,4)
0 0 0
16 (0,1)->(1,5)
0 0 0
17 (0,2)->(1,6)
0 0 0
18 (0,3)->(1,7)
0 0 0
19 (0,4)->(1,8)
0 0 0
20 (0,5)->(1,9)
0 0 0
21 (0,6)->(1,10)
0 0 0
22 (0,7)->(1,11)
0 0 0
23 (0,8)->(1,12)
0 0 0
24 (0,9)->(1,13)
0 0 0
25 (0,10)->(1,14)
0 0 0
26 (0,11)->(1,0)
0 0 0
27 (0,12)->(1,1)
0 0 0
28 (0,13)->(1,2)
0 0 0
29 (0,14)->(1,3)
0 0 0
30 (1,0)->(2,4)
0 0 0
31 (1,1)->(2,5)
0 0 0
32 (1,2)->(2,6)
0 0 0
33 (1,3)->(2,7)
0 0 0
34 (1,4)->(2,8)
0 0 0
35 (1,5)->(2,9)
0 0 0
36 (1,6)->(2,10)
0 0 0
37 (1,7)->(2,11)
0 0 0
38 (1,8)->(2,12)
0 0 0
39 (1,9)->(2,13)
0 0 0
40 (1,10)->(2,14)
0 0 0
41 (1,11)->(2,0)
0 0 0
42 (1,12)->(2,1)
0 0 0
43 (1,13)->(2,2)
0 0 0
44 (1,14)->(2,3)
0 0 0
45 (1,0)->(0,5)
0 1 0
46 (1,1)->(0,6)
0 1 0
47 (1,2)->(0,7)
0 1 1
48 (1,3)->(0,8)
0 1 1
49 (1,4)->(0,9)
0 1 1
50 (1,5)->(0,10)
0 0 0
51 (1,6)->(0,11)
0 0 0
52 (1,7)->(0,12)
0 0 0
53 (1,8)->(0,13)
0 1 0
54 (1,9)->(0,14)
0 1 0
55 (1,10)->(0,0)
0 1 0
56 (1,11)->(0,1)
0 1 0
57 (1,12)->(0,2)
0 1 0
58 (1,13)->(0,3)
0 1 0
59 (1,14)->(0,4)
0 1 0
60 (2,0)->(3,3)
1 0 0
61 (2,1)->(3,4)
1 0 0
62 (2,2)->(3,5)
1 0 0
63 (2,3)->(3,6)
1 0 0
64 (2,4)->(3,7)
1 0 0
65 (2,5)->(3,8)
1 0 0
66 (2,6)->(3,9)
0 0 0
67 (2,7)->(3,10)
0 0 0
68 (2,8)->(3,11)
0 0 0
69 (2,9)->(3,12)
1 0 1
70 (2,10)->(3,13)
1 0 1
71 (2,11)->(3,14)
1 0 1
72 (2,12)->(3,0)
1 0 0
73 (2,13)->(3,1)
1 0 0
74 (2,14)->(3,2)
1 0 0
75 (2,0)->(0,4)
1 1 1
76 (2,1)->(0,5)
1 1 1
77 (2,2)->(0,6)
1 1 1
78 (2,3)->(0,7)
1 1 1
79 (2,4)->(0,8)
1 1 1
80 (2,5)->(0,9)
1 1 1
81 (2,6)->(0,10)
0 0 0
82 (2,7)->(0,11)
0 0 0
83 (2,8)->(0,12)
0 0 0
84 (2,9)->(0,13)
1 1 1
85 (2,10)->(0,14)
1 1 1
86 (2,11)->(0,0)
1 1 1
87 (2,12)->(0,1)
1 1 1
88 (2,13)->(0,2)
1 1 1
89 (2,14)->(0,3)
1 1 1
90 (3,0)->(1,5)
0 0 0
91 (3,1)->(1,6)
0 0 0
92 (3,2)->(1,7)
0 0 0
93 (3,3)->(1,8)
0 0 0
94 (3,4)->(1,9)
0 0 0
95 (3,5)->(1,10)
0 0 0
96 (3,6)->(1,11)
0 0 0
97 (3,7)->(1,12)
0 0 0
98 (3,8)->(1,13)
0 0 0
99 (3,9)->(1,14)
0 0 0
100 (3,10)->(1,0)
0 0 0
101 (3,11)->(1,1)
0 0 0
102 (3,12)->(1,2)
0 0 1
103 (3,13)->(1,3)
0 0 1
104 (3,14)->(1,4)
0 0 1
105 (3,0)->(4,4)
0 0 0
106 (3,1)->(4,5)
0 0 0
107 (3,2)->(4,6)
0 0 0
108 (3,3)->(4,7)
0 0 0
109 (3,4)->(4,8)
0 0 0
110 (3,5)->(4,9)
0 0 0
111 (3,6)->(4,10)
0 0 0
112 (3,7)->(4,11)
0 0 0
113 (3,8)->(4,12)
0 0 0
114 (3,9)->(4,13)
0 0 0
115 (3,10)->(4,14)
0 0 0
116 (3,11)->(4,0)
0 0 0
117 (3,12)->(4,1)
0 0 0
118 (3,13)->(4,2)
0 0 0
119 (3,14)->(4,3)
0 0 0
120 (4,0)->(2,5)
0 0 0
121 (4,1)->(2,6)
0 0 0
122 (4,2)->(2,7)
0 0 0
123 (4,3)->(2,8)
0 0 0
124 (4,4)->(2,9)
0 0 0
125 (4,5)->(2,10)
0 0 0
126 (4,6)->(2,11)
0 0 0
127 (4,7)->(2,12)
0 0 0
128 (4,8)->(2,13)
0 0 0
129 (4,9)->(2,14)
0 0 0
130 (4,10)->(2,0)
0 0 0
131 (4,11)->(2,1)
0 0 0
132 (4,12)->(2,2)
0 0 0
133 (4,13)->(2,3)
0 0 0
134 (4,14)->(2,4)
0 0 0
135 (4,0)->(3,4)
0 0 0
136 (4,1)->(3,5)
0 0 0
137 (4,2)->(3,6)
0 0 0
138 (4,3)->(3,7)
0 0 0
139 (4,4)->(3,8)
0 0 0
140 (4,5)->(3,9)
0 0 0
141 (4,6)->(3,10)
0 0 0
142 (4,7)->(3,11)
0 0 0
143 (4,8)->(3,12)
0 0 0
144 (4,9)->(3,13)
0 0 0
145 (4,10)->(3,14)
0 0 0
146 (4,11)->(3,0)
0 0 0
147 (4,12)->(3,1)
0 0 0
148 (4,13)->(3,2)
0 0 0
149 (4,14)->(3,3)
0 0 0
16
0 (0,0)->(4,3)
0 0 0
1 (0,1)->(4,4)
0 0 0
2 (0,2)->(4,5)
0 0 0
3 (0,3)->(4,6)
0 0 1
4 (0,4)->(4,7)
0 0 1
5 (0,5)->(4,8)
0 0 1
6 (0,6)->(4,9)
0 0 1
7 (0,7)->(4,10)
0 0 1
8 (0,8)->(4,11)
0 0 0
9 (0,9)->(4,12)
0 0 0
10 (0,10)->(4,13)
0 0 0
11 (0,11)->(4,14)
0 0 0
12 (0,12)->(4,0)
0 0 0
13 (0,13)->(4,1)
0 0 0
14 (0,14)->(4,2)
0 0 0
15 (0,0)->(1,4)
0 0 0
16 (0,1)->(1,5)
0 0 0
17 (0,2)->(1,6)
0 0 0
18 (0,3)->(1,7)
0 0 0
19 (0,4)->(1,8)
0 0 0
20 (0,5)->(1,9)
0 0 0
21 (0,6)->(1,10)
0 0 0
22 (0,7)->(1,11)
0 0 0
23 (0,8)->(1,12)
0 0 0
24 (0,9)->(1,13)
0 0 0
25 (0,10)->(1,14)
0 0 0
26 (0,11)->(1,0)
0 0 0
27 (0,12)->(1,1)
0 0 0
28 (0,13)->(1,2)
0 0 0
29 (0,14)->(1,3)
0 0 0
30 (1,0)->(2,4)
0 0 0
31 (1,1)->(2,5)
0 0 0
32 (1,2)->(2,6)
0 0 0
33 (1,3)->(2,7)
0 0 0
34 (1,4)->(2,8)
0 0 0
35 (1,5)->(2,9)
0 0 0
36 (1,6)->(2,10)
0 0 0
37 (1,7)->(2,11)
0 0 0
38 (1,8)->(2,12)
0 0 0
39 (1,9)->(2,13)
0 0 0
40 (1,10)->(2,14)
0 0 0
41 (1,11)->(2,0)
0 0 0
42 (1,12)->(2,1)
0 0 0
43 (1,13)->(2,2)
0 0 0
44 (1,14)->(2,3)
0 0 0
45 (1,0)->(0,5)
0 0 0
46 (1,1)->(0,6)
0 0 0
47 (1,2)->(0,7)
0 0 0
48 (1,3)->(0,8)
0 0 0
49 (1,4)->(0,9)
0 0 0
50 (1,5)->(0,10)
0 0 0
51 (1,6)->(0,11)
0 0 0
52 (1,7)->(0,12)
0 0 0
53 (1,8)->(0,13)
0 0 0
54 (1,9)->(0,14)
0 0 0
55 (1,10)->(0,0)
0 0 0
56 (1,11)->(0,1)
0 0 0
57 (1,12)->(0,2)
0 0 0
58 (1,13)->(0,3)
0 0 0
59 (1,14)->(0,4)
0 0 0
60 (2,0)->(3,3)
1 1 1
61 (2,1)->(3,4)
1 1 1
62 (2,2)->(3,5)
1 1 1
63 (2,3)->(3,6)
1 1 1
64 (2,4)->(3,7)
1 1 1
65 (2,5)->(3,8)
1 1 1
66 (2,6)->(3,9)
1 1 1
67 (2,7)->(3,10)
1 1 1
68 (2,8)->(3,11)
1 1 1
69 (2,9)->(3,12)
1 1 1
70 (2,10)->(3,13)
1 1 1
71 (2,11)->(3,14)
1 1 1
72 (2,12)->(3,0)
0 0 0
73 (2,13)->(3,1)
0 0 0
74 (2,14)->(3,2)
1 1 1
75 (2,0)->(0,4)
1 0 1
76 (2,1)->(0,5)
1 0 1
77 (2,2)->(0,6)
1 0 1
78 (2,3)->(0,7)
1 0 1
79 (2,4)->(0,8)
1 0 0
80 (2,5)->(0,9)
1 0 0
81 (2,6)->(0,10)
1 0 0
82 (2,7)->(0,11)
1 0 0
83 (2,8)->(0,12)
1 0 0
84 (2,9)->(0,13)
1 0 0
85 (2,10)->(0,14)
1 0 0
86 (2,11)->(0,0)
1 0 0
87 (2,12)->(0,1)
0 0 0
88 (2,13)->(0,2)
0 0 0
89 (2,14)->(0,3)
1 0 1
90 (3,0)->(1,5)
0 0 0
91 (3,1)->(1,6)
0 0 0
92 (3,2)->(1,7)
0 0 0
93 (3,3)->(1,8)
0 0 0
94 (3,4)->(1,9)
0 0 0
95 (3,5)->(1,10)
0 0 0
96 (3,6)->(1,11)
0 0 0
97 (3,7)->(1,12)
0 0 0
98 (3,8)->(1,13)
0 0 0
99 (3,9)->(1,14)
0 0 0
100 (3,10)->(1,0)
0 0 0
101 (3,11)->(1,1)
0 0 0
102 (3,12)->(1,2)
0 0 0
103 (3,13)->(1,3)
0 0 0
104 (3,14)->(1,4)
0 0 0
105 (3,0)->(4,4)
0 0 0
106 (3,1)->(4,5)
0 0 0
107 (3,2)->(4,6)
0 0 0
108 (3,3)->(4,7)
0 0 0
109 (3,4)->(4,8)
0 0 0
110 (3,5)->(4,9)
0 0 0
111 (3,6)->(4,10)
0 0 0
112 (3,7)->(4,11)
0 0 0
113 (3,8)->(4,12)
0 0 0
114 (3,9)->(4,13)
0 0 0
115 (3,10)->(4,14)
0 0 0
116 (3,11)->(4,0)
0 0 0
117 (3,12)->(4,1)
0 0 0
118 (3,13)->(4,2)
0 0 0
119 (3,14)->(4,3)
0 0 0
120 (4,0)->(2,5)
0 0 0
121 (4,1)->(2,6)
0 0 0
122 (4,2)->(2,7)
0 0 0
123 (4,3)->(2,8)
0 0 0
124 (4,4)->(2,9)
0 0 0
125 (4,5)->(2,10)
0 0 0
126 (4,6)->(2,11)
0 0 0
127 (4,7)->(2,12)
0 0 0
128 (4,8)->(2,13)
0 0 0
129 (4,9)->(2,14)
0 0 0
130 (4,10)->(2,0)
0 0 0
131 (4,11)->(2,1)
0 0 0
132 (4,12)->(2,2)
0 0 0
133 (4,13)->(2,3)
0 0 0
134 (4,14)->(2,4)
0 0 0
135 (4,0)->(3,4)
0 1 0
136 (4,1)->(3,5)
0 1 0
137 (4,2)->(3,6)
0 1 0
138 (4,3)->(3,7)
0 1 0
139 (4,4)->(3,8)
0 1 0
140 (4,5)->(3,9)
0 1 0
141 (4,6)->(3,10)
0 1 1
142 (4,7)->(3,11)
0 1 1
143 (4,8)->(3,12)
0 1 1
144 (4,9)->(3,13)
0 1 1
145 (4,10)->(3,14)
0 1 1
146 (4,11)->(3,0)
0 0 0
147 (4,12)->(3,1)
0 0 0
148 (4,13)->(3,2)
0 1 0
149 (4,14)->(3,3)
0 1 0
17
0 (0,0)->(4,3)
0 0 0
1 (0,1)->(4,4)
0 0 0
2 (0,2)->(4,5)
0 0 0
3 (0,3)->(4,6)
0 0 0
4 (0,4)->(4,7)
0 0 0
5 (0,5)->(4,8)
0 0 0
6 (0,6)->(4,9)
0 0 0
7 (0,7)->(4,10)
0 0 0
8 (0,8)->(4,11)
0 0 0
9 (0,9)->(4,12)
0 0 0
10 (0,10)->(4,13)
0 0 0
11 (0,11)->(4,14)
0 0 0
12 (0,12)->(4,0)
0 0 0
13 (0,13)->(4,1)
0 0 0
14 (0,14)->(4,2)
0 0 0
15 (0,0)->(1,4)
0 1 0
16 (0,1)->(1,5)
0 1 0
17 (0,2)->(1,6)
0 1 0
18 (0,3)->(1,7)
0 1 0
19 (0,4)->(1,8)
0 1 0
20 (0,5)->(1,9)
0 1 0
21 (0,6)->(1,10)
0 1 0
22 (0,7)->(1,11)
0 1 0
23 (0,8)->(1,12)
0 1 0
24 (0,9)->(1,13)
0 1 0
25 (0,10)->(1,14)
0 0 0
26 (0,11)->(1,0)
0 0 0
27 (0,12)->(1,1)
0 0 0
28 (0,13)->(1,2)
0 0 0
29 (0,14)->(1,3)
0 1 0
30 (1,0)->(2,4)
0 0 0
31 (1,1)->(2,5)
0 0 0
32 (1,2)->(2,6)
0 0 0
33 (1,3)->(2,7)
0 0 0
34 (1,4)->(2,8)
0 0 0
35 (1,5)->(2,9)
0 0 0
36 (1,6)->(2,10)
0 0 0
37 (1,7)->(2,11)
0 0 0
38 (1,8)->(2,12)
0 0 0
39 (1,9)->(2,13)
0 0 0
40 (1,10)->(2,14)
0 0 0
41 (1,11)->(2,0)
0 0 0
42 (1,12)->(2,1)
0 0 0
43 (1,13)->(2,2)
0 0 0
44 (1,14)->(2,3)
0 0 0
45 (1,0)->(0,5)
0 0 0
46 (1,1)->(0,6)
0 0 0
47 (1,2)->(0,7)
0 0 0
48 (1,3)->(0,8)
0 0 0
49 (1,4)->(0,9)
0 0 0
50 (1,5)->(0,10)
0 0 0
51 (1,6)->(0,11)
0 0 0
52 (1,7)->(0,12)
0 0 0
53 (1,8)->(0,13)
0 0 0
54 (1,9)->(0,14)
0 0 0
55 (1,10)->(0,0)
0 0 0
56 (1,11)->(0,1)
0 0 0
57 (1,12)->(0,2)
0 0 0
58 (1,13)->(0,3)
0 0 0
59 (1,14)->(0,4)
0 0 0
60 (2,0)->(3,3)
0 0 0
61 (2,1)->(3,4)
0 0 0
62 (2,2)->(3,5)
0 0 0
63 (2,3)->(3,6)
0 0 0
64 (2,4)->(3,7)
0 0 0
65 (2,5)->(3,8)
0 0 0
66 (2,6)->(3,9)
0 0 0
67 (2,7)->(3,10)
0 0 0
68 (2,8)->(3,11)
0 0 0
69 (2,9)->(3,12)
0 0 0
70 (2,10)->(3,13)
0 0 0
71 (2,11)->(3,14)
0 0 0
72 (2,12)->(3,0)
0 0 0
73 (2,13)->(3,1)
0 0 0
74 (2,14)->(3,2)
0 0 0
75 (2,0)->(0,4)
0 0 0
76 (2,1)->(0,5)
0 0 0
77 (2,2)->(0,6)
0 0 0
78 (2,3)->(0,7)
0 0 0
79 (2,4)->(0,8)
0 0 0
80 (2,5)->(0,9)
0 0 0
81 (2,6)->(0,10)
0 0 0
82 (2,7)->(0,11)
0 0 0
83 (2,8)->(0,12)
0 0 0
84 (2,9)->(0,13)
0 0 0
85 (2,10)->(0,14)
0 0 0
86 (2,11)->(0,0)
0 0 0
87 (2,12)->(0,1)
0 0 0
88 (2,13)->(0,2)
0 0 0
89 (2,14)->(0,3)
0 0 0
90 (3,0)->(1,5)
1 1 1
91 (3,1)->(1,6)
1 1 1
92 (3,2)->(1,7)
1 1 1
93 (3,3)->(1,8)
1 1 1
94 (3,4)->(1,9)
1 1 1
95 (3,5)->(1,10)
1 1 1
96 (3,6)->(1,11)
1 1 1
97 (3,7)->(1,12)
1 1 1
98 (3,8)->(1,13)
1 1 1
99 (3,9)->(1,14)
0 0 0
100 (3,10)->(1,0)
0 0 0
101 (3,11)->(1,1)
0 0 0
102 (3,12)->(1,2)
0 0 0
103 (3,13)->(1,3)
1 1 1
104 (3,14)->(1,4)
1 1 1
105 (3,0)->(4,4)
1 0 0
106 (3,1)->(4,5)
1 0 0
107 (3,2)->(4,6)
1 0 0
108 (3,3)->(4,7)
1 0 0
109 (3,4)->(4,8)
1 0 0
110 (3,5)->(4,9)
1 0 0
111 (3,6)->(4,10)
1 0 0
112 (3,7)->(4,11)
1 0 0
113 (3,8)->(4,12)
1 0 0
114 (3,9)->(4,13)
0 0 0
115 (3,10)->(4,14)
0 0 0
116 (3,11)->(4,0)
0 0 0
117 (3,12)->(4,1)
0 0 0
118 (3,13)->(4,2)
1 0 0
119 (3,14)->(4,3)
1 0 0
120 (4,0)->(2,5)
0 0 0
121 (4,1)->(2,6)
0 0 0
122 (4,2)->(2,7)
0 0 0
123 (4,3)->(2,8)
0 0 0
124 (4,4)->(2,9)
0 0 0
125 (4,5)->(2,10)
0 0 0
126 (4,6)->(2,11)
0 0 0
127 (4,7)->(2,12)
0 0 0
128 (4,8)->(2,13)
0 0 0
129 (4,9)->(2,14)
0 0 0
130 (4,10)->(2,0)
0 0 0
131 (4,11)->(2,1)
0 0 0
132 (4,12)->(2,2)
0 0 0
133 (4,13)->(2,3)
0 0 0
134 (4,14)->(2,4)
0 0 0
135 (4,0)->(3,4)
0 0 0
136 (4,1)->(3,5)
0 0 0
137 (4,2)->(3,6)
0 0 0
138 (4,3)->(3,7)
0 0 0
139 (4,4)->(3,8)
0 0 0
140 (4,5)->(3,9)
0 0 0
141 (4,6)->(3,10)
0 0 0
142 (4,7)->(3,11)
0 0 0
143 (4,8)->(3,12)
0 0 0
144 (4,9)->(3,13)
0 0 0
145 (4,10)->(3,14)
0 0 0
146 (4,11)->(3,0)
0 0 0
147 (4,12)->(3,1)
0 0 0
148 (4,13)->(3,2)
0 0 0
149 (4,14)->(3,3)
0 0 0
18
0 (0,0)->(4,3)
1 0 0
1 (0,1)->(4,4)
0 0 0
2 (0,2)->(4,5)
0 0 0
3 (0,3)->(4,6)
0 0 0
4 (0,4)->(4,7)
1 0 1
5 (0,5)->(4,8)
1 0 1
6 (0,6)->(4,9)
1 0 1
7 (0,7)->(4,10)
1 0 1
8 (0,8)->(4,11)
1 0 0
9 (0,9)->(4,12)
1 0 0
10 (0,10)->(4,13)
1 0 0
11 (0,11)->(4,14)
1 0 0
12 (0,12)->(4,0)
1 0 0
13 (0,13)->(4,1)
1 0 0
14 (0,14)->(4,2)
1 0 0
15 (0,0)->(1,4)
1 1 1
16 (0,1)->(1,5)
0 0 0
17 (0,2)->(1,6)
0 0 0
18 (0,3)->(1,7)
0 0 0
19 (0,4)->(1,8)
1 1 1
20 (0,5)->(1,9)
1 1 1
21 (0,6)->(1,10)
1 1 1
22 (0,7)->(1,11)
1 1 1
23 (0,8)->(1,12)
1 1 1
24 (0,9)->(1,13)
1 1 1
25 (0,10)->(1,14)
1 1 1
26 (0,11)->(1,0)
1 1 1
27 (0,12)->(1,1)
1 1 1
28 (0,13)->(1,2)
1 1 1
29 (0,14)->(1,3)
1 1 1
30 (1,0)->(2,4)
0 0 0
31 (1,1)->(2,5)
0 0 0
32 (1,2)->(2,6)
0 0 0
33 (1,3)->(2,7)
0 0 0
34 (1,4)->(2,8)
0 0 0
35 (1,5)->(2,9)
0 0 0
36 (1,6)->(2,10)
0 0 0
37 (1,7)->(2,11)
0 0 0
38 (1,8)->(2,12)
0 0 0
39 (1,9)->(2,13)
0 0 0
40 (1,10)->(2,14)
0 0 0
41 (1,11)->(2,0)
0 0 0
42 (1,12)->(2,1)
0 0 0
43 (1,13)->(2,2)
0 0 0
44 (1,14)->(2,3)
0 0 0
45 (1,0)->(0,5)
0 0 0
46 (1,1)->(0,6)
0 0 0
47 (1,2)->(0,7)
0 0 0
48 (1,3)->(0,8)
0 0 0
49 (1,4)->(0,9)
0 0 0
50 (1,5)->(0,10)
0 0 0
51 (1,6)->(0,11)
0 0 0
52 (1,7)->(0,12)
0 0 0
53 (1,8)->(0,13)
0 0 0
54 (1,9)->(0,14)
0 0 0
55 (1,10)->(0,0)
0 0 0
56 (1,11)->(0,1)
0 0 0
57 (1,12)->(0,2)
0 0 0
58 (1,13)->(0,3)
0 0 0
59 (1,14)->(0,4)
0 0 0
60 (2,0)->(3,3)
0 0 0
61 (2,1)->(3,4)
0 0 0
62 (2,2)->(3,5)
0 0 0
63 (2,3)->(3,6)
0 0 0
64 (2,4)->(3,7)
0 0 0
65 (2,5)->(3,8)
0 0 0
66 (2,6)->(3,9)
0 0 0
67 (2,7)->(3,10)
0 0 0
68 (2,8)->(3,11)
0 0 0
69 (2,9)->(3,12)
0 0 0
70 (2,10)->(3,13)
0 0 0
71 (2,11)->(3,14)
0 0 0
72 (2,12)->(3,0)
0 0 0
73 (2,13)->(3,1)
0 0 0
74 (2,14)->(3,2)
0 0 0
75 (2,0)->(0,4)
0 0 0
76 (2,1)->(0,5)
0 0 0
77 (2,2)->(0,6)
0 0 0
78 (2,3)->(0,7)
0 0 0
79 (2,4)->(0,8)
0 0 0
80 (2,5)->(0,9)
0 0 0
81 (2,6)->(0,10)
0 0 0
82 (2,7)->(0,11)
0 0 0
83 (2,8)->(0,12)
0 0 0
84 (2,9)->(0,13)
0 0 0
85 (2,10)->(0,14)
0 0 0
86 (2,11)->(0,0)
0 0 0
87 (2,12)->(0,1)
0 0 0
88 (2,13)->(0,2)
0 0 0
89 (2,14)->(0,3)
0 0 0
90 (3,0)->(1,5)
0 0 0
91 (3,1)->(1,6)
0 0 0
92 (3,2)->(1,7)
0 0 0
93 (3,3)->(1,8)
0 1 0
94 (3,4)->(1,9)
0 1 0
95 (3,5)->(1,10)
0 1 0
96 (3,6)->(1,11)
0 1 0
97 (3,7)->(1,12)
0 1 0
98 (3,8)->(1,13)
0 1 0
99 (3,9)->(1,14)
0 1 0
100 (3,10)->(1,0)
0 1 0
101 (3,11)->(1,1)
0 1 1
102 (3,12)->(1,2)
0 1 1
103 (3,13)->(1,3)
0 1 1
104 (3,14)->(1,4)
0 1 1
105 (3,0)->(4,4)
0 0 0
106 (3,1)->(4,5)
0 0 0
107 (3,2)->(4,6)
0 0 0
108 (3,3)->(4,7)
0 0 0
109 (3,4)->(4,8)
0 0 0
110 (3,5)->(4,9)
0 0 0
111 (3,6)->(4,10)
0 0 0
112 (3,7)->(4,11)
0 0 0
113 (3,8)->(4,12)
0 0 0
114 (3,9)->(4,13)
0 0 0
115 (3,10)->(4,14)
0 0 0
116 (3,11)->(4,0)
0 0 0
117 (3,12)->(4,1)
0 0 0
118 (3,13)->(4,2)
0 0 0
119 (3,14)->(4,3)
0 0 0
120 (4,0)->(2,5)
0 0 0
121 (4,1)->(2,6)
0 0 0
122 (4,2)->(2,7)
0 0 0
123 (4,3)->(2,8)
0 0 0
124 (4,4)->(2,9)
0 0 0
125 (4,5)->(2,10)
0 0 0
126 (4,6)->(2,11)
0 0 0
127 (4,7)->(2,12)
0 0 0
128 (4,8)->(2,13)
0 0 0
129 (4,9)->(2,14)
0 0 0
130 (4,10)->(2,0)
0 0 0
131 (4,11)->(2,1)
0 0 0
132 (4,12)->(2,2)
0 0 0
133 (4,13)->(2,3)
0 0 0
134 (4,14)->(2,4)
0 0 0
135 (4,0)->(3,4)
0 0 0
136 (4,1)->(3,5)
0 0 0
137 (4,2)->(3,6)
0 0 0
138 (4,3)->(3,7)
0 0 0
139 (4,4)->(3,8)
0 0 0
140 (4,5)->(3,9)
0 0 0
141 (4,6)->(3,10)
0 0 0
142 (4,7)->(3,11)
0 0 1
143 (4,8)->(3,12)
0 0 1
144 (4,9)->(3,13)
0 0 1
145 (4,10)->(3,14)
0 0 1
146 (4,11)->(3,0)
0 0 0
147 (4,12)->(3,1)
0 0 0
148 (4,13)->(3,2)
0 0 0
149 (4,14)->(3,3)
0 0 0
19
0 (0,0)->(4,3)
0 0 0
1 (0,1)->(4,4)
0 0 0
2 (0,2)->(4,5)
0 0 0
3 (0,3)->(4,6)
0 0 0
4 (0,4)->(4,7)
0 0 0
5 (0,5)->(4,8)
0 0 0
6 (0,6)->(4,9)
0 0 0
7 (0,7)->(4,10)
0 0 0
8 (0,8)->(4,11)
0 0 0
9 (0,9)->(4,12)
0 0 0
10 (0,10)->(4,13)
0 0 0
11 (0,11)->(4,14)
0 0 0
12 (0,12)->(4,0)
0 0 0
13 (0,13)->(4,1)
0 0 0
14 (0,14)->(4,2)
0 0 0
15 (0,0)->(1,4)
0 0 0
16 (0,1)->(1,5)
0 0 0
17 (0,2)->(1,6)
0 0 0
18 (0,3)->(1,7)
0 0 0
19 (0,4)->(1,8)
0 0 0
20 (0,5)->(1,9)
0 0 0
21 (0,6)->(1,10)
0 0 0
22 (0,7)->(1,11)
0 0 0
23 (0,8)->(1,12)
0 0 0
24 (0,9)->(1,13)
0 0 0
25 (0,10)->(1,14)
0 0 0
26 (0,11)->(1,0)
0 0 0
27 (0,12)->(1,1)
0 0 0
28 (0,13)->(1,2)
0 0 0
29 (0,14)->(1,3)
0 0 0
30 (1,0)->(2,4)
0 0 0
31 (1,1)->(2,5)
0 0 0
32 (1,2)->(2,6)
0 0 0
33 (1,3)->(2,7)
0 1 0
34 (1,4)->(2,8)
0 1 0
35 (1,5)->(2,9)
0 1 0
36 (1,6)->(2,10)
0 1 0
37 (1,7)->(2,11)
0 1 0
38 (1,8)->(2,12)
0 1 0
39 (1,9)->(2,13)
0 1 0
40 (1,10)->(2,14)
0 1 0
41 (1,11)->(2,0)
0 1 1
42 (1,12)->(2,1)
0 1 1
43 (1,13)->(2,2)
0 1 1
44 (1,14)->(2,3)
0 0 0
45 (1,0)->(0,5)
0 0 0
46 (1,1)->(0,6)
0 0 0
47 (1,2)->(0,7)
0 0 0
48 (1,3)->(0,8)
0 0 0
49 (1,4)->(0,9)
0 0 0
50 (1,5)->(0,10)
0 0 0
51 (1,6)->(0,11)
0 0 0
52 (1,7)->(0,12)
0 0 0
53 (1,8)->(0,13)
0 0 0
54 (1,9)->(0,14)
0 0 0
55 (1,10)->(0,0)
0 0 0
56 (1,11)->(0,1)
0 0 0
57 (1,12)->(0,2)
0 0 0
58 (1,13)->(0,3)
0 0 0
59 (1,14)->(0,4)
0 0 0
60 (2,0)->(3,3)
0 0 0
61 (2,1)->(3,4)
0 0 0
62 (2,2)->(3,5)
0 0 0
63 (2,3)->(3,6)
0 0 0
64 (2,4)->(3,7)
0 0 0
65 (2,5)->(3,8)
0 0 0
66 (2,6)->(3,9)
0 0 0
67 (2,7)->(3,10)
0 0 0
68 (2,8)->(3,11)
0 0 0
69 (2,9)->(3,12)
0 0 0
70 (2,10)->(3,13)
0 0 0
71 (2,11)->(3,14)
0 0 0
72 (2,12)->(3,0)
0 0 0
73 (2,13)->(3,1)
0 0 0
74 (2,14)->(3,2)
0 0 0
75 (2,0)->(0,4)
0 0 0
76 (2,1)->(0,5)
0 0 0
77 (2,2)->(0,6)
0 0 0
78 (2,3)->(0,7)
0 0 0
79 (2,4)->(0,8)
0 0 0
80 (2,5)->(0,9)
0 0 0
81 (2,6)->(0,10)
0 0 0
82 (2,7)->(0,11)
0 0 0
83 (2,8)->(0,12)
0 0 0
84 (2,9)->(0,13)
0 0 0
85 (2,10)->(0,14)
0 0 0
86 (2,11)->(0,0)
0 0 0
87 (2,12)->(0,1)
0 0 0
88 (2,13)->(0,2)
0 0 0
89 (2,14)->(0,3)
0 0 0
90 (3,0)->(1,5)
0 0 0
91 (3,1)->(1,6)
0 0 0
92 (3,2)->(1,7)
0 0 0
93 (3,3)->(1,8)
0 0 0
94 (3,4)->(1,9)
0 0 0
95 (3,5)->(1,10)
0 0 0
96 (3,6)->(1,11)
0 0 1
97 (3,7)->(1,12)
0 0 1
98 (3,8)->(1,13)
0 0 1
99 (3,9)->(1,14)
0 0 0
100 (3,10)->(1,0)
0 0 0
101 (3,11)->(1,1)
0 0 0
102 (3,12)->(1,2)
0 0 0
103 (3,13)->(1,3)
0 0 0
104 (3,14)->(1,4)
0 0 0
105 (3,0)->(4,4)
0 0 0
106 (3,1)->(4,5)
0 0 0
107 (3,2)->(4,6)
0 0 0
108 (3,3)->(4,7)
0 0 0
109 (3,4)->(4,8)
0 0 0
110 (3,5)->(4,9)
0 0 0
111 (3,6)->(4,10)
0 0 0
112 (3,7)->(4,11)
0 0 0
113 (3,8)->(4,12)
0 0 0
114 (3,9)->(4,13)
0 0 0
115 (3,10)->(4,14)
0 0 0
116 (3,11)->(4,0)
0 0 0
117 (3,12)->(4,1)
0 0 0
118 (3,13)->(4,2)
0 0 0
119 (3,14)->(4,3)
0 0 0
120 (4,0)->(2,5)
0 0 0
121 (4,1)->(2,6)
0 0 0
122 (4,2)->(2,7)
1 1 1
123 (4,3)->(2,8)
1 1 1
124 (4,4)->(2,9)
1 1 1
125 (4,5)->(2,10)
1 1 1
126 (4,6)->(2,11)
1 1 1
127 (4,7)->(2,12)
1 1 1
128 (4,8)->(2,13)
1 1 1
129 (4,9)->(2,14)
1 1 1
130 (4,10)->(2,0)
1 1 1
131 (4,11)->(2,1)
1 1 1
132 (4,12)->(2,2)
1 1 1
133 (4,13)->(2,3)
0 0 0
134 (4,14)->(2,4)
0 0 0
135 (4,0)->(3,4)
0 0 0
136 (4,1)->(3,5)
0 0 0
137 (4,2)->(3,6)
1 0 1
138 (4,3)->(3,7)
1 0 1
139 (4,4)->(3,8)
1 0 1
140 (4,5)->(3,9)
1 0 0
141 (4,6)->(3,10)
1 0 0
142 (4,7)->(3,11)
1 0 0
143 (4,8)->(3,12)
1 0 0
144 (4,9)->(3,13)
1 0 0
145 (4,10)->(3,14)
1 0 0
146 (4,11)->(3,0)
1 0 0
147 (4,12)->(3,1)
1 0 0
148 (4,13)->(3,2)
0 0 0
149 (4,14)->(3,3)
0 0 0
