LP information:
0
42 30.0 
1
61 10.0 
2
128 30.0 4 30.0 
3
61 13.0 73 6.0 
4
88 17.0 
5
63 17.0 66 5.0 111 3.0 114 19.0 
6
82 28.0 122 28.0 
7
137 21.0 11 21.0 
8
15 7.0 17 5.0 29 7.0 61 8.0 85 7.0 86 7.0 88 5.0 94 8.0 
9
0 7.0 8 6.0 11 7.0 48 6.0 51 7.0 55 7.0 
10
94 10.0 54 10.0 
11
139 21.0 
12
1 14.0 140 14.0 
13
133 6.0 121 5.0 
14
135 28.0 94 9.0 95 19.0 
15
78 6.0 86 7.0 88 8.0 
16
61 2.0 62 19.0 
17
94 3.0 96 17.0 
18
23 6.0 26 7.0 29 3.0 
19
131 3.0 125 7.000000000000001 126 14.0 

Final Solution:
0
40 30.0 
1
62 10.0 
2
20 30.0 39 30.0 
3
73 19.0 
4
85 17.0 
5
14 4.0 62 18.0 85 4.0 111 18.0 
6
85 28.0 123 28.0 
7
138 20.0 14 21.0 142 1.0 
8
73 27.0 92 27.0 
9
14 20.0 54 20.0 
10
92 10.0 54 10.0 
11
142 9.0 148 12.0 
12
3 10.0 142 10.0 20 4.0 39 4.0 73 4.0 
13
123 11.0 
14
148 28.0 95 28.0 
15
85 1.0 89 20.0 
16
62 21.0 
17
95 20.0 
18
20 16.0 
19
129 20.0 123 4.0 
