LP information:
0
146 11.0 152 19.0 
1
291 10.0 
2
104 5.0 106 1.0 110 1.0 115 23.0 
3
288 4.999999999999998 297 14.000000000000002 
4
45 16.0 52 1.0 211 9.999999999999998 214 1.0000000000000036 215 4.999999999999998 217 1.0 
5
280 22.0 184 22.0 
6
129 23.0 139 5.0 
7
15 21.0 165 14.0 166 7.0 
8
45 27.0 
9
61 14.0 74 6.0 
10
203 4.999999999999998 207 5.000000000000002 224 5.000000000000002 239 4.999999999999998 
11
0 1.0 15 20.0 
12
7 14.0 178 12.000000000000004 179 1.9999999999999964 
13
21 11.0 
14
264 1.9999999999999964 267 19.0 270 7.0000000000000036 
15
49 6.0 56 14.0 57 1.0 201 5.000000000000002 202 8.999999999999998 205 1.0 214 6.0 
16
280 6.000000000000002 291 0.9999999999999982 295 8.999999999999998 297 5.000000000000002 
17
239 20.0 
18
262 10.999999999999998 275 5.000000000000002 170 5.000000000000002 175 10.999999999999998 
19
21 10.000000000000004 24 4.999999999999998 31 8.999999999999998 
20
203 23.0 239 23.0 
21
213 30.0 
22
175 17.0 
23
45 18.0 211 18.0 
24
203 13.000000000000002 213 4.999999999999998 

Final Solution:
0
158 30.0 
1
290 5.999999999999998 295 4.000000000000002 
2
110 30.0 
3
295 19.0 
4
43 17.0 218 17.0 
5
290 14.000000000000002 43 7.999999999999998 68 7.999999999999998 194 14.000000000000002 
6
120 20.0 218 8.0 274 8.0 
7
10 15.000000000000002 295 5.999999999999998 110 5.999999999999998 165 15.000000000000002 
8
58 27.0 
9
68 20.0 
10
205 10.0 235 10.0 
11
10 21.0 
12
10 13.999999999999998 165 13.999999999999998 
13
34 11.0 
14
274 28.0 
15
58 21.0 204 21.0 
16
295 21.0 
17
235 20.0 
18
274 14.0 58 2.0 110 2.0 167 14.0 
19
34 24.0 
20
204 23.0 221 23.0 
21
204 1.0 205 22.0 218 7.0 
22
165 17.0 
23
43 18.0 218 18.0 
24
205 18.0 
