LP information:
0
178 7.045454545454557 183 0.13636363636362958 185 3.9545454545454426 194 5.272727272727275 195 7.000000000000012 196 6.090909090909085 199 0.4999999999999991 
1
350 7.000000000000012 365 2.9999999999999876 
2
126 0.0909090909090855 128 0.9545454545454549 129 2.4999999999999947 145 1.545454545454544 148 24.90909090909092 
3
360 3.454545454545454 363 0.13636363636363047 367 15.409090909090915 
4
53 11.63636363636364 56 0.0909090909090855 71 5.272727272727274 258 8.727272727272727 263 6.22727272727273 266 0.4999999999999991 267 1.545454545454544 
5
230 6.090909090909085 233 0.4999999999999991 246 15.409090909090914 351 6.090909090909085 354 0.5000000000000018 358 7.045454545454557 366 8.363636363636356 
6
156 21.272727272727273 163 5.681818181818188 171 0.0909090909090855 173 0.954545454545455 
7
0 0.9545454545454559 2 1.545454545454544 17 12.090909090909093 136 6.4090909090909065 207 5.681818181818188 211 6.409090909090906 216 0.9545454545454559 222 1.545454545454544 352 6.4090909090909065 
8
53 5.045454545454537 55 3.9545454545454426 63 5.272727272727275 73 12.727272727272744 
9
76 5.272727272727275 80 1.545454545454544 82 1.545454545454544 87 5.68181818181819 89 2.4999999999999947 90 0.954545454545455 93 1.545454545454544 95 0.954545454545455 
10
257 0.954545454545455 270 5.272727272727275 273 3.77272727272727 285 5.272727272727275 295 3.77272727272727 299 0.954545454545455 
11
2 13.86363636363637 10 1.545454545454544 16 4.636363636363637 20 0.9545454545454506 
12
6 5.272727272727275 19 2.4999999999999947 135 0.954545454545455 141 5.272727272727275 212 2.4999999999999947 223 5.272727272727275 365 0.954545454545455 374 5.272727272727275 
13
26 3.9545454545454426 43 7.045454545454557 
14
336 0.4999999999999991 340 1.545454545454544 341 25.954545454545457 
15
50 1.545454545454544 52 1.6818181818181737 53 11.136363636363644 57 5.681818181818188 60 0.954545454545455 256 1.545454545454544 270 19.454545454545457 
16
357 4.63636363636363 366 12.909090909090917 370 3.454545454545454 
17
279 0.954545454545455 289 1.5454545454545467 295 17.5 
18
209 1.545454545454544 211 10.545454545454547 212 3.909090909090911 327 1.545454545454544 328 5.272727272727279 339 1.545454545454544 341 7.136363636363636 349 0.4999999999999991 
19
31 3.4545454545454533 34 5.272727272727275 36 13.090909090909097 39 0.4999999999999991 48 1.6818181818181737 
20
251 2.4999999999999947 254 5.681818181818188 259 14.818181818181818 281 14.818181818181818 296 5.681818181818188 298 2.4999999999999947 
21
258 20.000000000000004 262 0.0909090909090855 269 1.545454545454544 270 8.363636363636367 
22
201 16.409090909090914 206 0.49999999999999917 215 0.0909090909090855 
23
58 0.954545454545455 59 2.4999999999999947 65 14.045454545454552 69 0.4999999999999991 253 0.4999999999999991 273 17.5 
24
252 0.954545454545455 258 4.363636363636349 259 7.000000000000008 274 5.6818181818181905 

Final Solution:
0
196 30.0 
1
366 10.0 
2
136 30.0 
3
351 19.0 
4
53 17.0 258 17.0 
5
230 22.0 351 22.0 
6
156 28.0 
7
22 1.0 136 20.0 211 1.0 351 9.0 366 11.0 
8
65 27.0 
9
79 20.0 
10
270 1.0 273 9.0 288 10.0 
11
22 21.0 
12
22 14.0 211 14.0 
13
36 11.0 
14
341 28.0 
15
53 16.0 65 5.0 258 3.0 270 18.0 
16
366 21.0 
17
295 20.0 
18
211 16.0 341 16.0 
19
36 24.0 
20
273 23.0 295 23.0 
21
258 30.0 
22
201 17.0 
23
65 18.0 273 18.0 
24
270 18.0 
