LP information:
0
210 21.0 
1
56 17.0 
2
195 8.0 202 21.0 
3
96 27.0 
4
129 15.0 195 15.0 
5
190 20.0 
6
80 5.0 86 11.0 
7
166 5.0 176 10.0 
8
60 22.0 
9
163 14.0 169 14.0 
10
102 28.0 
11
80 10.0 84 17.0 
12
30 20.0 36 7.0 
13
210 12.0 224 17.0 
14
33 9.0 36 6.0 40 1.0 
15
95 18.0 
16
152 15.0 156 7.0 40 5.0 42 17.0 
17
18 9.499999999999996 29 14.500000000000004 
18
220 15.0 
19
153 29.0 42 29.0 
20
61 1.0 65 20.0 
21
154 25.0 
22
130 4.5 132 5.5 133 12.0 
23
81 9.5 85 17.5 
24
59 26.0 
25
137 12.5 144 13.0 145 0.5 
26
165 22.0 
27
124 30.0 
28
130 13.0 201 13.0 
29
96 29.0 
30
185 23.0 
31
74 12.0 
32
102 10.0 
33
204 16.0 120 11.5 123 4.5 
34
217 28.0 
35
71 11.0 
36
62 11.0 67 12.0 
37
157 13.0 32 13.0 
38
123 26.0 
39
205 12.0 
40
6 0.5 9 29.5 
41
211 11.0 
42
158 11.0 159 7.5 162 11.5 170 11.0 171 7.5 173 11.5 
43
214 15.0 
44
151 14.0 161 15.0 34 19.0 38 10.0 
45
148 20.0 
46
53 21.0 
47
9 14.5 11 10.5 12 5.0 121 14.5 125 15.5 
48
157 19.0 
49
202 3.5 206 26.5 121 2.0 122 10.0 123 2.5000000000000036 126 15.499999999999996 
50
72 11.0 
51
108 10.0 115 2.0 
52
36 4.0 37 11.0 
53
150 18.5 163 2.5 
54
60 1.0 62 3.0 63 13.0 68 9.0 
55
40 27.0 
56
146 28.0 
57
207 23.0 123 23.0 
58
139 12.0 144 15.0 
59
64 18.0 
60
130 15.0 198 8.500000000000002 199 6.499999999999998 
61
112 9.0 118 3.0 
62
135 9.5 136 12.5 219 22.0 
63
131 30.0 
64
151 30.0 
65
150 22.0 154 2.0 
66
206 14.0 
67
102 19.0 
68
47 11.0 
69
29 13.0 
70
193 9.0 194 19.0 
71
17 17.0 24 7.0 
72
144 2.0 147 22.0 
73
219 14.0 
74
140 20.0 
75
217 22.0 
76
69 26.0 
77
71 26.0 
78
64 12.0 
79
182 11.0 192 12.0 
80
198 30.0 
81
137 19.0 221 19.0 
82
154 10.0 156 10.0 168 10.0 179 10.0 
83
104 18.0 
84
110 10.0 117 1.0 
85
10 10.0 124 10.0 
86
195 22.0 127 22.0 
87
160 12.0 164 10.0 
88
143 13.0 148 16.0 
89
149 13.0 
90
187 14.0 
91
142 30.0 
92
2 5.5 3 18.5 132 24.0 
93
159 22.0 
94
213 20.0 223 7.0 
95
81 4.0 89 15.0 
96
112 23.0 
97
142 17.0 210 6.5 213 10.5 
98
201 20.0 
99
7 10.0 

Final Solution:
0
210 6.0 220 15.0 
1
56 17.0 
2
203 29.0 
3
102 27.0 
4
129 15.0 196 15.0 
5
26 8.0 137 8.0 182 12.0 
6
80 16.0 
7
172 15.0 
8
72 22.0 
9
150 8.0 151 6.0 177 14.0 
10
95 28.0 
11
80 27.0 
12
37 27.0 
13
216 24.0 220 5.0 
14
40 16.0 
15
95 15.0 102 3.0 
16
151 5.0 152 1.0 154 16.0 40 5.0 42 17.0 
17
16 11.0 17 13.0 
18
216 15.0 
19
152 9.0 155 20.0 42 29.0 
20
71 21.0 
21
151 25.0 
22
130 11.0 133 11.0 
23
78 27.0 
24
56 26.0 
25
137 11.0 146 15.0 
26
179 22.0 
27
128 20.0 123 10.0 
28
133 13.0 200 13.0 
29
95 29.0 
30
182 10.0 185 13.0 
31
69 12.0 
32
95 10.0 
33
202 16.0 121 16.0 
34
218 28.0 
35
60 11.0 
36
61 11.0 69 12.0 
37
151 13.0 40 13.0 
38
133 26.0 
39
195 12.0 
40
3 26.0 9 4.0 
41
218 11.0 
42
160 30.0 172 30.0 
43
219 15.0 
44
151 1.0 163 28.0 36 5.0 37 23.0 40 1.0 
45
146 20.0 
46
47 21.0 
47
9 30.0 121 30.0 
48
152 19.0 
49
203 10.0 206 20.0 123 30.0 
50
60 11.0 
51
26 8.0 47 8.0 112 4.0 
52
36 15.0 
53
152 21.0 
54
71 26.0 
55
36 27.0 
56
137 28.0 
57
204 23.0 124 23.0 
58
135 27.0 
59
60 18.0 
60
130 15.0 200 15.0 
61
112 12.0 
62
135 22.0 219 22.0 
63
130 30.0 
64
154 10.0 160 20.0 
65
154 24.0 
66
195 9.0 204 5.0 
67
102 19.0 
68
47 4.0 56 7.0 
69
17 13.0 
70
182 28.0 
71
17 24.0 
72
135 1.0 137 3.0 148 20.0 
73
220 14.0 
74
141 20.0 
75
216 11.0 218 11.0 
76
69 26.0 
77
72 26.0 
78
60 3.0 61 9.0 
79
185 23.0 
80
200 22.0 202 8.0 
81
140 6.0 40 13.0 47 13.0 220 6.0 
82
150 20.0 177 20.0 
83
95 18.0 
84
112 11.0 
85
78 3.0 80 7.0 220 10.0 
86
204 22.0 124 22.0 
87
163 22.0 
88
140 27.0 146 2.0 
89
146 13.0 
90
185 14.0 
91
148 30.0 
92
130 24.0 3 24.0 
93
150 22.0 
94
210 27.0 
95
78 19.0 
96
112 23.0 
97
140 17.0 210 17.0 
98
195 15.0 196 5.0 
99
9 10.0 
