LP information:
0
90 12.0 
1
96 13.0 
2
212 11.0 
3
212 11.0 
4
221 25.0 
5
92 20.0 
6
113 22.0 
7
210 28.0 
8
136 16.0 143 5.0 
9
211 11.0 
10
131 11.0 198 11.0 
11
224 20.0 
12
113 11.0 114 7.0 
13
143 18.0 
14
93 31.0 
15
100 19.0 
16
119 16.0 
17
109 24.0 
18
204 5.000000000000007 206 15.999999999999993 120 21.0 
19
119 14.0 
20
119 13.0 
21
109 14.0 
22
140 13.0 
23
206 20.0 125 20.0 
24
206 21.0 124 21.0 
25
143 20.0 
26
219 23.0 
27
109 17.0 
28
109 16.0 
29
109 21.0 
30
206 24.0 121 24.0 
31
133 7.0 203 20.0 123 13.0 
32
140 29.0 
33
140 27.0 
34
223 22.0 
35
213 29.0 
36
114 11.0 
37
143 24.0 
38
208 28.0 127 28.0 
39
99 20.0 
40
133 19.0 199 3.9999999999999787 200 15.000000000000021 
41
113 24.0 
42
214 12.000000000000021 224 0.9999999999999787 
43
140 16.0 
44
106 26.99999999999998 119 2.0000000000000213 
45
118 13.0 
46
93 24.0 
47
220 10.0 
48
208 11.0 127 11.0 
49
206 20.0 120 20.0 
50
224 31.0 
51
143 25.0 
52
109 29.0 
53
211 29.0 
54
206 10.0 123 10.0 
55
113 20.0 
56
143 11.0 
57
201 23.0 120 23.0 
58
201 22.0 120 22.0 
59
219 17.0 
60
212 20.0 
61
140 11.0 
62
108 27.0 
63
100 29.0 
64
143 19.0 
65
206 27.0 123 27.0 
66
92 26.0 
67
119 11.0 
68
97 18.0 
69
128 12.0 208 18.0 126 6.0 
70
134 14.0 200 14.0 
71
114 18.000000000000004 118 1.9999999999999964 
72
208 24.0 126 24.0 
73
108 4.000000000000014 114 21.999999999999986 
74
220 23.0 
75
119 10.0 
76
218 16.0 
77
113 29.0 
78
208 13.0 127 13.0 
79
132 18.0 199 2.0 203 16.0 
80
128 16.0 208 21.0 127 5.0 
81
204 22.0 121 22.0 
82
93 9.0 99 12.0 
83
218 25.0 
84
94 5.9999999999999964 104 23.000000000000004 
85
113 20.0 
86
143 27.0 
87
93 29.0 
88
141 11.0 147 10.0 
89
113 21.0 
90
207 11.0 127 11.0 
91
136 27.0 
92
215 30.0 
93
140 21.0 
94
114 16.0 
95
140 6.999999999999972 147 10.000000000000028 
96
208 9.0 127 9.0 
97
108 16.0 
98
90 11.0 
99
206 21.0 121 21.0 
100
143 11.0 
101
140 27.0 
102
98 16.0 
103
96 13.0 
104
114 15.0 
105
206 22.0 125 22.0 
106
216 21.0 
107
208 28.0 126 28.0 
108
215 26.0 
109
114 22.0 
110
215 16.0 
111
91 14.0 
112
132 23.0 197 23.0 
113
143 18.0 
114
216 19.0 
115
108 24.0 
116
119 29.0 
117
101 20.0 
118
136 24.0 
119
103 15.0 
120
223 19.0 
121
119 26.0 
122
108 18.0 
123
94 20.0 
124
223 21.0 
125
119 27.0 
126
206 29.0 122 22.0 124 7.0 
127
103 23.0 
128
215 14.0 
129
92 19.0 
130
131 21.0 201 21.0 
131
140 20.0 
132
221 22.0 
133
215 20.0 
134
90 15.0 
135
128 22.0 208 22.0 
136
220 22.0 
137
201 17.0 121 17.0 
138
98 11.0 
139
90 17.0 
140
103 12.0 
141
128 19.0 208 19.0 
142
208 17.0 125 17.0 
143
201 16.0 120 16.0 
144
135 28.0 
145
143 10.0 
146
119 24.0 
147
216 10.0 
148
133 20.0 200 20.0 
149
223 21.0 
150
223 25.0 
151
136 13.0 
152
223 18.0 
153
96 12.0 
154
215 27.0 
155
105 24.0 
156
109 28.0 
157
114 21.0 
158
220 12.0 
159
90 4.0 92 12.0 
160
143 30.0 
161
128 24.000000000000004 129 5.9999999999999964 196 5.9999999999999964 208 24.000000000000004 
162
119 19.0 
163
91 16.000000000000007 96 5.999999999999993 
164
215 13.0 
165
149 26.0 
166
223 17.0 
167
218 16.0 
168
109 24.0 
169
113 16.0 
170
140 13.0 
171
223 28.0 
172
146 5.9999999999999964 149 5.999999999999986 
173
211 20.0 
174
143 20.0 
175
218 13.0 
176
140 26.0 
177
91 28.0 
178
98 19.0 104 5.0 
179
131 11.999999999999993 132 14.000000000000007 199 26.0 
180
204 19.0 122 19.0 
181
109 1.0 118 14.0 
182
113 22.0 
183
101 18.0 
184
219 14.0 
185
119 17.0 
186
129 20.0 197 14.000000000000014 200 5.999999999999986 
187
223 14.0 
188
135 27.0 
189
109 15.0 
190
102 16.0 
191
218 19.0 
192
134 18.0 203 18.0 
193
114 23.0 
194
115 22.0 
195
102 25.0 
196
114 27.0 
197
112 22.0 
198
136 19.0 
199
221 21.0 

Final Solution:
0
91 5.75 92 6.25 
1
99 12.0 161 1.0 197 1.0 
2
210 11.0 
3
210 11.0 
4
211 25.0 
5
92 13.75 94 6.25 
6
114 22.0 
7
219 3.0 224 25.0 
8
143 20.0 145 1.0 
9
211 11.0 
10
129 11.0 196 11.0 
11
213 20.0 
12
108 18.0 
13
140 18.0 
14
96 31.0 
15
104 19.0 
16
119 16.0 
17
112 11.0 113 13.0 
18
201 8.75 204 12.25 121 8.75 123 12.25 
19
108 14.0 
20
119 13.0 
21
116 14.0 
22
139 13.0 
23
128 3.0 195 3.0 206 13.75 207 3.25 126 17.0 
24
208 21.0 124 19.0 127 2.0 
25
143 16.0 146 4.0 
26
213 23.0 
27
108 17.0 
28
113 16.0 
29
109 21.0 
30
207 24.0 123 24.0 
31
132 20.0 197 20.0 
32
135 14.0 149 15.0 
33
142 10.0 146 3.0 147 14.0 
34
216 22.0 
35
221 7.0 223 22.0 
36
119 11.0 
37
134 1.0 139 23.0 161 1.0 173 1.0 
38
129 28.0 196 5.0 198 23.0 
39
96 20.0 
40
133 19.0 199 19.0 
41
108 24.0 
42
218 13.0 
43
149 16.0 
44
116 29.0 
45
119 13.0 
46
93 24.0 
47
215 10.0 
48
206 11.0 126 11.0 
49
201 2.25 204 17.75 121 2.25 124 17.75 
50
219 3.0 223 28.0 
51
135 25.0 
52
113 29.0 
53
223 29.0 
54
207 10.0 124 10.0 
55
119 20.0 
56
141 11.0 
57
131 23.0 200 17.25 202 5.75 
58
132 8.0 134 14.0 197 8.0 199 14.0 
59
221 17.0 
60
212 20.0 
61
139 2.0 140 9.0 
62
114 27.0 
63
104 29.0 
64
146 19.0 
65
206 27.0 124 27.0 
66
99 26.0 
67
118 11.0 
68
96 18.0 
69
131 13.0 195 5.0 196 13.0 127 5.0 
70
134 9.75 199 9.75 203 4.25 123 4.25 
71
112 20.0 
72
130 24.0 195 24.0 
73
114 26.0 
74
218 23.0 
75
119 10.0 
76
213 10.0 214 6.0 
77
112 18.0 118 11.0 
78
128 9.0 208 13.0 127 4.0 
79
134 4.5 201 4.5 202 13.5 122 13.5 
80
130 4.0 131 17.0 196 21.0 
81
206 22.0 124 22.0 
82
103 21.0 
83
224 25.0 
84
94 0.75 98 26.0 161 2.25 200 2.25 
85
114 20.0 
86
141 27.0 
87
94 29.0 
88
138 21.0 
89
114 21.0 
90
130 11.0 195 11.0 
91
136 27.0 
92
214 30.0 
93
140 21.0 
94
112 12.0 119 4.0 
95
136 8.0 147 9.0 
96
208 9.0 127 9.0 
97
108 14.0 109 2.0 
98
0 3.0 96 8.0 157 3.0 169 3.0 
99
203 21.0 121 11.5 123 9.5 
100
140 11.0 
101
149 27.0 
102
103 16.0 
103
104 13.0 
104
119 15.0 
105
206 22.0 126 22.0 
106
211 21.0 
107
128 21.0 130 7.0 195 7.0 208 21.0 
108
212 19.0 216 7.0 
109
116 22.0 
110
218 14.0 219 2.0 
111
94 14.0 
112
133 6.0 134 8.5 200 14.5 201 8.5 121 8.5 
113
140 18.0 
114
218 19.0 
115
108 24.0 
116
109 17.0 112 12.0 
117
99 14.0 101 6.0 
118
146 24.0 
119
104 15.0 
120
218 19.0 
121
119 26.0 
122
119 18.0 
123
99 20.0 
124
218 21.0 
125
112 27.0 
126
203 24.75 206 4.25 122 24.75 124 4.25 
127
96 23.0 
128
221 14.0 
129
92 18.0 103 1.0 
130
131 21.0 197 21.0 
131
142 20.0 
132
210 19.0 211 3.0 
133
212 8.0 215 12.0 
134
91 7.25 104 7.75 
135
132 22.0 198 22.0 
136
213 22.0 
137
133 5.0 134 0.25 198 5.0 199 0.25 202 11.75 122 11.75 
138
99 11.0 
139
99 17.0 
140
103 12.0 
141
134 19.0 199 19.0 
142
128 17.0 208 17.0 
143
134 16.0 200 16.0 
144
139 12.0 141 12.0 149 4.0 
145
140 10.0 
146
109 10.0 116 14.0 
147
215 10.0 
148
133 20.0 204 20.0 
149
218 21.0 
150
219 25.0 
151
138 13.0 
152
210 18.0 
153
92 12.0 
154
210 27.0 
155
118 24.0 
156
109 28.0 
157
116 21.0 
158
211 12.0 
159
91 15.0 93 1.0 
160
138 16.0 143 14.0 
161
207 12.75 208 17.25 127 30.0 
162
113 19.0 
163
91 22.0 
164
210 13.0 
165
149 26.0 
166
219 17.0 
167
210 1.0 212 3.0 221 12.0 
168
108 24.0 
169
114 16.0 
170
140 13.0 
171
211 28.0 
172
149 12.0 
173
218 20.0 
174
142 20.0 
175
223 13.0 
176
135 11.0 136 15.0 
177
101 28.0 
178
98 24.0 
179
131 26.0 201 26.0 
180
202 19.0 121 19.0 
181
108 15.0 
182
118 22.0 
183
104 16.25 157 1.75 208 1.75 
184
213 6.0 223 8.0 
185
118 17.0 
186
129 11.0 134 9.0 199 20.0 
187
214 14.0 
188
147 27.0 
189
118 15.0 
190
101 16.0 
191
213 19.0 
192
134 18.0 199 18.0 
193
113 23.0 
194
109 22.0 
195
93 25.0 
196
114 27.0 
197
114 22.0 
198
145 19.0 
199
216 21.0 
