LP information:
0
91 12.0 
1
104 13.0 
2
218 11.0 
3
210 2.0 215 9.0 
4
219 27.0 
5
92 19.0 
6
115 22.0 
7
221 28.0 
8
144 22.0 
9
211 11.0 
10
132 11.0 200 11.0 
11
224 21.0 
12
108 18.0 
13
143 18.0 
14
102 29.0 
15
90 19.0 
16
113 17.0 
17
112 23.0 
18
205 22.0 120 22.0 
19
118 13.0 
20
108 12.0 
21
117 12.0 
22
148 13.0 
23
195 19.0 125 19.0 
24
204 20.0 124 20.0 
25
146 20.0 
26
210 2.0 218 22.0 
27
108 18.0 
28
113 15.0 
29
118 21.0 
30
203 25.0 122 25.0 
31
132 20.0 203 20.0 
32
136 29.0 
33
138 26.0 
34
222 24.0 
35
224 30.0 
36
108 11.0 
37
149 24.0 
38
128 29.0 198 29.0 
39
93 19.0 
40
132 19.0 203 19.0 
41
116 24.0 
42
213 12.0 224 1.0 
43
139 5.0 147 12.0 
44
118 28.0 
45
110 12.0 
46
92 25.0 
47
215 10.0 
48
131 11.0 196 11.0 
49
203 20.0 120 20.0 
50
220 30.0 
51
148 7.0 149 18.0 
52
115 29.0 
53
223 29.0 
54
207 11.0 122 4.0 123 7.0 
55
118 21.0 
56
138 11.0 
57
202 25.0 121 25.0 
58
130 10.0 133 14.0 200 24.0 
59
223 18.0 
60
223 21.0 
61
148 10.0 
62
112 1.0 115 25.0 
63
91 29.0 
64
146 19.0 
65
203 26.0 123 26.0 
66
90 26.0 
67
114 11.0 
68
97 18.0 
69
131 13.0 197 18.0 126 5.0 
70
134 15.0 202 15.0 
71
109 20.0 
72
196 12.000000000000002 206 7.0 207 5.999999999999998 126 25.0 
73
108 25.0 
74
218 22.0 
75
108 10.0 
76
214 16.0 
77
113 29.0 
78
128 13.0 208 13.0 
79
132 19.0 202 9.0 203 10.0 
80
198 1.0 207 20.0 127 21.0 
81
203 23.0 121 20.0 122 3.0 
82
99 22.0 
83
218 26.0 
84
97 18.0 99 10.0 
85
109 21.0 
86
144 27.0 
87
93 7.0 101 22.0 
88
138 22.0 
89
109 21.0 
90
128 11.0 195 11.0 
91
142 26.0 
92
212 30.0 
93
138 20.0 
94
118 17.0 
95
138 16.0 
96
128 10.0 196 10.0 
97
113 16.0 
98
100 12.0 
99
203 21.0 120 21.0 
100
142 11.0 
101
136 25.0 
102
103 16.0 
103
102 13.0 
104
109 16.0 
105
205 23.0 125 23.0 
106
218 20.0 
107
132 6.0 196 22.0 197 6.0 126 21.0 127 1.0 
108
218 26.0 
109
118 21.0 
110
221 17.0 
111
100 14.0 
112
132 21.0 199 21.0 
113
138 17.0 
114
212 19.0 
115
113 25.0 
116
109 28.0 
117
100 21.0 
118
138 24.0 
119
100 15.0 
120
222 20.0 
121
113 26.0 
122
108 18.0 
123
97 19.0 
124
213 21.0 
125
113 27.0 
126
202 6.0 208 24.0 122 30.0 
127
98 23.0 
128
221 14.0 
129
95 19.0 
130
133 21.0 199 21.0 
131
138 20.0 
132
215 21.0 
133
220 20.0 
134
98 15.0 
135
196 22.0 127 22.0 
136
214 23.0 
137
134 17.0 200 17.0 
138
95 11.0 
139
97 18.0 
140
101 14.0 
141
128 18.0 197 18.0 
142
196 17.0 125 3.0 126 14.0 
143
203 15.0 122 15.0 
144
140 28.0 
145
143 10.0 
146
109 12.0 118 12.0 
147
223 10.0 
148
133 3.0 202 20.0 120 17.0 
149
223 21.0 
150
220 24.0 
151
136 14.0 
152
215 19.0 
153
102 12.0 
154
215 26.0 
155
109 25.0 
156
108 25.0 119 3.0 
157
112 20.0 
158
224 11.0 
159
100 17.0 
160
138 30.0 
161
128 30.0 195 19.0 208 11.0 
162
113 19.0 
163
102 23.0 
164
218 13.0 
165
138 26.0 
166
216 17.0 
167
213 16.0 
168
118 24.0 
169
108 16.0 
170
136 11.0 
171
224 28.0 
172
139 12.0 
173
218 21.0 
174
143 20.0 
175
211 13.0 
176
135 25.0 
177
101 26.0 
178
96 24.0 
179
132 24.0 202 24.0 
180
203 18.0 120 18.0 
181
109 15.0 
182
118 21.0 
183
100 18.0 
184
215 15.0 
185
113 16.0 
186
130 20.0 200 20.0 
187
218 15.0 
188
138 28.0 
189
117 15.0 
190
103 17.0 
191
220 20.0 
192
203 17.0 121 17.0 
193
109 22.0 
194
108 23.0 
195
91 24.0 
196
118 27.0 
197
115 21.0 
198
136 19.0 
199
211 20.0 

Final Solution:
0
103 12.0 
1
90 6.0 104 7.0 
2
218 11.0 
3
220 11.0 
4
218 8.0 220 2.0 221 17.0 
5
93 15.0 95 4.0 
6
109 12.0 113 8.0 115 2.0 
7
220 28.0 
8
139 22.0 
9
216 11.0 
10
131 11.0 196 11.0 
11
214 2.0 216 19.0 
12
108 4.0 109 14.0 
13
142 18.0 
14
95 29.0 
15
103 19.0 
16
115 17.0 
17
109 23.0 
18
204 3.5 205 18.5 120 2.5 123 19.5 
19
118 3.0 119 10.0 
20
117 6.0 118 6.0 
21
117 12.0 
22
138 4.0 147 9.0 
23
205 19.0 125 19.0 
24
205 20.0 124 20.0 
25
136 12.0 142 8.0 
26
211 6.0 213 4.0 218 14.0 
27
113 18.0 
28
115 15.0 
29
118 21.0 
30
204 25.0 123 10.5 124 14.5 
31
134 5.5 202 20.0 120 14.5 
32
147 29.0 
33
144 26.0 
34
213 24.0 
35
213 30.0 
36
115 5.0 118 6.0 
37
148 24.0 
38
128 29.0 195 26.0 196 3.0 
39
95 3.0 100 16.0 
40
132 0.5 134 18.5 198 0.5 200 18.5 
41
113 24.0 
42
214 2.0 223 11.0 
43
148 17.0 
44
115 28.0 
45
115 12.0 
46
91 25.0 
47
210 10.0 
48
207 11.0 126 11.0 
49
205 19.5 206 0.5 123 20.0 
50
222 30.0 
51
144 5.0 146 20.0 
52
108 29.0 
53
223 9.0 224 20.0 
54
128 11.0 208 11.0 
55
118 21.0 
56
138 11.0 
57
132 25.0 198 25.0 
58
130 24.0 195 24.0 
59
221 18.0 
60
224 21.0 
61
148 10.0 
62
108 26.0 
63
98 29.0 
64
149 19.0 
65
128 1.5 204 24.5 208 1.5 124 24.5 
66
99 26.0 
67
117 11.0 
68
99 18.0 
69
197 18.0 126 18.0 
70
134 15.0 199 15.0 
71
113 20.0 
72
128 6.0 197 10.5 206 6.5 207 8.0 126 19.0 
73
112 25.0 
74
220 22.0 
75
119 10.0 
76
223 16.0 
77
112 29.0 
78
128 13.0 196 13.0 
79
132 18.5 134 0.5 197 18.5 199 0.5 
80
133 21.0 198 21.0 
81
205 23.0 124 23.0 
82
92 5.0 99 8.0 100 1.0 103 8.0 
83
213 26.0 
84
90 28.0 
85
108 1.0 112 20.0 
86
143 27.0 
87
99 29.0 
88
138 2.0 146 20.0 
89
115 21.0 
90
131 10.0 198 10.0 207 1.0 127 1.0 
91
149 26.0 
92
212 21.0 218 9.0 
93
140 20.0 
94
118 17.0 
95
149 16.0 
96
128 10.0 197 1.5 198 8.5 
97
113 16.0 
98
92 12.0 
99
206 21.0 125 21.0 
100
148 11.0 
101
136 14.0 149 11.0 
102
96 16.0 
103
96 11.0 103 2.0 
104
118 16.0 
105
196 23.0 125 10.0 127 13.0 
106
218 12.0 222 8.0 
107
196 28.0 127 28.0 
108
218 26.0 
109
113 21.0 
110
222 17.0 
111
92 14.0 
112
134 21.0 199 21.0 
113
148 17.0 
114
220 19.0 
115
118 25.0 
116
109 28.0 
117
91 21.0 
118
139 24.0 
119
91 10.0 103 5.0 
120
216 20.0 
121
112 26.0 
122
108 18.0 
123
99 19.0 
124
224 21.0 
125
118 27.0 
126
207 30.0 126 30.0 
127
96 23.0 
128
223 14.0 
129
92 19.0 
130
131 1.5 134 19.5 197 1.5 199 19.5 
131
138 20.0 
132
222 21.0 
133
212 9.0 215 11.0 
134
100 15.0 
135
128 22.0 208 22.0 
136
211 23.0 
137
133 17.0 198 17.0 
138
93 11.0 
139
91 18.0 
140
95 14.0 
141
132 6.0 133 12.0 198 18.0 
142
128 7.5 130 6.0 131 3.5 196 9.5 208 7.5 
143
200 15.0 120 15.0 
144
149 28.0 
145
142 10.0 
146
118 24.0 
147
224 10.0 
148
134 20.0 199 20.0 
149
211 21.0 
150
222 24.0 
151
142 14.0 
152
214 19.0 
153
90 3.0 155 9.0 196 9.0 
154
214 26.0 
155
118 25.0 
156
109 28.0 
157
115 20.0 
158
215 11.0 
159
98 17.0 
160
139 2.0 140 5.0 143 23.0 
161
206 22.0 208 8.0 126 22.0 127 8.0 
162
118 19.0 
163
104 23.0 
164
224 13.0 
165
136 4.0 147 12.0 148 10.0 
166
210 17.0 
167
213 16.0 
168
118 24.0 
169
113 16.0 
170
148 11.0 
171
215 28.0 
172
139 2.0 146 10.0 
173
210 21.0 
174
136 20.0 
175
220 13.0 
176
140 25.0 
177
91 26.0 
178
98 4.0 104 20.0 
179
131 24.0 199 24.0 
180
202 18.0 120 18.0 
181
115 15.0 
182
117 21.0 
183
100 18.0 
184
224 15.0 
185
118 16.0 
186
130 20.0 196 3.5 200 16.5 
187
221 15.0 
188
138 28.0 
189
115 15.0 
190
90 13.0 103 4.0 
191
212 20.0 
192
204 17.0 124 17.0 
193
109 22.0 
194
109 23.0 
195
93 24.0 
196
113 27.0 
197
108 21.0 
198
144 19.0 
199
218 20.0 
