LP information:
0
96 12.0 
1
97 4.0 104 9.0 
2
212 11.0 
3
221 11.0 
4
218 27.0 
5
97 20.0 
6
113 16.0 116 8.0 
7
210 28.0 
8
135 22.0 
9
221 11.0 
10
129 5.0 131 5.0 199 10.0 
11
216 21.0 
12
109 17.0 
13
144 18.0 
14
100 30.0 
15
96 19.0 
16
117 16.0 
17
111 22.0 
18
201 21.0 121 21.0 
19
112 14.0 
20
117 12.0 
21
115 13.0 
22
146 13.0 
23
208 20.0 125 20.0 
24
204 22.0 124 22.0 
25
146 19.0 
26
219 22.0 
27
105 17.0 
28
115 15.0 
29
105 21.0 
30
201 19.0 204 5.0 121 19.0 122 5.0 
31
132 21.0 201 21.0 
32
146 28.0 
33
146 27.0 
34
218 23.0 
35
214 29.0 
36
114 11.0 
37
144 17.0 148 7.0 
38
131 28.0 197 28.0 
39
99 20.0 
40
201 19.0 120 19.0 
41
116 23.0 
42
218 14.0 
43
146 16.0 
44
116 20.0 117 9.0 
45
117 12.0 
46
91 22.0 92 2.0 
47
210 9.0 
48
195 11.0 125 11.0 
49
201 20.0 120 20.0 
50
210 30.0 
51
146 25.0 
52
113 29.0 
53
218 30.0 
54
204 10.0 123 10.0 
55
114 21.0 
56
146 12.0 
57
132 23.0 197 23.0 
58
130 23.0 201 23.0 
59
211 18.0 
60
214 21.0 
61
135 9.0 
62
109 26.0 
63
97 29.0 
64
146 19.0 
65
208 27.0 125 27.0 
66
92 26.0 
67
117 10.0 
68
93 18.0 
69
197 18.0 126 18.0 
70
134 15.0 201 15.0 
71
117 20.0 
72
197 25.0 126 25.0 
73
115 24.0 
74
215 21.0 
75
117 11.0 
76
214 16.0 
77
105 29.0 
78
197 12.0 127 12.0 
79
134 19.0 199 19.0 
80
197 22.0 127 22.0 
81
201 23.0 120 23.0 
82
102 23.0 
83
211 25.0 
84
91 9.0 99 21.0 
85
105 20.0 
86
146 27.0 
87
97 20.0 101 10.0 
88
146 22.0 
89
105 1.0 115 21.0 
90
197 11.0 127 11.0 
91
135 26.0 
92
212 30.0 
93
148 20.0 
94
105 16.0 
95
135 18.0 
96
208 10.0 127 10.0 
97
109 16.0 
98
92 12.0 
99
201 19.0 204 1.0 120 19.0 123 1.0 
100
135 11.0 
101
135 26.0 
102
99 16.0 
103
104 13.0 
104
105 15.0 
105
129 19.0 195 23.0 125 4.0 
106
212 21.0 
107
128 12.0 197 29.0 127 17.0 
108
216 27.0 
109
105 22.0 
110
223 16.0 
111
100 14.0 
112
132 22.0 197 22.0 
113
148 18.0 
114
212 18.0 
115
117 24.0 
116
117 28.0 
117
97 19.0 
118
146 23.0 
119
95 13.0 
120
224 19.0 
121
105 3.0 106 22.0 
122
105 18.0 
123
92 19.0 
124
219 21.0 
125
117 27.0 
126
204 23.0 208 5.0 122 24.0 123 4.0 
127
94 24.0 
128
223 13.0 
129
94 20.0 
130
131 21.0 197 7.0 199 14.0 
131
148 20.0 
132
212 22.0 
133
221 20.0 
134
103 15.0 
135
130 22.0 197 22.0 
136
210 22.0 
137
201 16.0 121 16.0 
138
95 10.0 100 1.0 
139
92 13.0 100 4.0 
140
98 13.0 
141
128 18.0 199 18.0 
142
208 17.0 125 17.0 
143
134 16.0 199 16.0 
144
144 29.0 
145
135 11.0 
146
105 23.0 
147
211 10.0 
148
133 13.0 134 7.0 198 13.0 199 7.0 
149
212 20.0 
150
219 24.0 
151
148 13.0 
152
210 19.0 
153
93 12.0 
154
215 26.0 
155
117 24.0 
156
109 28.0 
157
117 20.0 
158
224 11.0 
159
100 16.0 
160
135 11.0 148 20.0 
161
195 30.0 126 30.0 
162
117 19.0 
163
95 22.0 
164
215 14.0 
165
135 25.0 
166
210 17.0 
167
212 16.0 
168
111 24.0 
169
114 16.0 
170
147 13.0 
171
219 28.0 
172
148 12.0 
173
219 20.0 
174
135 20.0 
175
212 14.0 
176
135 25.0 
177
101 27.0 
178
96 23.0 
179
132 26.0 199 26.0 
180
201 18.0 121 18.0 
181
115 15.0 
182
111 21.0 
183
91 18.0 
184
219 14.0 
185
105 18.0 
186
129 20.0 197 20.0 
187
223 13.0 
188
135 28.0 
189
115 14.0 
190
100 16.0 
191
212 20.0 
192
201 18.0 121 18.0 
193
115 23.0 
194
109 22.0 
195
91 24.0 
196
117 27.0 
197
109 20.0 116 2.0 
198
146 19.0 
199
212 21.0 

Final Solution:
0
94 12.0 
1
94 13.0 
2
211 3.0 212 8.0 
3
219 11.0 
4
219 27.0 
5
99 20.0 
6
112 24.0 
7
218 28.0 
8
139 8.0 144 14.0 
9
212 11.0 
10
129 10.0 196 2.0 198 8.0 
11
211 21.0 
12
111 15.0 112 2.0 
13
144 18.0 
14
97 14.0 98 8.0 162 8.0 201 8.0 
15
95 19.0 
16
114 6.0 115 9.0 117 1.0 
17
111 8.0 114 14.0 
18
201 21.0 120 16.0 121 5.0 
19
117 12.0 118 2.0 
20
105 12.0 
21
109 13.0 
22
146 10.0 147 3.0 
23
130 20.0 195 20.0 
24
130 22.0 195 22.0 
25
146 19.0 
26
211 22.0 
27
111 17.0 
28
111 15.0 
29
113 21.0 
30
201 24.0 121 24.0 
31
132 21.0 198 21.0 
32
139 28.0 
33
139 27.0 
34
212 4.0 221 19.0 
35
211 29.0 
36
105 11.0 
37
146 24.0 
38
130 2.0 132 26.0 195 2.0 197 26.0 
39
96 17.0 101 3.0 
40
132 3.0 201 6.0 203 13.0 120 16.0 
41
113 23.0 
42
215 8.0 219 6.0 
43
146 16.0 
44
114 3.0 116 26.0 
45
115 12.0 
46
96 1.0 97 23.0 
47
215 7.0 218 2.0 
48
130 11.0 195 11.0 
49
203 2.0 204 2.0 205 16.0 121 20.0 
50
221 30.0 
51
146 25.0 
52
115 29.0 
53
219 2.0 223 28.0 
54
204 4.0 208 6.0 124 4.0 127 6.0 
55
116 21.0 
56
144 10.0 146 2.0 
57
131 23.0 196 23.0 
58
130 3.0 131 20.0 196 23.0 
59
223 18.0 
60
211 21.0 
61
135 9.0 
62
113 26.0 
63
98 29.0 
64
146 19.0 
65
205 27.0 125 27.0 
66
92 10.0 96 16.0 
67
116 10.0 
68
92 5.0 93 13.0 
69
196 6.0 208 12.0 127 18.0 
70
134 15.0 203 15.0 
71
113 20.0 
72
128 25.0 196 2.0 197 23.0 
73
111 24.0 
74
214 21.0 
75
117 11.0 
76
214 16.0 
77
105 29.0 
78
130 12.0 196 12.0 
79
133 19.0 198 11.0 201 8.0 
80
128 14.0 197 22.0 127 8.0 
81
201 23.0 121 23.0 
82
94 23.0 
83
211 25.0 
84
104 30.0 
85
105 20.0 
86
146 27.0 
87
93 30.0 
88
147 22.0 
89
111 22.0 
90
130 11.0 196 11.0 
91
139 26.0 
92
221 30.0 
93
135 20.0 
94
116 16.0 
95
135 18.0 
96
130 10.0 198 10.0 
97
105 16.0 
98
92 8.0 95 4.0 
99
201 20.0 121 20.0 
100
135 11.0 
101
146 26.0 
102
93 16.0 
103
97 13.0 
104
116 15.0 
105
205 23.0 125 23.0 
106
214 12.0 224 9.0 
107
128 29.0 197 29.0 
108
212 27.0 
109
116 22.0 
110
221 16.0 
111
95 14.0 
112
201 22.0 121 22.0 
113
148 18.0 
114
221 18.0 
115
117 24.0 
116
111 28.0 
117
101 19.0 
118
135 23.0 
119
95 13.0 
120
216 19.0 
121
117 25.0 
122
116 18.0 
123
95 19.0 
124
219 21.0 
125
117 27.0 
126
204 28.0 124 28.0 
127
94 2.0 95 14.0 104 8.0 
128
219 13.0 
129
101 20.0 
130
1 6.0 131 7.0 133 5.0 134 9.0 173 6.0 196 1.0 199 14.0 
131
146 20.0 
132
210 21.0 214 1.0 
133
218 20.0 
134
99 15.0 
135
128 2.0 129 20.0 195 20.0 208 2.0 
136
211 22.0 
137
134 16.0 204 16.0 
138
101 11.0 
139
95 17.0 
140
98 13.0 
141
130 8.0 134 10.0 195 8.0 199 10.0 
142
195 17.0 127 17.0 
143
205 16.0 121 16.0 
144
139 10.0 140 19.0 
145
144 11.0 
146
109 23.0 
147
215 10.0 
148
203 20.0 121 20.0 
149
224 20.0 
150
223 24.0 
151
148 13.0 
152
216 19.0 
153
104 12.0 
154
223 26.0 
155
109 24.0 
156
105 28.0 
157
113 20.0 
158
215 11.0 
159
96 16.0 
160
135 31.0 
161
128 30.0 208 30.0 
162
113 19.0 
163
93 22.0 
164
215 14.0 
165
147 25.0 
166
210 15.0 211 2.0 
167
221 16.0 
168
112 24.0 
169
105 16.0 
170
135 13.0 
171
223 28.0 
172
146 12.0 
173
224 20.0 
174
135 1.0 148 19.0 
175
210 14.0 
176
135 24.0 139 1.0 
177
92 27.0 
178
101 23.0 
179
133 26.0 199 26.0 
180
205 18.0 124 18.0 
181
109 15.0 
182
111 21.0 
183
93 18.0 
184
223 13.0 224 1.0 
185
118 18.0 
186
129 20.0 196 20.0 
187
223 13.0 
188
144 28.0 
189
105 14.0 
190
93 1.0 99 15.0 
191
219 20.0 
192
201 18.0 120 18.0 
193
109 2.0 113 21.0 
194
109 22.0 
195
101 24.0 
196
114 27.0 
197
116 22.0 
198
144 19.0 
199
221 21.0 
