LP information:
0
102 12.0 
1
99 9.0 104 4.0 
2
216 11.0 
3
221 11.0 
4
215 27.0 
5
104 20.0 
6
106 23.0 
7
218 27.0 
8
141 21.0 
9
215 11.0 
10
129 11.0 198 11.0 
11
217 21.0 
12
108 18.0 
13
135 11.000000000000014 140 1.9999999999999893 141 4.9999999999999964 
14
99 30.0 
15
103 19.0 
16
110 17.0 
17
106 6.0 113 16.0 
18
206 21.0 123 20.0 125 1.0 
19
110 13.0 
20
110 13.0 
21
105 13.0 
22
141 9.000000000000004 147 2.9999999999999964 
23
207 20.0 125 20.0 
24
206 22.0 125 22.0 
25
141 20.0 
26
221 23.0 
27
105 12.0 110 5.0 
28
108 16.0 
29
108 21.0 
30
207 24.0 124 24.0 
31
134 21.0 203 21.0 
32
138 27.0 
33
138 26.0 
34
215 23.0 
35
219 30.0 
36
108 11.0 
37
141 23.0 
38
207 28.0 127 28.0 
39
100 19.0 
40
132 1.0 133 12.0 198 13.0 203 6.0 123 6.0 
41
108 23.0 
42
219 14.0 
43
139 16.0 
44
112 29.0 
45
105 11.0 
46
97 26.0 
47
220 9.0 
48
207 10.0 125 10.0 
49
206 21.0 120 21.0 
50
220 30.0 
51
138 27.0 
52
106 29.0 
53
218 29.0 
54
207 9.0 127 9.0 
55
106 20.0 
56
141 10.0 
57
133 23.0 202 23.0 
58
133 22.0 200 22.0 
59
218 16.0 
60
219 20.0 
61
139 10.0 
62
106 26.0 
63
98 30.0 
64
136 19.0 
65
207 28.0 125 28.0 
66
98 26.0 
67
105 10.0 
68
100 18.0 
69
207 18.0 126 18.0 
70
134 15.0 205 15.0 
71
110 20.0 
72
206 1.0 207 25.0 126 22.0 127 4.0 
73
110 25.0 
74
215 22.0 
75
106 10.0 
76
219 16.0 
77
110 29.0 
78
195 4.0 207 9.0 127 13.0 
79
203 20.0 123 20.0 
80
207 21.0 127 21.0 
81
205 23.0 120 23.0 
82
91 14.0 102 9.0 
83
216 25.0 
84
92 28.0 
85
110 21.0 
86
139 27.0 
87
103 29.0 
88
141 21.0 
89
107 20.0 
90
207 11.0 127 11.0 
91
141 25.0 
92
217 30.0 
93
141 20.0 
94
106 16.0 
95
141 17.0 
96
207 10.0 127 10.0 
97
108 17.0 
98
92 12.0 
99
206 22.0 120 22.0 
100
141 12.0 
101
139 25.0 
102
100 17.0 
103
100 14.0 
104
106 15.0 
105
206 23.0 125 23.0 
106
223 21.0 
107
206 28.0 126 28.0 
108
222 27.0 
109
105 21.0 
110
212 17.0 
111
91 15.0 
112
202 5.0 203 16.0 122 21.0 
113
139 18.0 
114
212 19.0 
115
108 25.0 
116
117 29.0 
117
92 20.0 
118
144 25.0 
119
92 14.0 
120
223 20.0 
121
112 25.0 
122
108 19.0 
123
92 18.0 
124
217 8.0 219 12.0 
125
117 28.0 
126
207 29.0 123 29.0 
127
98 23.0 
128
223 14.0 
129
94 19.0 
130
133 21.0 202 21.0 
131
141 19.0 
132
212 14.0 216 7.0 
133
221 20.0 
134
91 15.0 
135
207 22.0 127 22.0 
136
220 22.0 
137
133 11.0 203 17.0 120 6.0 
138
94 12.0 
139
91 17.0 
140
98 13.0 
141
129 17.0 131 1.0 198 18.0 
142
207 16.0 126 16.0 
143
205 16.0 125 16.0 
144
141 27.0 
145
141 12.0 
146
115 22.0 
147
212 10.0 
148
133 19.0 200 19.0 
149
218 20.0 
150
219 24.0 
151
135 15.0 
152
216 9.0 220 9.0 
153
90 12.0 
154
223 27.0 
155
107 23.0 112 1.0 
156
110 27.0 
157
117 20.0 
158
216 11.0 
159
99 16.0 
160
135 2.999999999999986 136 27.000000000000014 
161
205 30.0 125 30.0 
162
105 19.0 
163
96 1.0 103 21.0 
164
220 12.0 
165
139 25.0 
166
212 17.0 
167
217 16.0 
168
112 24.0 
169
108 16.0 
170
141 12.0 
171
216 28.0 
172
135 12.0 
173
219 21.0 
174
148 20.0 
175
221 14.0 
176
141 27.0 
177
91 23.0 100 4.0 
178
103 24.0 
179
132 25.0 202 25.0 
180
205 18.0 123 18.0 
181
118 14.0 
182
112 20.0 
183
94 18.0 
184
223 15.0 
185
105 18.0 
186
129 21.0 195 21.0 
187
222 14.0 
188
136 28.0 
189
108 15.0 
190
98 16.0 
191
220 20.0 
192
134 19.0 205 19.0 
193
112 23.0 
194
108 21.0 
195
92 26.0 
196
108 27.0 
197
106 21.0 
198
147 19.0 
199
215 21.0 

Final Solution:
0
91 12.0 
1
92 13.0 
2
217 11.0 
3
215 11.0 
4
217 27.0 
5
99 20.0 
6
112 11.0 113 12.0 
7
217 21.0 220 6.0 
8
141 21.0 
9
220 11.0 
10
132 11.0 198 11.0 
11
215 21.0 
12
106 18.0 
13
135 8.0 136 10.0 
14
94 24.0 102 6.0 
15
97 19.0 
16
29 2.0 118 15.0 129 2.0 155 2.0 
17
112 22.0 
18
200 7.000000000000007 202 13.999999999999993 120 21.0 
19
118 13.0 
20
118 13.0 
21
110 12.0 117 1.0 
22
136 12.0 
23
128 20.0 195 20.0 
24
195 1.499999999999993 206 11.000000000000007 207 9.5 124 22.0 
25
136 3.0 141 17.0 
26
217 23.0 
27
110 17.0 
28
105 16.0 
29
110 21.0 
30
207 24.0 126 24.0 
31
133 7.5000000000000036 202 21.0 120 13.499999999999996 
32
136 2.0 147 25.0 
33
144 26.0 
34
215 23.0 
35
223 30.0 
36
113 11.0 
37
139 23.0 
38
128 28.0 198 28.0 
39
94 19.0 
40
133 17.500000000000004 202 19.0 122 1.4999999999999964 
41
113 23.0 
42
222 14.0 
43
136 16.0 
44
117 29.0 
45
117 11.0 
46
94 26.0 
47
215 9.0 
48
128 10.0 195 10.0 
49
203 9.500000000000004 206 11.499999999999996 123 9.500000000000004 124 11.499999999999996 
50
220 25.0 222 5.0 
51
136 27.0 
52
113 29.0 
53
220 29.0 
54
203 9.0 123 9.0 
55
112 20.0 
56
144 10.0 
57
133 23.0 202 23.0 
58
132 2.0 133 20.0 200 22.0 
59
220 16.0 
60
223 20.0 
61
139 10.0 
62
106 26.0 
63
104 30.0 
64
136 19.0 
65
205 16.500000000000004 206 11.499999999999996 124 16.500000000000004 126 11.499999999999996 
66
97 2.0 98 22.0 99 2.0 
67
106 10.0 
68
92 11.0 100 7.0 
69
129 11.5 195 11.5 207 6.5 127 6.5 
70
202 2.5000000000000036 203 12.499999999999996 120 15.0 
71
110 11.0 118 9.0 
72
129 11.499999999999996 195 26.0 126 14.500000000000004 
73
106 25.0 
74
222 22.0 
75
110 10.0 
76
222 16.0 
77
110 29.0 
78
128 13.0 195 13.0 
79
132 20.0 203 20.0 
80
129 21.0 195 21.0 
81
203 23.0 120 23.0 
82
99 8.0 100 15.0 
83
215 25.0 
84
91 28.0 
85
106 21.0 
86
144 27.0 
87
97 29.0 
88
138 21.0 
89
106 20.0 
90
132 11.0 198 11.0 
91
135 25.000000000000004 
92
212 30.0 
93
138 20.0 
94
105 16.0 
95
136 12.0 139 5.0 
96
207 10.0 127 10.0 
97
105 17.0 
98
92 12.0 
99
203 22.0 123 22.0 
100
139 12.0 
101
136 25.0 
102
98 17.0 
103
99 14.0 
104
117 15.0 
105
205 23.0 125 23.0 
106
212 21.0 
107
195 28.0 127 28.0 
108
213 20.0 222 7.0 
109
105 15.0 113 6.0 
110
220 17.0 
111
100 15.0 
112
133 21.0 202 21.0 
113
136 18.0 
114
222 19.0 
115
106 12.0 117 13.0 
116
112 29.0 
117
100 20.0 
118
136 25.0 
119
102 14.0 
120
215 20.0 
121
105 25.0 
122
113 19.0 
123
98 18.0 
124
212 20.0 
125
105 28.0 
126
202 18.500000000000004 205 10.499999999999996 122 18.500000000000004 125 10.499999999999996 
127
98 23.0 
128
217 14.0 
129
100 19.0 
130
132 6.0 134 15.0 202 21.0 
131
138 19.0 
132
215 21.0 
133
217 20.0 
134
98 15.0 
135
129 22.0 195 22.0 
136
217 22.0 
137
133 17.0 203 17.0 
138
98 12.0 
139
98 17.0 
140
94 13.0 
141
128 18.0 29 0.9999999999999929 33 0.9999999999999929 195 17.000000000000007 
142
206 16.0 125 16.0 
143
134 16.0 202 16.0 
144
136 1.0 144 26.0 
145
144 12.0 
146
117 22.0 
147
212 10.0 
148
134 19.0 202 19.0 
149
212 20.0 
150
220 24.0 
151
138 15.0 
152
215 18.0 
153
92 12.0 
154
222 27.0 
155
112 24.0 
156
110 27.0 
157
110 20.0 
158
220 11.0 
159
94 16.0 
160
136 30.0 
161
129 30.0 195 30.0 
162
29 11.0 117 8.0 128 11.0 155 11.0 
163
92 2.0 104 20.0 
164
217 12.0 
165
147 25.0 
166
220 17.0 
167
220 16.0 
168
117 24.0 
169
106 16.0 
170
141 12.0 
171
212 28.0 
172
135 12.0 
173
223 21.0 
174
138 20.0 
175
220 14.0 
176
138 27.0 
177
103 27.0 
178
100 24.0 
179
133 25.0 202 25.0 
180
203 18.0 120 8.500000000000004 123 9.499999999999996 
181
110 14.0 
182
105 18.0 106 2.0 
183
94 1.0 103 17.0 
184
223 15.0 
185
110 18.0 
186
129 2.0000000000000036 133 18.999999999999996 200 21.0 
187
220 14.0 
188
138 28.0 
189
105 15.0 
190
91 10.0 103 6.0 
191
212 20.0 
192
203 19.0 120 19.0 
193
112 23.0 
194
112 21.0 
195
98 26.0 
196
117 27.0 
197
110 21.0 
198
144 19.0 
199
222 21.0 
