LP information:
0
97 12.0 
1
95 12.0 
2
224 11.0 
3
222 11.0 
4
221 27.0 
5
98 20.0 
6
114 23.0 
7
212 28.0 
8
145 21.0 
9
221 11.0 
10
129 7.0 134 4.0 200 11.0 
11
224 21.0 
12
114 18.0 
13
135 18.0 
14
96 30.0 
15
98 19.0 
16
115 10.0 116 8.0 
17
114 22.0 
18
203 21.0 122 21.0 
19
117 14.0 
20
107 3.999999999999986 118 9.000000000000014 
21
110 13.0 
22
135 13.0 
23
131 20.0 196 20.0 
24
195 7.0 204 14.0 124 14.0 127 7.0 
25
146 20.0 
26
221 24.0 
27
110 18.0 
28
113 15.0 
29
113 21.0 
30
203 22.0 205 2.0 121 22.0 125 2.0 
31
132 21.0 203 21.0 
32
135 28.0 
33
146 27.0 
34
223 23.0 
35
212 30.0 
36
107 11.0 
37
146 24.0 
38
132 28.0 198 28.0 
39
93 10.0 94 8.0 
40
133 19.0 198 19.0 
41
107 24.0 
42
217 13.0 
43
149 16.0 
44
112 28.0 
45
117 12.0 
46
90 26.0 
47
224 10.0 
48
195 7.0 205 4.0 125 11.0 
49
201 20.0 120 20.0 
50
222 30.0 
51
145 25.0 
52
107 9.0 110 20.0 
53
221 29.0 
54
208 10.0 127 10.0 
55
117 21.0 
56
137 12.0 
57
131 2.0 201 24.0 120 22.0 
58
133 22.0 200 22.0 
59
217 17.0 
60
214 22.0 
61
148 11.0 
62
116 26.0 
63
91 29.0 
64
135 19.0 
65
203 27.0 123 27.0 
66
97 26.0 
67
117 9.0 
68
92 18.0 
69
128 6.0 130 12.0 195 18.0 
70
203 15.0 120 15.0 
71
118 20.0 
72
196 25.0 127 25.0 
73
107 25.0 
74
214 21.0 
75
107 10.0 
76
211 17.0 
77
118 29.0 
78
129 5.0 131 8.0 198 8.0 209 5.0 
79
132 18.0 203 18.0 
80
133 21.0 198 21.0 
81
203 22.0 120 22.0 
82
101 22.0 
83
217 7.0 223 18.0 
84
99 28.0 
85
114 21.0 
86
138 16.0 146 12.0 
87
94 7.0 98 22.0 
88
148 20.0 
89
110 20.0 
90
128 11.0 209 11.0 
91
137 26.0 
92
223 30.0 
93
142 20.0 
94
117 16.0 
95
137 16.0 
96
128 9.0 198 9.0 
97
114 16.0 
98
90 4.0 94 3.0 97 5.0 
99
203 21.0 120 21.0 
100
137 11.0 
101
137 27.0 
102
98 16.0 
103
97 13.0 
104
118 15.0 
105
208 24.0 126 24.0 
106
217 22.0 
107
196 28.0 126 28.0 
108
217 27.0 
109
112 21.0 
110
212 16.0 
111
100 14.0 
112
203 22.0 120 22.0 
113
149 18.0 
114
224 19.0 
115
114 24.0 
116
107 8.000000000000014 117 19.999999999999986 
117
97 20.0 
118
146 9.0 149 14.0 
119
104 14.0 
120
214 20.0 
121
111 16.999999999999986 117 9.000000000000014 
122
116 17.0 
123
98 18.0 
124
212 21.0 
125
118 26.0 
126
203 30.0 122 23.0 123 7.0 
127
98 4.0 103 19.0 
128
211 14.0 
129
100 19.0 
130
133 21.0 201 21.0 
131
148 20.0 
132
211 21.0 
133
214 20.0 
134
102 16.0 
135
128 22.0 209 22.0 
136
224 22.0 
137
133 16.0 203 16.0 
138
97 11.0 
139
99 17.0 
140
103 13.0 
141
129 19.0 196 19.0 
142
195 17.0 125 17.0 
143
201 15.0 120 15.0 
144
144 28.0 
145
136 5.000000000000014 142 0.9999999999999858 144 5.0 
146
109 23.0 
147
217 10.0 
148
201 19.0 120 19.0 
149
212 22.0 
150
221 24.0 
151
135 0.9999999999999858 142 13.000000000000014 
152
221 17.0 
153
94 13.0 
154
224 27.0 
155
117 24.0 
156
113 28.0 
157
107 20.0 
158
224 11.0 
159
91 14.0 99 3.0 
160
149 30.0 
161
195 30.0 126 30.0 
162
110 19.0 
163
102 22.0 
164
214 12.0 
165
135 25.0 
166
221 16.0 
167
217 16.0 
168
117 24.0 
169
118 16.0 
170
135 12.0 
171
212 29.0 
172
148 11.0 
173
212 21.0 
174
137 20.0 
175
212 6.0 222 8.0 
176
138 3.0 148 23.0 
177
100 28.0 
178
91 23.0 
179
134 26.0 200 26.0 
180
201 17.0 120 17.0 
181
110 15.0 
182
113 21.0 
183
100 18.0 
184
211 15.0 
185
116 16.0 
186
132 20.0 200 20.0 
187
223 14.0 
188
137 29.0 
189
110 16.0 
190
91 16.0 
191
214 20.0 
192
134 18.0 200 18.0 
193
117 24.0 
194
115 22.0 
195
92 24.0 103 2.0 
196
110 27.0 
197
107 21.0 
198
149 19.0 
199
217 20.0 

Final Solution:
0
91 12.0 
1
91 12.0 
2
217 11.0 
3
214 11.0 
4
221 22.0 223 5.0 
5
95 20.0 
6
115 23.0 
7
222 28.0 
8
144 21.0 
9
211 11.0 
10
132 11.0 200 11.0 
11
212 21.0 
12
110 18.0 
13
138 18.0 
14
102 3.0 103 19.0 164 8.0 205 8.0 
15
102 19.0 
16
112 18.0 
17
110 13.0 112 5.0 115 4.0 
18
203 21.0 122 21.0 
19
107 14.0 
20
118 13.0 
21
107 13.0 
22
147 13.0 
23
209 20.0 126 20.0 
24
195 11.0 205 9.0 208 1.0 124 21.0 
25
142 20.0 
26
211 24.0 
27
112 18.0 
28
113 15.0 
29
110 10.0 118 11.0 
30
204 24.0 122 24.0 
31
200 21.0 120 21.0 
32
138 28.0 
33
144 27.0 
34
222 23.0 
35
221 30.0 
36
113 7.0 114 4.0 
37
144 24.0 
38
128 28.0 195 28.0 
39
103 18.0 
40
4 4.0 133 4.0 174 4.0 200 15.0 120 15.0 
41
116 6.0 117 18.0 
42
224 13.0 
43
135 14.0 148 2.0 
44
116 28.0 
45
116 12.0 
46
97 26.0 
47
211 10.0 
48
130 11.0 195 11.0 
49
200 12.0 205 8.0 120 12.0 122 8.0 
50
221 19.0 224 11.0 
51
138 25.0 
52
112 29.0 
53
212 29.0 
54
204 10.0 124 10.0 
55
118 21.0 
56
142 12.0 
57
131 18.0 133 6.0 196 18.0 201 6.0 
58
201 22.0 121 22.0 
59
221 17.0 
60
212 22.0 
61
149 11.0 
62
114 26.0 
63
98 29.0 
64
144 14.0 146 5.0 
65
203 7.0 204 15.0 208 5.0 123 7.0 124 15.0 127 5.0 
66
91 2.0 97 24.0 
67
116 9.0 
68
96 18.0 
69
209 18.0 126 18.0 
70
201 1.0 204 14.0 120 1.0 123 10.0 124 4.0 
71
113 20.0 
72
129 25.0 209 25.0 
73
110 25.0 
74
214 21.0 
75
107 10.0 
76
211 8.0 224 9.0 
77
110 29.0 
78
130 13.0 195 13.0 
79
133 18.0 200 18.0 
80
131 8.0 132 13.0 196 8.0 198 13.0 
81
203 22.0 122 22.0 
82
100 22.0 
83
224 25.0 
84
95 28.0 
85
110 21.0 
86
146 28.0 
87
96 29.0 
88
146 17.0 148 3.0 
89
112 20.0 
90
128 9.0 195 11.0 127 2.0 
91
137 26.0 
92
214 30.0 
93
148 20.0 
94
117 16.0 
95
137 13.0 148 3.0 
96
209 9.0 127 9.0 
97
110 16.0 
98
94 12.0 
99
201 21.0 120 21.0 
100
148 11.0 
101
149 27.0 
102
95 2.0 101 8.0 102 6.0 
103
104 13.0 
104
116 15.0 
105
131 12.0 196 24.0 126 12.0 
106
211 22.0 
107
128 23.0 129 5.0 209 28.0 
108
212 14.0 224 13.0 
109
116 21.0 
110
223 16.0 
111
91 3.0 100 11.0 
112
201 22.0 120 22.0 
113
138 18.0 
114
221 19.0 
115
116 9.0 118 15.0 
116
107 28.0 
117
101 6.0 104 14.0 
118
135 23.0 
119
100 14.0 
120
217 20.0 
121
116 26.0 
122
114 17.0 
123
101 18.0 
124
222 21.0 
125
117 26.0 
126
128 30.0 208 30.0 
127
92 10.0 94 10.0 96 3.0 
128
217 14.0 
129
91 2.0 92 17.0 
130
201 21.0 121 21.0 
131
144 20.0 
132
217 21.0 
133
211 20.0 
134
92 6.0 104 10.0 
135
128 10.0 131 12.0 198 12.0 208 10.0 
136
211 22.0 
137
133 16.0 200 16.0 
138
100 11.0 
139
91 17.0 
140
103 13.0 
141
130 13.0 133 6.0 195 13.0 198 6.0 
142
130 13.0 195 13.0 208 4.0 127 4.0 
143
201 7.0 205 8.0 120 8.0 121 7.0 
144
138 9.0 144 19.0 
145
137 11.0 
146
115 23.0 
147
222 10.0 
148
204 19.0 123 19.0 
149
211 22.0 
150
223 24.0 
151
135 14.0 
152
222 17.0 
153
104 13.0 
154
221 27.0 
155
118 24.0 
156
113 28.0 
157
112 20.0 
158
211 11.0 
159
92 17.0 
160
149 30.0 
161
195 30.0 127 30.0 
162
112 19.0 
163
102 22.0 
164
217 12.0 
165
144 25.0 
166
221 2.0 222 14.0 
167
222 16.0 
168
117 24.0 
169
117 16.0 
170
149 12.0 
171
224 29.0 
172
148 11.0 
173
222 21.0 
174
149 20.0 
175
221 14.0 
176
135 26.0 
177
94 28.0 
178
91 2.0 98 21.0 
179
132 26.0 198 19.0 200 7.0 
180
205 17.0 122 3.0 123 14.0 
181
110 15.0 
182
114 21.0 
183
101 18.0 
184
214 15.0 
185
118 16.0 
186
129 20.0 195 20.0 
187
212 14.0 
188
135 23.0 147 6.0 
189
107 16.0 
190
100 16.0 
191
217 20.0 
192
204 18.0 122 18.0 
193
116 24.0 
194
107 19.0 110 3.0 
195
100 26.0 
196
114 27.0 
197
112 21.0 
198
142 18.0 147 1.0 
199
214 20.0 
