LP information:
0
103 10.0 
1
99 12.0 
2
216 10.0 
3
221 11.0 
4
217 27.0 
5
104 21.0 
6
106 24.0 
7
212 28.0 
8
137 21.0 
9
216 12.0 
10
129 2.0 130 10.0 195 12.0 
11
215 19.0 
12
106 20.0 
13
144 19.0 
14
101 28.0 
15
101 19.0 
16
111 13.000000000000007 119 5.999999999999993 
17
115 23.0 
18
203 20.0 122 20.0 
19
106 13.0 
20
119 11.0 
21
115 14.0 
22
136 14.0 
23
208 22.0 127 22.0 
24
195 23.0 124 23.0 
25
136 19.0 
26
215 23.0 
27
107 19.0 
28
113 16.0 
29
113 19.0 
30
207 25.0 123 25.0 
31
133 21.0 198 21.0 
32
137 28.0 
33
140 24.000000000000014 147 2.999999999999986 
34
216 22.0 
35
219 30.0 
36
108 10.0 
37
143 19.0 145 7.0 
38
129 29.0 209 29.0 
39
103 20.0 
40
203 20.0 123 20.0 
41
113 23.0 
42
217 13.0 
43
137 14.0 
44
115 28.0 
45
110 10.0 
46
91 17.0 98 8.0 
47
216 11.0 
48
128 14.0 208 14.0 
49
203 20.0 122 20.0 
50
214 29.0 
51
143 23.0 
52
107 31.0 
53
212 28.0 
54
208 9.0 123 9.0 
55
115 21.0 
56
137 10.0 
57
131 26.0 196 26.0 
58
130 24.0 195 24.0 
59
217 19.0 
60
217 20.0 
61
135 10.0 
62
107 26.0 
63
97 9.0 102 20.0 
64
141 20.0 
65
204 1.0 207 27.0 123 28.0 
66
94 27.0 
67
119 9.0 
68
96 8.0 97 9.0 
69
195 17.0 126 17.0 
70
200 15.0 120 15.0 
71
111 21.0 
72
208 25.0 127 25.0 
73
107 24.0 
74
214 20.0 
75
111 12.0 
76
210 15.0 
77
115 22.999999999999993 119 6.000000000000007 
78
208 14.0 127 14.0 
79
132 19.0 202 19.0 
80
195 8.000000000000014 198 13.999999999999986 127 22.0 
81
206 21.0 124 21.0 
82
103 22.0 
83
223 25.0 
84
96 29.0 
85
108 21.0 
86
137 19.0 144 7.0 
87
98 30.0 
88
144 3.0 146 19.0 
89
115 22.0 
90
207 12.0 127 12.0 
91
136 7.0 142 5.0 143 14.0 
92
212 31.0 
93
142 20.0 
94
111 17.0 
95
135 17.0 
96
195 9.0 127 9.0 
97
119 18.0 
98
95 1.0 99 11.0 
99
201 22.0 121 22.0 
100
143 10.0 
101
137 27.0 
102
100 16.0 
103
90 13.0 
104
114 13.0 
105
206 3.000000000000014 208 20.999999999999986 125 24.0 
106
218 22.0 
107
128 27.0 208 27.0 
108
223 26.0 
109
105 20.0 
110
221 17.0 
111
93 13.0 
112
132 21.0 200 21.0 
113
143 16.0 
114
221 18.0 
115
114 24.0 
116
106 30.0 
117
90 21.0 
118
145 22.0 
119
103 14.0 
120
218 20.0 
121
105 13.0 111 13.0 
122
113 12.999999999999993 115 5.000000000000007 
123
92 18.0 97 2.0 
124
221 21.0 
125
113 19.000000000000007 118 7.999999999999993 
126
128 28.0 208 28.0 
127
94 24.0 
128
223 15.0 
129
102 18.0 
130
133 21.0 202 21.0 
131
141 19.0 
132
214 24.0 
133
218 14.0 220 4.000000000000001 
134
90 13.0 
135
128 1.0000000000000142 133 20.999999999999986 198 22.0 
136
216 21.0 
137
134 18.0 202 18.0 
138
95 10.0 
139
90 8.0 98 8.0 
140
96 14.0 
141
128 14.0 129 1.0 195 15.0 
142
208 17.0 125 17.0 
143
202 15.0 121 15.0 
144
143 27.0 
145
135 11.0 
146
106 23.0 
147
216 10.0 
148
134 21.0 200 21.0 
149
221 21.0 
150
216 24.0 
151
137 14.0 
152
212 19.0 
153
103 11.0 
154
221 25.0 
155
119 24.0 
156
108 25.000000000000007 111 1.999999999999993 
157
109 19.0 
158
215 11.0 
159
99 16.0 
160
143 30.0 
161
195 30.0 125 30.0 
162
105 20.0 
163
97 20.0 
164
216 12.0 
165
147 23.0 
166
216 16.0 
167
217 15.0 
168
106 25.0 
169
116 18.0 
170
135 12.0 138 1.0 
171
223 28.0 
172
147 10.0 
173
217 21.0 
174
143 19.0 
175
212 15.0 
176
135 25.0 
177
95 23.0 103 5.0 
178
102 2.0 104 23.0 
179
131 25.0 197 25.0 
180
200 18.0 120 18.0 
181
109 15.0 
182
119 21.0 
183
100 17.0 
184
221 14.0 
185
113 17.0 
186
129 19.0 195 19.0 
187
223 13.0 
188
146 6.0 147 21.0 
189
118 15.0 
190
90 16.0 
191
216 20.0 
192
201 18.0 121 18.0 
193
111 22.0 
194
106 23.0 
195
98 16.999999999999993 101 8.000000000000007 
196
111 27.0 
197
107 21.0 
198
143 19.0 
199
214 22.0 

Final Solution:
0
103 10.0 
1
96 12.0 
2
220 10.0 
3
223 11.0 
4
218 27.0 
5
98 21.0 
6
108 24.0 
7
211 28.0 
8
129 4.0 145 17.0 154 4.0 165 4.0 
9
212 12.0 
10
129 11.0 131 1.0 200 12.0 
11
210 12.0 212 7.0 
12
108 20.0 
13
145 19.0 
14
98 28.0 
15
101 19.0 
16
117 19.0 
17
105 23.0 
18
203 3.0 206 17.0 123 20.0 
19
108 13.0 
20
108 11.0 
21
108 14.0 
22
146 14.0 
23
207 10.0 208 12.0 126 22.0 
24
195 23.0 126 23.0 
25
142 19.0 
26
214 23.0 
27
108 19.0 
28
111 2.9999999999999982 113 13.000000000000002 
29
109 19.0 
30
206 12.0 207 13.0 122 25.0 
31
200 21.0 120 21.0 
32
145 28.0 
33
143 19.0 147 8.0 
34
223 22.0 
35
220 30.0 
36
116 10.0 
37
143 26.0 
38
128 23.0 195 29.0 127 6.0 
39
97 20.0 
40
133 20.0 198 20.0 
41
116 22.0 119 1.0 
42
216 13.0 
43
145 7.0 146 7.0 
44
106 26.0 119 2.0 
45
108 3.0 115 3.0 119 4.0 
46
91 25.0 
47
216 11.0 
48
131 14.0 196 14.0 
49
206 20.0 120 14.0 122 6.0 
50
218 29.0 
51
137 23.0 
52
107 25.0 109 6.0 
53
212 28.0 
54
202 9.0 122 9.0 
55
119 21.0 
56
138 6.0 140 4.0 
57
132 26.0 197 26.0 
58
130 24.0 196 24.0 
59
218 19.0 
60
214 20.0 
61
138 10.0 
62
109 26.0 
63
90 14.0 100 4.0 101 11.0 
64
149 20.0 
65
206 28.0 126 28.0 
66
98 27.0 
67
114 9.0 
68
95 17.0 
69
130 3.0 132 14.0 197 17.0 
70
202 1.0 203 14.0 122 15.0 
71
115 21.0 
72
208 25.0 126 25.0 
73
106 24.0 
74
217 20.0 
75
107 12.0 
76
218 15.0 
77
114 29.0 
78
130 14.0 195 14.0 
79
133 4.0 198 4.0 203 15.0 123 15.0 
80
129 22.0 196 22.0 
81
204 21.0 123 21.0 
82
103 22.0 
83
212 25.0 
84
94 29.0 
85
108 21.0 
86
145 26.0 
87
103 30.0 
88
140 19.0 142 3.0 
89
113 22.0 
90
128 12.0 208 12.0 
91
137 26.0 
92
217 1.0 220 25.0 223 5.0 
93
135 20.0 
94
113 17.0 
95
147 17.0 
96
129 9.0 196 9.0 
97
82 5.0 105 13.0 154 5.0 
98
96 12.0 
99
206 22.0 122 22.0 
100
142 10.0 
101
140 27.0 
102
97 16.0 
103
91 13.0 
104
107 13.0 
105
129 4.0 196 24.0 125 20.0 
106
215 22.0 
107
207 27.0 127 27.0 
108
218 26.0 
109
115 19.0 117 1.0 
110
215 17.0 
111
95 13.0 
112
133 21.0 202 21.0 
113
137 9.0 138 7.0 
114
211 18.0 
115
119 24.0 
116
119 30.0 
117
90 21.0 
118
149 22.0 
119
94 1.0 103 13.0 
120
218 20.0 
121
105 14.0 113 12.0 
122
119 18.0 
123
101 20.0 
124
218 21.0 
125
115 27.0 
126
208 28.0 123 26.0 127 2.0 
127
98 24.0 
128
223 15.0 
129
95 18.0 
130
133 21.0 200 2.0 202 19.0 
131
146 19.0 
132
221 24.0 
133
214 18.0 
134
103 13.0 
135
132 10.0 43 12.0 198 10.0 82 12.0 
136
211 1.0 214 20.0 
137
133 13.0 200 13.0 204 5.0 122 5.0 
138
96 10.0 
139
90 2.0 91 12.0 95 2.0 
140
97 14.0 
141
128 15.0 196 7.0 197 7.0 208 1.0 
142
208 17.0 126 2.0 127 15.0 
143
200 15.0 120 15.0 
144
138 27.0 
145
135 11.0 
146
108 23.0 
147
223 10.0 
148
133 21.0 198 16.0 204 5.0 
149
220 10.0 221 11.0 
150
218 24.0 
151
135 14.0 
152
214 19.0 
153
102 11.0 
154
220 25.0 
155
111 24.0 
156
113 15.0 114 12.0 
157
108 12.0 109 7.0 
158
216 11.0 
159
96 16.0 
160
143 30.0 
161
195 25.0 208 5.0 125 30.0 
162
115 20.0 
163
94 20.0 
164
210 12.0 
165
137 23.0 
166
223 16.0 
167
221 15.0 
168
108 25.0 
169
116 18.0 
170
147 13.0 
171
212 28.0 
172
146 10.0 
173
223 21.0 
174
137 19.0 
175
210 12.0 218 3.0 
176
143 25.0 
177
102 28.0 
178
90 13.0 103 12.0 
179
131 25.0 200 25.0 
180
204 18.0 123 18.0 
181
109 15.0 
182
113 21.0 
183
100 5.0 102 11.0 153 1.0 206 1.0 
184
210 14.0 
185
115 17.0 
186
130 9.0 131 10.0 195 9.0 200 10.0 
187
216 13.0 
188
135 5.0 145 3.0 147 11.0 149 8.0 
189
108 15.0 
190
100 16.0 
191
216 2.0 217 18.0 
192
203 18.0 122 18.0 
193
115 22.0 
194
111 23.0 
195
100 25.0 
196
109 27.0 
197
115 21.0 
198
142 18.0 147 1.0 
199
215 11.0 218 11.0 
