LP information:
0
42 28.000000000000004 44 2.9999999999999964 
1
61 1.0 74 9.0 
2
129 16.0 130 1.5 3 17.5 131 12.5 8 12.5 
3
61 19.0 
4
77 16.0 
5
10 2.0 63 19.0 77 2.0 111 19.0 
6
81 2.0 83 26.0 121 2.0 123 26.0 
7
137 21.0 14 21.0 
8
17 1.5 18 2.0 19 14.0 20 1.5 61 8.0 76 1.5 88 1.5 89 16.0 94 8.0 
9
0 14.0 14 5.0 52 5.0 55 14.0 
10
92 9.0 104 2.0 51 2.0 53 9.0 
11
148 21.0 
12
6 1.5 7 12.5 144 1.5 145 12.5 
13
132 2.5000000000000018 120 7.499999999999998 
14
137 19.0 139 9.0 96 19.0 98 9.0 
15
77 7.0 86 14.0 
16
64 2.5 65 16.5 71 2.0 
17
94 20.0 
18
26 2.0 27 5.0 28 9.0 
19
132 9.999999999999998 126 14.000000000000002 

Final Solution:
0
35 20.0 44 11.0 
1
64 10.0 
2
1 30.0 124 8.0 126 22.0 
3
64 3.0 69 16.0 
4
84 16.0 
5
13 5.0 64 16.0 84 5.0 113 16.0 
6
84 28.0 124 28.0 
7
136 12.0 139 9.0 13 21.0 
8
15 27.0 86 27.0 
9
13 19.0 53 19.0 
10
90 11.0 53 11.0 
11
139 21.0 
12
1 14.0 139 10.0 69 4.0 124 4.0 
13
124 10.0 
14
136 28.0 97 28.0 
15
84 1.0 86 20.0 
16
64 21.0 
17
90 9.0 97 11.0 
18
15 16.0 
19
126 24.0 
