LP information:
0
104 12.0 
1
96 14.0 
2
223 12.0 
3
219 11.0 
4
211 26.0 
5
92 20.0 
6
112 22.0 
7
218 26.0 
8
142 22.0 
9
212 11.0 221 1.0 
10
129 8.0 130 4.0 198 12.0 
11
220 21.0 
12
113 17.0 
13
142 19.0 
14
93 30.0 
15
99 19.0 
16
110 18.0 
17
112 23.0 
18
201 21.0 120 21.0 
19
119 14.0 
20
109 13.0 
21
110 12.0 
22
147 13.0 
23
208 20.0 126 20.0 
24
208 22.0 124 22.0 
25
142 9.0 146 10.0 
26
213 24.0 
27
112 19.0 
28
110 15.0 
29
118 20.0 
30
201 25.0 121 25.0 
31
133 21.0 198 21.0 
32
148 28.0 
33
148 26.0 
34
223 26.0 
35
221 8.0 223 21.0 
36
108 11.0 
37
142 23.0 
38
198 28.0 127 28.0 
39
94 19.0 
40
132 19.0 197 19.0 
41
108 23.0 
42
223 13.0 
43
146 15.0 
44
119 30.0 
45
118 13.0 
46
97 25.0 
47
211 11.0 
48
128 12.0 208 12.0 
49
203 19.0 120 19.0 
50
220 30.0 
51
148 27.0 
52
112 2.0 113 26.0 
53
218 28.0 
54
208 10.0 124 10.0 
55
115 22.0 
56
142 10.0 
57
133 24.0 198 24.0 
58
133 23.0 198 23.0 
59
211 17.0 
60
213 21.0 
61
142 11.0 
62
113 26.0 
63
91 29.0 
64
142 21.0 
65
208 28.0 123 15.0 126 13.0 
66
91 25.0 
67
119 10.0 
68
96 18.0 
69
197 17.0 126 17.0 
70
203 15.0 123 15.0 
71
109 18.0 113 3.0 
72
129 23.0 197 23.0 
73
111 24.0 
74
218 22.0 
75
108 9.0 
76
212 17.0 
77
119 29.0 
78
198 12.0 127 12.0 
79
132 18.0 198 18.0 
80
130 14.0 197 14.0 208 8.0 127 8.0 
81
201 16.0 203 6.0 120 8.0 121 14.0 
82
100 23.0 
83
211 24.0 
84
97 30.0 
85
114 21.0 
86
146 27.0 
87
93 10.0 100 21.0 
88
146 22.0 
89
110 22.0 
90
133 10.0 198 10.0 
91
148 24.0 
92
223 31.0 
93
142 19.0 
94
112 16.0 
95
148 16.0 
96
208 11.0 127 11.0 
97
119 16.0 
98
94 12.0 
99
205 20.0 120 20.0 
100
140 12.0 
101
140 27.0 
102
98 17.0 
103
90 13.0 
104
108 14.0 
105
128 24.0 208 24.0 
106
223 22.0 
107
208 29.0 127 29.0 
108
214 26.0 
109
118 21.0 
110
213 16.0 
111
98 14.0 
112
132 22.0 198 2.0 203 20.0 
113
140 6.0 142 12.0 
114
211 17.0 
115
108 25.0 
116
112 31.0 
117
92 4.0 99 17.0 
118
148 24.0 
119
91 13.0 
120
214 20.0 
121
112 25.0 
122
119 18.0 
123
92 19.0 
124
217 19.0 
125
113 12.0 119 14.0 
126
208 30.0 123 30.0 
127
98 22.0 
128
221 15.0 
129
101 19.0 
130
131 21.0 197 21.0 
131
145 2.0000000000000284 148 16.99999999999997 
132
223 21.0 
133
218 21.0 
134
93 12.0 98 2.0 
135
197 21.0 127 21.0 
136
215 20.0 
137
133 16.0 198 16.0 
138
96 10.0 
139
95 18.0 
140
101 14.0 
141
128 16.0 198 16.0 
142
208 17.0 125 17.0 
143
134 17.0 201 17.0 
144
142 28.0 
145
140 12.0 
146
108 22.0 
147
211 11.0 
148
133 21.0 198 21.0 
149
218 21.0 
150
216 25.0 
151
142 13.0 
152
221 20.0 
153
90 5.0 96 4.0 97 4.0 
154
221 27.0 
155
107 8.0 118 17.0 
156
110 28.0 
157
109 20.0 
158
213 10.0 
159
90 15.0 
160
142 29.0 
161
208 30.0 125 13.0 126 17.0 
162
110 17.0 
163
92 23.0 
164
212 15.0 
165
148 23.0 
166
216 18.0 
167
218 16.0 
168
110 24.0 
169
108 16.0 
170
148 12.0 
171
219 26.0 
172
148 11.0 
173
213 21.0 
174
148 19.0 
175
219 14.0 
176
142 25.0 
177
101 6.0 104 20.0 
178
100 24.0 
179
131 25.0 198 25.0 
180
134 19.0 205 19.0 
181
117 15.0 
182
118 21.0 
183
92 17.0 
184
221 15.0 
185
119 17.0 
186
133 19.0 198 19.0 
187
223 12.0 
188
146 28.0 
189
108 14.0 
190
90 15.0 
191
216 20.0 
192
205 18.0 125 18.0 
193
110 24.0 
194
113 22.0 
195
92 26.0 
196
117 28.0 
197
112 20.0 
198
148 20.0 
199
221 23.0 

Final Solution:
0
91 1.0 97 10.0 104 1.0 
1
97 14.0 
2
216 2.0 217 10.0 
3
223 11.0 
4
216 8.0 218 15.0 220 2.0 221 1.0 
5
92 4.0 93 13.0 97 3.0 
6
109 21.0 110 1.0 
7
211 6.0 221 7.0 223 13.0 
8
142 22.0 
9
211 11.0 213 1.0 
10
132 12.0 197 6.666666666666668 198 5.333333333333332 
11
211 6.0 212 15.0 
12
105 3.0 108 14.0 
13
140 19.0 
14
93 17.0 96 13.0 
15
104 9.0 150 10.0 200 10.0 
16
110 2.0 119 16.0 
17
108 23.0 
18
205 21.0 125 21.0 
19
112 14.0 
20
118 13.0 
21
118 12.0 
22
147 10.0 148 3.0 
23
128 8.666666666666666 205 11.333333333333334 208 8.666666666666668 125 11.333333333333334 
24
208 22.0 127 22.0 
25
140 5.0 142 14.0 
26
213 24.0 
27
112 19.0 
28
109 15.0 
29
113 20.0 
30
201 25.0 121 25.0 
31
203 21.0 123 21.0 
32
140 28.0 
33
142 26.0 
34
219 26.0 
35
219 29.0 
36
119 11.0 
37
142 3.0 149 20.0 
38
128 28.0 208 28.0 
39
93 2.0 94 17.0 
40
132 19.0 198 19.0 
41
118 23.0 
42
213 13.0 
43
148 15.0 
44
117 30.0 
45
109 13.0 
46
92 25.0 
47
211 11.0 
48
208 12.0 127 12.0 
49
205 19.0 124 15.999999999999993 125 3.000000000000007 
50
220 30.0 
51
146 27.0 
52
110 28.0 
53
219 28.0 
54
205 10.0 125 10.0 
55
119 22.0 
56
142 10.0 
57
131 24.0 197 24.0 
58
131 23.0 197 23.0 
59
211 17.0 
60
214 21.0 
61
140 11.0 
62
111 26.0 
63
90 29.0 
64
146 21.0 
65
208 28.0 124 1.3333333333333428 126 26.666666666666657 
66
90 25.0 
67
113 10.0 
68
93 18.0 
69
132 13.666666666666671 197 17.0 127 3.3333333333333286 
70
205 15.0 125 15.0 
71
108 5.0 118 16.0 
72
208 23.0 126 23.0 
73
112 24.0 
74
221 22.0 
75
110 9.0 
76
212 17.0 
77
119 29.0 
78
128 12.0 198 12.0 
79
132 18.0 197 18.0 
80
128 1.333333333333334 129 20.666666666666664 198 22.0 
81
201 11.333333333333336 205 10.666666666666664 120 4.333333333333336 121 7.0 124 10.666666666666664 
82
94 11.0 100 12.0 
83
214 17.0 215 7.0 
84
91 30.0 
85
113 21.0 
86
140 27.0 
87
100 13.0 101 18.0 
88
142 22.0 
89
109 22.0 
90
133 10.0 198 10.0 
91
142 24.0 
92
212 24.0 219 7.0 
93
142 19.0 
94
119 16.0 
95
147 16.0 
96
133 9.666666666666668 198 9.666666666666668 208 1.3333333333333321 127 1.3333333333333321 
97
112 16.0 
98
97 12.0 
99
205 20.0 124 20.0 
100
140 12.0 
101
148 27.0 
102
101 17.0 
103
90 13.0 
104
108 14.0 
105
205 24.0 125 24.0 
106
223 22.0 
107
132 29.0 197 29.0 
108
218 26.0 
109
111 7.0 118 14.0 
110
218 16.0 
111
96 14.0 
112
200 10.0 203 12.0 120 10.0 123 12.0 
113
148 18.0 
114
218 17.0 
115
119 25.0 
116
110 2.0 117 29.0 
117
92 21.0 
118
147 24.0 
119
90 13.0 
120
211 20.0 
121
119 25.0 
122
119 18.0 
123
100 19.0 
124
223 19.0 
125
113 26.0 
126
208 30.0 125 15.666666666666657 127 14.333333333333343 
127
94 22.0 
128
218 15.0 
129
91 19.0 
130
131 3.0 197 3.0 201 18.0 121 18.0 
131
148 19.0 
132
215 21.0 
133
213 21.0 
134
104 14.0 
135
129 21.0 197 21.0 
136
217 20.0 
137
133 16.0 198 16.0 
138
97 10.0 
139
92 18.0 
140
97 14.0 
141
129 8.333333333333336 133 7.666666666666664 198 16.0 
142
208 17.0 127 17.0 
143
205 17.0 120 17.0 
144
142 28.0 
145
142 12.0 
146
118 22.0 
147
218 11.0 
148
133 21.0 198 21.0 
149
223 21.0 
150
216 25.0 
151
140 13.0 
152
221 20.0 
153
97 13.0 
154
212 5.0 215 22.0 
155
117 25.0 
156
110 28.0 
157
111 17.0 112 3.0 
158
219 10.0 
159
92 15.0 
160
148 29.0 
161
208 30.0 127 30.0 
162
105 17.0 
163
96 23.0 
164
216 15.0 
165
146 23.0 
166
220 18.0 
167
212 16.0 
168
112 24.0 
169
117 16.0 
170
140 12.0 
171
213 26.0 
172
148 11.0 
173
211 21.0 
174
140 19.0 
175
223 14.0 
176
148 25.0 
177
104 26.0 
178
97 24.0 
179
132 8.333333333333332 133 16.666666666666668 197 8.333333333333332 201 16.666666666666668 
180
203 17.0 205 2.0 123 17.0 124 2.0 
181
109 15.0 
182
119 21.0 
183
92 17.0 
184
213 15.0 
185
119 17.0 
186
133 19.0 198 19.0 
187
214 12.0 
188
146 28.0 
189
109 14.0 
190
101 15.0 
191
217 20.0 
192
201 18.0 120 18.0 
193
108 24.0 
194
113 22.0 
195
90 20.0 100 6.0 
196
110 28.0 
197
108 19.0 113 1.0 
198
142 20.0 
199
212 23.0 
