LP information:
0
96 14.0 
1
94 15.0 
2
219 12.0 
3
215 10.0 
4
215 27.0 
5
90 18.0 
6
114 23.0 
7
213 28.0 
8
135 17.0 145 5.0 
9
221 10.0 
10
132 10.0 200 10.0 
11
212 21.0 
12
110 17.0 
13
145 19.0 
14
94 28.0 
15
97 18.0 
16
116 18.0 
17
105 24.0 
18
202 20.0 122 20.0 
19
110 15.0 
20
105 13.0 
21
110 12.0 
22
139 14.0 
23
131 23.0 196 23.0 
24
129 1.0 195 1.0 205 19.0 124 19.0 
25
137 23.0 
26
216 20.0 
27
110 18.0 
28
105 14.0 
29
105 22.0 
30
202 24.0 121 24.0 
31
132 20.0 200 20.0 
32
145 27.0 
33
143 25.0 
34
215 22.0 
35
223 32.0 
36
113 9.0 
37
149 24.0 
38
196 29.0 127 29.0 
39
102 18.0 
40
132 15.999999999999972 133 6.000000000000028 199 5.0 201 17.0 
41
116 23.0 
42
216 2.0 224 11.0 
43
145 15.0 
44
116 29.0 
45
105 12.0 
46
93 25.0 
47
212 10.0 
48
196 12.0 125 12.0 
49
202 21.0 120 21.0 
50
213 28.0 
51
145 27.0 
52
110 29.0 
53
213 29.0 
54
207 11.0 126 11.0 
55
115 21.0 
56
137 10.0 
57
131 24.0 200 24.0 
58
130 24.0 199 24.0 
59
215 17.0 
60
211 21.0 
61
149 9.0 
62
116 27.0 
63
92 29.0 
64
136 20.0 
65
128 26.99999999999997 205 3.0000000000000284 208 26.99999999999997 124 3.0000000000000284 
66
90 26.0 
67
105 10.0 
68
95 18.0 
69
195 19.0 127 19.0 
70
205 15.0 122 15.0 
71
110 18.0 
72
208 26.0 126 26.0 
73
110 24.0 
74
215 24.0 
75
110 10.0 
76
221 14.0 
77
105 30.0 
78
128 14.0 196 14.0 
79
202 19.0 122 19.0 
80
129 22.0 196 22.0 
81
205 22.0 122 22.0 
82
101 23.0 
83
219 17.0 223 8.0 
84
91 27.0 
85
105 22.0 
86
137 27.0 
87
97 30.0 
88
139 21.0 
89
105 22.0 
90
130 11.0 198 11.0 
91
142 16.0 143 8.0 
92
213 30.0 
93
149 18.0 
94
116 16.0 
95
136 17.0 
96
128 9.0 196 9.0 
97
110 14.0 
98
90 12.0 
99
202 16.999999999999957 205 5.000000000000043 122 16.999999999999957 125 5.000000000000043 
100
143 10.0 
101
145 27.0 
102
96 15.0 
103
96 1.999999999999993 97 3.9999999999999787 101 7.0 104 2.0000000000000284 
104
109 16.0 
105
207 23.0 125 23.0 
106
216 21.0 
107
196 29.0 126 29.0 
108
223 27.0 
109
105 20.0 
110
222 16.0 
111
100 13.0 
112
132 22.0 199 22.0 
113
149 18.0 
114
223 17.0 
115
108 21.0 
116
110 29.0 
117
104 20.0 
118
145 22.0 
119
101 14.0 
120
224 21.0 
121
116 25.0 
122
114 17.0 
123
102 18.0 
124
211 21.0 
125
116 25.0 
126
205 29.0 122 29.0 
127
91 10.0 96 13.0 
128
224 15.0 
129
95 8.0 100 12.0 
130
202 23.0 122 23.0 
131
145 20.0 
132
213 21.0 
133
221 20.0 
134
100 14.0 
135
196 19.99999999999997 208 2.0000000000000284 127 22.0 
136
211 23.0 
137
133 17.0 198 17.0 
138
95 9.0 
139
90 13.000000000000036 92 2.9999999999999645 
140
99 13.0 
141
128 17.0 195 17.0 
142
196 17.0 126 17.0 
143
202 16.0 120 16.0 
144
137 28.0 
145
143 10.0 
146
116 21.0 
147
211 12.0 
148
202 20.0 121 20.0 
149
223 22.0 
150
215 24.0 
151
143 12.0 
152
215 18.0 
153
93 12.0 
154
212 26.0 
155
109 24.0 
156
109 29.0 
157
110 1.0 116 20.0 
158
211 9.0 
159
97 16.0 
160
149 30.0 
161
208 29.0 125 29.0 
162
116 20.0 
163
91 22.0 
164
215 12.0 
165
145 26.0 
166
221 19.0 
167
219 15.0 
168
105 23.0 
169
116 16.0 
170
136 13.0 
171
219 28.0 
172
145 12.0 
173
221 20.0 
174
143 19.0 
175
213 13.0 
176
149 26.0 
177
92 27.0 
178
91 24.0 
179
131 25.0 196 25.0 
180
134 13.999999999999972 205 17.0 122 3.0000000000000284 
181
116 15.0 
182
105 22.0 
183
92 4.0 100 14.0 
184
219 16.0 
185
110 18.0 
186
129 20.0 200 20.0 
187
216 15.0 
188
137 27.0 
189
116 15.0 
190
102 16.0 
191
215 22.0 
192
205 16.0 120 16.0 
193
116 22.0 
194
112 22.0 
195
98 23.00000000000003 99 0.9999999999999716 
196
109 19.0 114 7.0 
197
116 21.0 
198
142 18.0 
199
213 21.0 

Final Solution:
0
92 14.0 
1
92 7.0 93 8.0 
2
210 5.0 216 7.0 
3
215 10.0 
4
210 1.0 224 26.0 
5
90 13.0 97 1.0 99 4.0 
6
109 14.0 114 9.0 
7
219 28.0 
8
138 4.0 141 2.0 143 16.0 
9
212 10.0 
10
130 10.0 195 10.0 
11
219 21.0 
12
106 17.0 
13
136 19.0 
14
98 28.0 
15
100 18.0 
16
116 18.0 
17
25 9.0 106 15.0 124 9.0 151 9.0 
18
200 6.0 205 14.0 120 6.0 124 14.0 
19
109 15.0 
20
110 13.0 
21
116 12.0 
22
138 14.0 
23
129 3.0 195 3.0 206 20.0 125 20.0 
24
205 20.0 124 20.0 
25
143 23.0 
26
216 9.0 221 11.0 
27
109 18.0 
28
105 14.0 
29
110 22.0 
30
202 8.0 207 16.0 121 8.0 125 16.0 
31
134 20.0 200 20.0 
32
139 27.0 
33
145 25.0 
34
216 22.0 
35
212 32.0 
36
105 9.0 
37
143 24.0 
38
128 29.0 208 29.0 
39
101 18.0 
40
132 22.0 201 22.0 
41
105 23.0 
42
221 13.0 
43
135 15.0 
44
114 29.0 
45
110 12.0 
46
95 25.0 
47
211 10.0 
48
195 12.0 127 12.0 
49
202 7.0 206 14.0 122 7.0 124 14.0 
50
223 28.0 
51
143 27.0 
52
110 29.0 
53
224 29.0 
54
207 11.0 125 11.0 
55
116 21.0 
56
139 4.0 142 6.0 
57
131 1.0 134 23.0 196 1.0 199 17.0 201 6.0 
58
130 2.0 133 22.0 195 2.0 201 22.0 
59
211 17.0 
60
211 21.0 
61
141 9.0 
62
114 27.0 
63
92 13.0 100 12.0 101 1.0 104 3.0 
64
141 20.0 
65
208 30.0 127 30.0 
66
90 5.0 94 21.0 
67
105 10.0 
68
93 18.0 
69
128 5.0 130 14.0 195 14.0 208 5.0 
70
204 15.0 123 15.0 
71
116 18.0 
72
130 4.0 196 4.0 207 22.0 127 22.0 
73
109 24.0 
74
223 24.0 
75
105 10.0 
76
212 14.0 
77
116 30.0 
78
129 7.0 198 7.0 208 7.0 127 7.0 
79
134 7.0 200 19.0 120 12.0 
80
129 22.0 198 22.0 
81
202 22.0 122 22.0 
82
104 23.0 
83
211 25.0 
84
97 27.0 
85
25 1.0 74 1.0 110 21.0 139 1.0 
86
136 27.0 
87
99 18.0 102 12.0 
88
142 21.0 
89
105 16.000000000000007 114 5.999999999999993 
90
130 11.0 196 11.0 
91
136 24.0 
92
216 30.0 
93
149 18.0 
94
116 16.0 
95
136 4.0 149 13.0 
96
130 9.0 195 9.0 
97
110 14.0 
98
93 12.0 
99
202 22.0 121 22.0 
100
142 10.0 
101
149 27.0 
102
99 15.0 
103
98 15.0 
104
105 16.0 
105
128 16.0 196 16.0 206 7.0 125 7.0 
106
224 21.0 
107
208 29.0 127 29.0 
108
216 27.0 
109
105 20.0 
110
212 16.0 
111
97 13.0 
112
133 22.0 198 9.0 200 13.0 
113
138 18.0 
114
219 9.0 223 8.0 
115
116 21.0 
116
105 28.0 106 1.0 
117
100 20.0 
118
135 22.0 
119
101 14.0 
120
210 14.0 215 7.0 
121
116 25.0 
122
106 17.0 
123
95 18.0 
124
219 21.0 
125
105 25.0 
126
206 29.0 123 5.0 124 24.0 
127
90 23.0 
128
221 15.0 
129
94 20.0 
130
131 23.0 200 23.0 
131
145 20.0 
132
223 21.0 
133
216 20.0 
134
90 14.0 
135
131 13.0 132 9.0 196 13.0 198 9.0 
136
216 23.0 
137
202 15.0 204 2.0 122 15.0 124 2.0 
138
97 9.0 
139
92 16.0 
140
99 13.0 
141
129 17.0 198 3.0 199 14.0 
142
205 17.0 125 17.0 
143
205 16.0 120 16.0 
144
149 28.0 
145
143 10.0 
146
116 21.0 
147
211 12.0 
148
202 20.0 121 20.0 
149
212 22.0 
150
224 24.0 
151
136 12.0 
152
216 18.0 
153
93 12.0 
154
221 26.0 
155
110 24.0 
156
109 29.0 
157
110 5.999999999999993 116 15.000000000000007 
158
215 9.0 
159
94 9.0 95 7.0 
160
139 30.0 
161
205 29.0 125 29.0 
162
116 20.0 
163
102 22.0 
164
216 12.0 
165
149 26.0 
166
211 15.0 216 4.0 
167
221 15.0 
168
105 23.0 
169
105 16.0 
170
136 13.0 
171
216 28.0 
172
149 12.0 
173
221 20.0 
174
141 19.0 
175
212 13.0 
176
149 26.0 
177
90 27.0 
178
104 24.0 
179
131 13.0 133 6.0 200 19.0 202 6.0 122 6.0 
180
204 17.0 124 17.0 
181
110 15.0 
182
105 22.0 
183
90 18.0 
184
212 16.0 
185
105 18.0 
186
129 1.0 132 19.0 196 1.0 199 19.0 
187
223 15.0 
188
135 13.0 138 14.0 
189
116 15.0 
190
102 16.0 
191
215 22.0 
192
204 16.0 120 16.0 
193
110 22.0 
194
110 22.0 
195
98 7.0 101 17.0 
196
114 26.0 
197
114 3.000000000000007 116 17.999999999999993 
198
142 13.0 145 5.0 
199
219 21.0 
