LP information:
0
97 11.0 
1
91 13.0 
2
216 10.0 
3
213 6.0 223 5.0 
4
216 27.0 
5
104 19.0 
6
106 23.0 
7
212 27.0 
8
135 19.0 
9
216 11.0 
10
129 9.0 130 1.0 198 1.0 209 9.0 
11
212 20.0 
12
114 17.0 
13
138 18.0 
14
94 29.0 
15
99 18.0 
16
117 17.0 
17
106 12.0 114 12.0 
18
206 19.0 120 19.0 
19
110 15.0 
20
117 14.0 
21
117 13.0 
22
141 5.0 149 8.0 
23
196 20.0 125 20.0 
24
208 20.0 125 20.0 
25
140 20.0 
26
212 23.0 
27
110 18.0 
28
110 16.0 
29
106 20.0 
30
203 25.0 121 6.0 122 19.0 
31
134 21.0 203 21.0 
32
135 29.0 
33
138 26.0 
34
216 25.0 
35
223 31.0 
36
114 11.0 
37
141 12.0 148 11.0 
38
130 28.0 198 28.0 
39
101 18.0 
40
134 17.0 203 17.0 
41
114 23.0 
42
220 12.0 
43
138 16.0 
44
116 29.0 
45
110 14.0 
46
95 15.0 98 10.0 
47
216 9.0 
48
129 12.0 196 12.0 
49
203 12.0 205 9.0 120 12.0 124 9.0 
50
223 30.0 
51
146 26.0 
52
110 30.0 
53
224 30.0 
54
205 10.0 124 10.0 
55
117 18.0 
56
141 11.0 
57
132 24.0 198 24.0 
58
130 24.0 196 24.0 
59
216 14.0 223 4.0 
60
211 22.0 
61
139 11.0 
62
106 25.0 
63
100 30.0 
64
141 19.0 
65
206 27.0 125 27.0 
66
99 26.0 
67
106 10.0 
68
90 2.0 100 15.0 
69
128 17.0 195 17.0 
70
203 15.0 121 3.0 123 12.0 
71
114 19.0 
72
207 27.0 127 27.0 
73
106 25.0 
74
216 22.0 
75
117 11.0 
76
213 16.0 
77
110 28.0 
78
130 13.0 195 13.0 
79
132 19.0 200 19.0 
80
207 22.0 127 22.0 
81
203 17.0 206 7.0 121 24.0 
82
102 21.0 
83
223 25.0 
84
91 13.0 99 15.0 
85
110 22.0 
86
141 27.0 
87
93 29.0 
88
148 20.0 
89
115 20.0 
90
129 11.0 196 11.0 
91
143 27.0 
92
223 29.0 
93
135 18.0 
94
114 15.0 
95
138 16.0 
96
207 9.0 127 9.0 
97
106 14.0 
98
90 10.0 
99
206 20.0 126 20.0 
100
148 11.0 
101
138 28.0 
102
101 15.0 
103
103 12.0 
104
114 14.0 
105
207 23.0 125 23.0 
106
211 21.0 
107
207 29.0 126 29.0 
108
210 26.0 
109
113 21.0 
110
213 14.0 
111
100 15.0 
112
133 22.0 203 22.0 
113
138 19.0 
114
211 19.0 
115
106 18.0 116 6.0 
116
110 30.0 
117
92 3.0 97 18.0 
118
146 24.0 
119
94 13.0 
120
224 19.0 
121
117 25.0 
122
114 17.0 
123
92 19.0 
124
212 21.0 
125
117 27.0 
126
203 29.0 122 29.0 
127
97 14.0 98 7.0 
128
216 14.0 
129
95 4.0 100 16.0 
130
201 21.0 120 21.0 
131
142 20.0 
132
223 23.0 
133
220 20.0 
134
92 16.0 
135
128 21.0 196 21.0 
136
216 22.0 
137
134 17.0 203 17.0 
138
102 11.0 
139
95 18.0 
140
99 13.0 
141
128 19.0 208 19.0 
142
206 18.0 125 18.0 
143
205 18.0 125 18.0 
144
149 28.0 
145
143 11.0 
146
117 22.0 
147
223 8.0 
148
133 21.0 201 21.0 
149
224 22.0 
150
216 25.0 
151
138 14.0 
152
221 18.0 
153
92 3.0 94 9.0 
154
213 28.0 
155
110 25.0 
156
114 27.0 
157
114 20.0 
158
216 13.0 
159
95 16.0 
160
143 29.0 
161
128 30.0 195 28.0 196 2.0 
162
117 21.0 
163
90 23.0 
164
213 12.0 
165
138 8.0 139 6.0 146 12.0 
166
212 18.0 
167
224 16.0 
168
117 25.0 
169
117 15.0 
170
141 14.0 
171
223 28.0 
172
148 11.0 
173
220 21.0 
174
138 20.0 
175
220 14.0 
176
138 26.0 
177
102 27.0 
178
91 23.0 
179
201 24.0 120 24.0 
180
203 16.0 122 16.0 
181
110 16.0 
182
106 20.0 
183
95 13.0 102 5.0 
184
221 16.0 
185
110 18.0 
186
129 19.0 209 19.0 
187
221 14.0 
188
146 28.0 
189
110 16.0 
190
92 17.0 
191
216 20.0 
192
134 17.0 200 17.0 
193
110 24.0 
194
106 24.0 
195
98 26.0 
196
110 26.0 
197
106 21.0 
198
142 20.0 
199
213 23.0 

Final Solution:
0
92 4.0 95 2.0 104 5.0 
1
104 13.0 
2
220 10.0 
3
212 4.0 221 7.0 
4
216 27.0 
5
98 19.0 
6
110 17.0 114 6.0 
7
213 27.0 
8
135 15.0 137 4.0 
9
211 6.0 212 5.0 
10
133 1.0 200 10.0 120 9.0 
11
211 3.0 216 17.0 
12
113 17.0 
13
137 3.0 138 12.0 139 3.0 
14
94 9.0 98 13.0 100 7.0 
15
98 8.0 101 10.0 
16
117 17.0 
17
113 24.0 
18
205 17.0 206 2.0 124 17.0 126 2.0 
19
110 15.0 
20
110 14.0 
21
106 13.0 
22
138 13.0 
23
206 20.0 125 20.0 
24
128 18.0 195 18.0 207 2.0 127 2.0 
25
143 20.0 
26
220 23.0 
27
114 18.0 
28
110 16.0 
29
106 20.0 
30
203 25.0 123 25.0 
31
133 4.0 198 4.0 201 17.0 120 17.0 
32
138 29.0 
33
142 9.0 143 15.0 148 2.0 
34
213 19.0 221 6.0 
35
210 31.0 
36
114 11.0 
37
143 23.0 
38
129 2.0 130 26.0 195 5.0 196 20.0 198 1.0 209 2.0 
39
93 18.0 
40
200 6.0 203 11.0 120 6.0 123 11.0 
41
114 23.0 
42
223 12.0 
43
149 16.0 
44
106 12.0 113 2.0 117 15.0 
45
117 14.0 
46
103 25.0 
47
210 9.0 
48
129 7.0 207 5.0 209 7.0 125 5.0 
49
202 13.0 206 8.0 122 13.0 124 8.0 
50
223 30.0 
51
135 26.0 
52
114 30.0 
53
221 30.0 
54
128 5.0 207 5.0 208 5.0 124 5.0 
55
117 18.0 
56
139 11.0 
57
133 24.0 200 16.0 201 8.0 
58
130 24.0 198 24.0 
59
223 18.0 
60
211 22.0 
61
143 11.0 
62
114 25.0 
63
92 8.0 101 3.0 103 19.0 
64
135 19.0 
65
205 27.0 123 26.0 125 1.0 
66
99 26.0 
67
106 10.0 
68
91 17.0 
69
129 17.0 209 17.0 
70
202 15.0 122 15.0 
71
110 19.0 
72
128 27.0 195 27.0 
73
114 25.0 
74
224 22.0 
75
110 11.0 
76
210 8.0 221 7.0 224 1.0 
77
110 28.0 
78
129 13.0 209 13.0 
79
134 17.0 203 19.0 121 2.0 
80
129 22.0 196 22.0 
81
203 24.0 121 24.0 
82
102 20.0 103 1.0 
83
223 25.0 
84
94 28.0 
85
110 22.0 
86
138 27.0 
87
95 29.0 
88
139 2.0 146 18.0 
89
114 20.0 
90
129 1.0 208 10.0 209 1.0 127 10.0 
91
135 10.0 148 17.0 
92
212 29.0 
93
148 18.0 
94
117 15.0 
95
138 16.0 
96
207 9.0 127 9.0 
97
106 14.0 
98
98 10.0 
99
206 20.0 124 20.0 
100
138 11.0 
101
146 28.0 
102
99 15.0 
103
99 9.0 102 3.0 
104
106 14.0 
105
205 6.0 208 17.0 125 6.0 126 17.0 
106
212 21.0 
107
128 29.0 209 29.0 
108
213 26.0 
109
114 21.0 
110
213 14.0 
111
93 15.0 
112
203 22.0 123 22.0 
113
137 19.0 
114
211 2.0 220 17.0 
115
117 24.0 
116
110 30.0 
117
101 21.0 
118
137 24.0 
119
104 13.0 
120
224 19.0 
121
117 25.0 
122
117 17.0 
123
95 19.0 
124
210 8.0 223 13.0 
125
117 7.0 119 20.0 
126
207 29.0 127 29.0 
127
92 21.0 
128
210 14.0 
129
100 20.0 
130
133 21.0 198 21.0 
131
139 20.0 
132
210 23.0 
133
211 20.0 
134
101 16.0 
135
128 21.0 196 21.0 
136
216 22.0 
137
202 1.0 203 16.0 122 1.0 123 16.0 
138
103 11.0 
139
91 17.0 93 1.0 
140
94 13.0 
141
129 19.0 209 19.0 
142
208 18.0 125 18.0 
143
200 18.0 120 18.0 
144
138 28.0 
145
143 11.0 
146
117 22.0 
147
216 8.0 
148
203 21.0 122 21.0 
149
223 22.0 
150
216 25.0 
151
139 14.0 
152
211 18.0 
153
104 12.0 
154
216 28.0 
155
106 25.0 
156
114 27.0 
157
110 20.0 
158
211 13.0 
159
91 16.0 
160
142 29.0 
161
196 30.0 126 30.0 
162
114 21.0 
163
93 16.0 104 7.0 
164
224 12.0 
165
146 26.0 
166
224 18.0 
167
211 16.0 
168
106 25.0 
169
114 15.0 
170
138 14.0 
171
224 28.0 
172
148 11.0 
173
212 21.0 
174
143 20.0 
175
223 14.0 
176
142 12.0 149 14.0 
177
102 27.0 
178
100 23.0 
179
201 24.0 121 24.0 
180
134 16.0 202 16.0 
181
110 16.0 
182
114 20.0 
183
103 18.0 
184
223 16.0 
185
110 18.0 
186
129 19.0 196 7.0 209 12.0 
187
213 14.0 
188
146 28.0 
189
106 16.0 
190
92 17.0 
191
212 20.0 
192
134 17.0 202 5.0 203 12.0 
193
110 24.0 
194
114 24.0 
195
103 26.0 
196
117 26.0 
197
113 7.0 114 14.0 
198
149 20.0 
199
216 23.0 
