LP information:
0
97 14.0 
1
91 10.0 
2
216 9.0 
3
215 10.0 
4
216 26.0 
5
98 20.0 
6
106 23.0 
7
220 29.0 
8
145 21.0 
9
211 9.0 
10
131 10.0 197 10.0 
11
211 21.0 
12
112 17.0 
13
142 20.0 
14
94 31.0 
15
103 18.0 
16
119 18.0 
17
108 23.0 
18
204 13.5 205 7.5 124 21.0 
19
106 13.0 
20
112 12.0 118 2.0 
21
108 12.0 
22
149 11.0 
23
208 19.0 125 19.0 
24
209 20.0 126 20.0 
25
145 21.0 
26
219 22.0 
27
108 19.0 
28
108 16.0 
29
119 20.0 
30
207 25.0 121 16.5 127 8.5 
31
132 20.0 197 20.0 
32
139 29.0 
33
138 12.5 139 13.5 
34
218 24.0 
35
214 30.0 
36
114 11.0 
37
139 24.0 
38
129 27.0 209 27.0 
39
99 18.0 
40
200 19.0 120 19.0 
41
113 5.0 119 16.0 
42
215 13.0 
43
135 16.0 
44
113 27.0 
45
116 14.0 
46
92 25.5 94 1.5 
47
219 13.0 
48
206 11.0 125 11.0 
49
206 19.0 125 19.0 
50
214 28.0 
51
136 25.0 
52
116 29.0 
53
213 29.0 
54
208 11.0 123 11.0 
55
107 21.0 
56
142 13.0 
57
134 22.0 200 24.0 120 2.0 
58
132 24.0 197 24.0 
59
219 17.0 
60
216 21.0 
61
136 10.0 
62
106 27.0 
63
90 27.0 
64
136 21.0 
65
129 3.5 204 3.0 206 3.0 207 9.5 208 9.0 209 3.5 123 3.0 126 21.5 
66
104 26.0 
67
106 3.0 116 7.0 
68
91 19.0 
69
195 18.0 126 18.0 
70
200 14.0 120 14.0 
71
118 20.0 
72
131 11.0 197 11.0 208 14.0 126 14.0 
73
108 15.0 114 9.0 
74
224 23.0 
75
116 10.0 
76
211 15.0 
77
118 30.0 
78
128 13.0 197 13.0 
79
133 21.0 200 21.0 
80
129 18.0 209 18.0 
81
202 22.0 122 22.0 
82
93 14.0 99 8.0 
83
215 25.0 
84
94 7.0 98 21.0 
85
108 21.0 
86
142 26.0 
87
103 27.0 
88
147 21.0 
89
108 21.0 
90
195 5.0 207 6.0 127 11.0 
91
142 25.0 
92
220 31.0 
93
142 20.0 
94
113 4.0 116 12.0 
95
135 18.0 
96
128 10.0 209 10.0 
97
119 16.0 
98
100 9.0 
99
205 23.0 124 23.0 
100
135 3.0 140 7.0 
101
140 26.0 
102
97 12.0 100 5.0 
103
102 3.0 104 11.0 
104
108 16.0 
105
207 21.0 125 21.0 
106
222 20.0 
107
207 27.0 127 27.0 
108
224 26.0 
109
118 23.0 
110
223 17.0 
111
91 15.0 
112
132 21.0 203 21.0 
113
136 16.5 142 1.5 
114
223 19.0 
115
119 25.0 
116
118 29.0 
117
98 20.0 
118
135 6.0 146 17.0 
119
100 14.0 
120
213 21.0 
121
116 26.0 
122
106 19.0 
123
93 19.0 
124
218 22.0 
125
114 24.0 118 4.0 
126
207 31.0 123 31.0 
127
98 24.0 
128
216 14.0 
129
100 19.0 
130
200 21.0 120 21.0 
131
138 8.5 147 11.5 
132
215 21.0 
133
219 19.0 
134
99 16.0 
135
128 22.0 209 22.0 
136
213 22.0 
137
133 17.0 202 17.0 
138
94 9.0 
139
96 18.0 
140
93 12.0 
141
128 19.0 195 19.0 
142
196 17.0 125 17.0 
143
134 16.0 199 16.0 
144
144 28.0 
145
144 13.0 
146
108 25.0 
147
222 9.0 
148
133 20.0 198 3.5 202 16.5 
149
222 21.0 
150
219 22.0 
151
135 13.0 
152
220 18.0 
153
97 14.0 
154
213 28.0 
155
108 23.0 
156
119 29.0 
157
108 21.0 
158
219 12.0 
159
90 7.0 97 9.0 
160
135 30.0 
161
207 30.0 126 30.0 
162
112 18.0 
163
92 21.0 
164
219 15.0 
165
147 25.0 
166
219 17.0 
167
224 16.0 
168
108 21.0 
169
119 17.0 
170
147 13.0 
171
212 27.0 
172
147 11.0 
173
213 21.0 
174
135 20.0 
175
217 15.0 
176
142 25.0 
177
100 26.0 
178
96 23.0 
179
133 27.0 200 27.0 
180
134 18.0 205 18.0 
181
110 12.0 
182
111 21.0 
183
102 19.0 
184
214 14.0 
185
118 17.0 
186
131 20.0 200 20.0 
187
213 17.0 
188
135 29.0 
189
118 13.0 
190
99 14.0 
191
210 16.0 211 5.0 
192
202 17.0 120 17.0 
193
109 21.0 112 3.0 
194
114 21.0 
195
93 19.0 104 7.0 
196
108 28.0 
197
115 24.0 
198
142 19.0 
199
211 21.0 

Final Solution:
0
96 14.0 
1
90 10.0 
2
216 9.0 
3
210 10.0 
4
224 26.0 
5
90 20.0 
6
112 22.0 114 1.0 
7
210 9.0 213 3.0 217 15.0 219 2.0 
8
136 13.0 142 4.0 145 4.0 
9
215 3.0 216 6.0 
10
131 9.0 133 1.0 196 9.0 200 1.0 
11
214 21.0 
12
113 17.0 
13
144 10.0 145 10.0 
14
96 9.0 98 10.0 100 5.0 102 7.0 
15
90 18.0 
16
118 18.0 
17
107 9.0 108 14.0 
18
200 2.0 203 11.0 204 8.0 120 7.0 121 14.0 
19
106 5.0 118 1.0 119 7.0 
20
118 14.0 
21
107 12.0 
22
147 11.0 
23
209 19.0 125 13.0 127 6.0 
24
129 14.0 195 20.0 126 6.0 
25
144 21.0 
26
215 22.0 
27
115 19.0 
28
113 14.0 115 2.0 
29
118 20.0 
30
202 14.0 205 11.0 121 14.0 125 11.0 
31
132 20.0 203 20.0 
32
147 29.0 
33
146 21.0 147 5.0 
34
217 4.0 218 20.0 
35
214 1.0 222 29.0 
36
118 11.0 
37
139 23.0 146 1.0 
38
128 21.0 129 6.0 195 27.0 
39
100 18.0 
40
133 19.0 198 19.0 
41
115 21.0 
42
217 13.0 
43
145 16.0 
44
113 27.0 
45
106 14.0 
46
90 26.0 92 1.0 
47
210 13.0 
48
195 7.0 205 4.0 125 11.0 
49
204 19.0 124 19.0 
50
214 28.0 
51
147 25.0 
52
106 29.0 
53
223 29.0 
54
207 11.0 126 11.0 
55
115 21.0 
56
146 13.0 
57
131 20.0 134 4.0 198 20.0 202 4.0 
58
134 24.0 199 24.0 
59
216 17.0 
60
224 21.0 
61
138 10.0 
62
114 27.0 
63
92 27.0 
64
142 21.0 
65
205 2.0 207 26.0 125 2.0 127 26.0 
66
96 26.0 
67
113 10.0 
68
92 19.0 
69
128 18.0 209 18.0 
70
205 14.0 122 12.0 125 2.0 
71
113 20.0 
72
195 25.0 126 12.0 127 13.0 
73
106 24.0 
74
215 23.0 
75
119 10.0 
76
223 15.0 
77
115 30.0 
78
207 13.0 127 13.0 
79
133 21.0 199 21.0 
80
209 18.0 127 18.0 
81
205 22.0 125 22.0 
82
99 22.0 
83
223 25.0 
84
104 28.0 
85
106 21.0 
86
145 18.0 146 8.0 
87
100 27.0 
88
146 21.0 
89
114 21.0 
90
128 11.0 209 11.0 
91
135 25.0 
92
213 31.0 
93
138 20.0 
94
119 16.0 
95
136 18.0 
96
129 10.0 209 10.0 
97
108 16.0 
98
98 9.0 
99
204 23.0 124 23.0 
100
139 10.0 
101
139 26.0 
102
93 17.0 
103
99 12.0 163 2.0 203 2.0 
104
18 3.0 114 13.0 133 3.0 159 3.0 
105
195 21.0 126 21.0 
106
210 15.0 224 5.0 
107
129 20.0 131 7.0 196 27.0 
108
210 26.0 
109
114 2.0 115 21.0 
110
213 17.0 
111
99 15.0 
112
202 21.0 122 21.0 
113
136 18.0 
114
210 10.0 223 9.0 
115
107 25.0 
116
107 29.0 
117
102 20.0 
118
145 23.0 
119
104 14.0 
120
210 21.0 
121
114 26.0 
122
118 19.0 
123
92 18.0 99 1.0 
124
223 22.0 
125
106 28.0 
126
205 31.0 125 31.0 
127
94 24.0 
128
217 14.0 
129
94 19.0 
130
132 21.0 202 21.0 
131
138 20.0 
132
222 21.0 
133
213 19.0 
134
98 8.0 104 8.0 
135
131 22.0 196 22.0 
136
224 22.0 
137
202 17.0 122 17.0 
138
102 9.0 
139
96 18.0 
140
96 12.0 
141
131 19.0 196 19.0 
142
131 17.0 196 17.0 
143
205 16.0 124 8.0 125 8.0 
144
139 28.0 
145
136 13.0 
146
107 25.0 
147
213 9.0 
148
133 3.0 134 17.0 200 20.0 
149
213 21.0 
150
215 22.0 
151
135 5.0 136 8.0 
152
216 18.0 
153
93 14.0 
154
224 28.0 
155
119 23.0 
156
106 29.0 
157
113 12.0 117 9.0 
158
217 12.0 
159
92 16.0 
160
136 30.0 
161
131 6.0 196 6.0 209 24.0 127 24.0 
162
114 18.0 
163
96 21.0 
164
219 15.0 
165
146 25.0 
166
210 17.0 
167
219 16.0 
168
119 21.0 
169
114 17.0 
170
139 13.0 
171
224 27.0 
172
146 11.0 
173
217 21.0 
174
135 20.0 
175
210 15.0 
176
142 25.0 
177
93 19.0 94 7.0 
178
98 23.0 
179
134 5.0 199 5.0 202 22.0 121 22.0 
180
200 18.0 120 18.0 
181
115 12.0 
182
119 21.0 
183
92 19.0 
184
210 14.0 
185
118 17.0 
186
132 9.0 133 3.0 198 11.0 200 9.0 120 8.0 
187
219 17.0 
188
145 29.0 
189
117 11.0 119 2.0 
190
102 14.0 
191
224 21.0 
192
203 17.0 120 17.0 
193
115 24.0 
194
108 20.0 114 1.0 
195
90 26.0 
196
112 28.0 
197
114 24.0 
198
144 19.0 
199
217 21.0 
