LP information:
0
90 14.0 
1
91 16.0 
2
217 13.0 
3
222 13.0 
4
222 32.0 
5
99 24.0 
6
112 28.0 
7
213 34.0 
8
136 25.0 
9
213 13.0 
10
129 13.0 200 13.0 
11
211 25.0 
12
107 4.0 112 18.0 
13
140 12.0 141 10.0 
14
100 7.0 103 29.0 
15
100 23.0 
16
117 20.0 
17
112 28.0 
18
200 25.0 120 25.0 
19
109 17.0 
20
106 16.0 
21
107 16.0 
22
136 16.0 
23
129 24.0 195 24.0 
24
129 20.0 195 25.0 124 5.0 
25
136 24.0 
26
216 28.0 
27
106 22.0 
28
112 18.0 
29
107 25.0 
30
207 29.0 121 29.0 
31
132 25.0 197 25.0 
32
145 34.0 
33
147 32.0 
34
212 28.0 
35
219 36.0 
36
108 13.0 
37
147 29.0 
38
128 34.0 198 34.0 
39
96 23.0 
40
201 23.0 120 23.0 
41
117 28.0 
42
213 16.0 
43
147 19.0 
44
112 35.0 
45
117 14.0 
46
96 30.0 
47
219 12.0 
48
128 13.0 196 13.0 
49
204 24.0 123 24.0 
50
222 36.0 
51
148 30.0 
52
116 35.0 
53
218 35.0 
54
207 12.0 122 12.0 
55
116 24.0 
56
146 13.0 
57
131 29.0 199 29.0 
58
130 27.0 131 1.0 195 27.0 201 1.0 
59
219 20.0 
60
217 25.0 
61
136 12.0 
62
106 31.0 
63
92 6.0 101 29.0 
64
141 23.0 
65
207 32.0 126 32.0 
66
99 31.0 
67
106 10.0 113 2.0 
68
95 22.0 
69
207 22.0 126 22.0 
70
134 18.0 201 18.0 
71
108 24.0 
72
206 30.0 126 30.0 
73
109 30.0 
74
216 26.0 
75
109 12.0 
76
218 19.0 
77
117 35.0 
78
196 16.0 127 16.0 
79
133 23.0 201 23.0 
80
132 13.0 198 25.0 127 12.0 
81
201 28.0 120 28.0 
82
100 26.0 
83
217 30.0 
84
94 35.0 
85
109 25.0 
86
136 32.0 
87
94 35.0 
88
139 4.999999999999993 145 20.000000000000007 
89
107 25.0 
90
129 13.0 198 13.0 
91
136 31.0 
92
213 36.0 
93
136 24.0 
94
116 19.0 
95
141 20.0 
96
131 12.0 196 12.0 
97
106 19.0 
98
99 13.0 
99
200 12.0 206 13.0 120 12.0 123 13.0 
100
141 13.0 
101
147 31.0 
102
96 19.0 
103
96 6.0 99 10.0 
104
109 18.0 
105
207 28.0 125 10.0 126 18.0 
106
222 25.0 
107
128 21.0 130 13.0 197 34.0 
108
211 31.0 
109
112 25.0 
110
218 19.0 
111
92 15.0 95 2.0 
112
134 26.0 201 26.0 
113
141 22.0 
114
216 23.0 
115
106 8.0 108 18.0 117 3.0 
116
109 35.0 
117
98 24.0 
118
136 29.0 
119
91 17.0 
120
222 24.0 
121
106 30.0 
122
107 22.0 
123
102 23.0 
124
213 19.0 222 6.0 
125
117 32.0 
126
207 35.0 122 35.0 
127
98 28.0 
128
216 17.0 
129
91 23.0 
130
131 25.0 201 25.0 
131
141 24.0 
132
213 25.0 
133
217 24.0 
134
90 18.0 
135
198 26.0 127 26.0 
136
213 26.0 
137
134 20.0 201 20.0 
138
93 13.0 
139
99 20.0 
140
95 16.0 
141
128 22.0 198 22.0 
142
207 20.0 126 20.0 
143
134 19.0 201 19.0 
144
149 34.0 
145
149 13.0 
146
117 28.0 
147
222 12.0 
148
133 24.0 201 24.0 
149
222 25.0 
150
219 29.0 
151
141 17.0 
152
211 22.0 
153
92 14.0 
154
216 31.0 
155
119 29.0 
156
109 34.0 
157
107 24.0 
158
216 13.0 
159
92 19.0 
160
136 36.0 
161
196 36.0 125 36.0 
162
105 23.0 
163
97 18.0 103 8.0 
164
219 16.0 
165
136 30.0 
166
222 20.0 
167
219 19.0 
168
117 29.0 
169
106 19.0 
170
141 14.0 
171
219 34.0 
172
146 11.0 149 3.0 
173
212 25.0 
174
141 24.0 
175
213 17.0 
176
139 17.000000000000007 141 11.0 148 2.999999999999993 
177
100 32.0 
178
97 20.0 98 9.0 
179
131 30.0 201 30.0 
180
205 22.0 125 22.0 
181
108 18.0 
182
113 25.0 
183
90 22.0 
184
222 18.0 
185
118 20.0 
186
133 24.0 198 24.0 
187
216 17.0 
188
145 21.999999999999993 146 12.000000000000007 
189
117 18.0 
190
90 14.0 104 5.0 
191
217 24.0 
192
134 22.0 201 22.0 
193
112 28.0 
194
112 26.0 
195
91 23.0 99 7.0 
196
117 32.0 
197
109 25.0 
198
146 23.0 
199
219 25.0 

Final Solution:
0
91 11.0 104 3.0 
1
99 16.0 
2
216 13.0 
3
211 9.0 222 4.0 
4
211 16.0 218 16.0 
5
99 24.0 
6
109 3.0 112 13.0 116 12.0 
7
222 34.0 
8
136 2.0 145 23.0 
9
211 1.0 212 12.0 
10
129 11.5 130 1.5 195 9.5 197 3.5 
11
217 25.0 
12
113 22.0 
13
136 22.0 
14
95 24.0 99 3.0 100 9.0 
15
99 23.0 
16
112 17.0 113 3.0 
17
109 28.0 
18
200 11.25 202 13.75 120 11.25 121 13.75 
19
117 17.0 
20
108 15.0 117 1.0 
21
108 16.0 
22
146 16.0 
23
209 24.0 125 24.0 
24
205 25.0 124 2.5 125 22.5 
25
141 11.0 145 13.0 
26
216 28.0 
27
107 22.0 
28
107 18.0 
29
113 25.0 
30
207 29.0 121 29.0 
31
132 25.0 198 25.0 
32
146 34.0 
33
141 32.0 
34
222 28.0 
35
218 36.0 
36
117 13.0 
37
144 29.0 
38
195 20.5 207 13.5 127 34.0 
39
93 23.0 
40
132 16.75 198 16.75 202 6.25 122 6.25 
41
108 28.0 
42
218 16.0 
43
146 19.0 
44
117 35.0 
45
106 14.0 
46
91 15.0 95 15.0 
47
218 12.0 
48
207 13.0 126 13.0 
49
205 24.0 122 8.75 123 8.0 124 7.25 
50
222 36.0 
51
144 30.0 
52
109 35.0 
53
218 35.0 
54
207 12.0 124 12.0 
55
116 24.0 
56
146 13.0 
57
134 29.0 199 24.25 200 4.75 
58
130 1.0 133 27.0 198 28.0 
59
219 20.0 
60
213 25.0 
61
148 12.0 
62
112 31.0 
63
101 12.0 104 23.0 
64
141 23.0 
65
204 32.0 123 32.0 
66
94 31.0 
67
116 12.0 
68
97 22.0 
69
129 22.0 209 22.0 
70
201 8.0 205 10.0 121 8.0 123 10.0 
71
112 24.0 
72
132 21.0 197 21.0 209 9.0 126 9.0 
73
107 30.0 
74
216 26.0 
75
107 12.0 
76
213 19.0 
77
117 35.0 
78
130 16.0 198 16.0 
79
133 23.0 198 23.0 
80
130 25.0 198 25.0 
81
200 10.0 204 18.0 120 10.0 124 18.0 
82
99 26.0 
83
213 30.0 
84
92 17.0 97 18.0 
85
108 25.0 
86
146 32.0 
87
95 35.0 
88
148 25.0 
89
108 25.0 
90
130 13.0 198 13.0 
91
148 31.0 
92
222 36.0 
93
139 24.0 
94
117 19.0 
95
141 13.0 148 7.0 
96
130 12.0 197 12.0 
97
108 19.0 
98
92 13.0 
99
201 25.0 121 25.0 
100
148 13.0 
101
148 31.0 
102
97 19.0 
103
97 16.0 
104
107 18.0 
105
207 28.0 126 28.0 
106
217 25.0 
107
128 28.5 130 5.5 197 5.5 209 28.5 
108
217 31.0 
109
106 25.0 
110
217 19.0 
111
101 17.0 
112
132 26.0 197 26.0 
113
136 22.0 
114
218 23.0 
115
106 29.0 
116
112 35.0 
117
104 24.0 
118
146 29.0 
119
101 17.0 
120
211 24.0 
121
117 30.0 
122
117 22.0 
123
92 20.0 95 3.0 
124
213 25.0 
125
117 32.0 
126
207 35.0 122 35.0 
127
94 19.0 95 9.0 
128
218 17.0 
129
100 23.0 
130
132 25.0 197 25.0 
131
141 24.0 
132
213 25.0 
133
211 24.0 
134
100 18.0 
135
130 26.0 197 26.0 
136
218 26.0 
137
201 20.0 120 20.0 
138
101 13.0 
139
97 20.0 
140
103 16.0 
141
132 22.0 197 22.0 
142
128 20.0 195 20.0 
143
205 19.0 120 8.75 124 10.25 
144
136 23.0 144 11.0 
145
139 13.0 
146
108 28.0 
147
222 12.0 
148
201 24.0 121 24.0 
149
212 25.0 
150
216 29.0 
151
136 17.0 
152
213 22.0 
153
95 14.0 
154
213 31.0 
155
108 29.0 
156
109 34.0 
157
117 24.0 
158
212 13.0 
159
93 19.0 
160
141 36.0 
161
129 16.5 207 19.5 209 16.5 125 3.5 127 16.0 
162
117 23.0 
163
97 26.0 
164
218 16.0 
165
144 30.0 
166
219 20.0 
167
218 19.0 
168
108 29.0 
169
117 19.0 
170
136 14.0 
171
219 34.0 
172
145 14.0 
173
211 25.0 
174
139 13.0 141 11.0 
175
218 17.0 
176
148 31.0 
177
91 24.0 93 8.0 
178
97 29.0 
179
132 7.0 134 23.0 197 7.0 201 23.0 
180
134 22.0 199 22.0 
181
108 18.0 
182
106 5.0 115 20.0 
183
101 22.0 
184
219 18.0 
185
116 20.0 
186
134 24.0 200 24.0 
187
218 17.0 
188
149 34.0 
189
108 18.0 
190
101 19.0 
191
213 24.0 
192
134 22.0 205 22.0 
193
117 28.0 
194
106 26.0 
195
99 8.0 103 22.0 
196
116 32.0 
197
112 25.0 
198
146 7.0 149 16.0 
199
213 25.0 
