LP information:
0
96 18.0 
1
104 20.0 
2
210 17.0 
3
224 17.0 
4
219 41.0 
5
97 30.0 
6
108 35.0 
7
212 42.0 
8
141 32.0 
9
215 17.0 
10
131 17.0 197 17.0 
11
224 32.0 
12
112 27.0 
13
143 27.0 
14
97 45.0 
15
103 29.0 
16
119 26.0 
17
114 35.0 
18
206 32.0 120 32.0 
19
108 21.0 
20
112 20.0 
21
108 20.0 
22
147 20.0 
23
195 14.999999999999929 205 15.000000000000071 125 30.0 
24
209 32.0 125 32.0 
25
141 30.0 
26
220 35.0 
27
106 27.0 
28
107 23.0 
29
119 32.0 
30
207 36.0 126 36.0 
31
132 32.0 197 3.9999999999999893 199 28.00000000000001 
32
147 42.0 
33
138 25.0 147 16.0 
34
222 35.0 
35
219 45.0 
36
117 4.0 119 13.0 
37
141 36.0 
38
128 4.999999999999929 129 16.00000000000007 209 42.0 127 21.0 
39
100 29.0 
40
132 29.0 197 29.0 
41
108 35.0 
42
219 20.0 
43
140 24.0 
44
112 44.0 
45
108 18.0 
46
103 17.0 104 21.0 
47
216 15.0 
48
207 17.0 126 17.0 
49
206 30.0 120 30.0 
50
214 45.0 
51
143 38.0 
52
112 44.0 
53
219 44.0 
54
205 15.0 125 15.0 
55
112 30.0 
56
142 17.0 
57
131 36.0 197 33.000000000000085 200 2.9999999999999147 
58
130 35.0 197 35.0 
59
223 26.0 
60
216 32.0 
61
135 2.9999999999999147 140 12.000000000000085 
62
112 39.0 
63
92 44.0 
64
141 29.0 
65
209 41.0 124 41.0 
66
90 36.0 91 3.0 
67
119 15.0 
68
100 27.0 
69
209 27.0 127 27.0 
70
205 23.0 123 23.0 
71
112 30.0 
72
209 38.0 126 38.0 
73
112 38.0 
74
210 33.0 
75
119 15.0 
76
213 24.0 
77
119 44.0 
78
128 20.0 195 20.0 
79
132 29.0 197 29.0 
80
128 32.0 197 32.0 
81
206 35.0 121 1.0 123 34.0 
82
91 33.0 
83
223 38.0 
84
91 44.0 
85
112 32.0 
86
141 41.0 
87
93 44.0 
88
143 32.0 
89
112 32.0 
90
195 17.0 127 17.0 
91
143 39.0 
92
223 45.0 
93
140 30.0 
94
119 24.0 
95
140 26.0 
96
128 15.0 209 15.0 
97
108 24.0 
98
94 17.0 
99
206 32.0 120 32.0 
100
143 17.0 
101
147 39.0 
102
95 24.0 
103
99 20.0 
104
119 23.0 
105
208 5.999999999999986 209 29.000000000000014 126 35.0 
106
213 32.0 
107
208 42.0 126 42.0 
108
215 39.0 
109
119 32.0 
110
213 24.0 
111
92 21.0 
112
132 33.0 199 33.0 
113
142 27.0 
114
210 29.0 
115
108 36.0 
116
117 44.0 
117
91 30.0 
118
139 13.999999999999886 147 22.000000000000114 
119
100 21.0 
120
223 30.0 
121
117 38.0 
122
108 27.0 
123
96 29.0 
124
213 32.0 
125
119 41.0 
126
206 44.0 126 44.0 
127
97 35.0 
128
219 21.0 
129
100 29.0 
130
132 32.0 197 32.0 
131
142 30.0 
132
212 32.0 
133
214 30.0 
134
90 23.0 
135
128 33.0 209 33.0 
136
220 33.0 
137
203 26.0 122 26.0 
138
97 17.0 
139
91 26.0 
140
93 20.0 
141
129 0.999999999999929 134 26.00000000000007 199 26.00000000000007 209 0.999999999999929 
142
207 21.0 209 5.0 126 26.0 
143
205 24.0 120 24.0 
144
143 42.0 
145
143 17.0 
146
117 35.0 
147
218 15.0 
148
133 30.0 199 30.0 
149
213 32.0 
150
224 36.0 
151
143 21.0 
152
224 27.0 
153
90 18.0 
154
216 39.0 
155
112 36.0 
156
112 42.0 
157
117 30.0 
158
218 17.0 
159
100 24.0 
160
143 45.0 
161
209 45.0 126 45.0 
162
119 29.0 
163
91 31.0 102 2.0 
164
210 20.0 
165
147 38.0 
166
210 26.0 
167
218 24.0 
168
117 36.0 
169
119 24.0 
170
141 5.0 147 13.0 
171
216 42.0 
172
147 18.0 
173
213 32.0 
174
143 30.0 
175
212 21.0 
176
140 39.0 
177
91 41.0 
178
97 36.0 
179
131 38.0 197 38.0 
180
205 27.0 123 27.0 
181
109 23.0 
182
112 32.0 
183
91 27.0 
184
223 23.0 
185
117 26.0 
186
132 30.0 197 30.0 
187
216 21.0 
188
147 42.0 
189
117 23.0 
190
102 24.0 
191
216 30.0 
192
134 15.0 205 27.0 120 12.0 
193
117 35.0 
194
105 15.0 108 6.0 112 12.0 
195
103 38.0 
196
108 41.0 
197
108 32.0 
198
147 29.0 
199
215 7.999999999999993 222 24.000000000000007 

Final Solution:
0
90 2.0 92 4.0 96 12.0 
1
96 20.0 
2
218 17.0 
3
220 17.0 
4
218 20.0 220 21.0 
5
90 2.0 91 26.0 93 2.0 
6
107 24.0 108 11.0 
7
218 4.0 222 38.0 
8
129 5.0 139 9.0 141 16.0 143 2.0 154 5.0 166 5.0 
9
213 16.0 216 1.0 
10
129 1.0 131 16.0 195 1.0 197 14.0 200 2.0 
11
210 9.0 224 23.0 
12
107 3.0 112 24.0 
13
143 27.0 
14
95 45.0 
15
97 29.0 
16
112 26.0 
17
108 35.0 
18
200 20.0 205 12.0 120 20.0 124 12.0 
19
108 21.0 
20
108 20.0 
21
108 20.0 
22
135 8.0 147 12.0 
23
206 30.0 125 30.0 
24
130 12.0 195 32.0 125 20.0 
25
143 30.0 
26
215 35.0 
27
112 27.0 
28
112 23.0 
29
108 32.0 
30
205 36.0 123 36.0 
31
203 32.0 123 32.0 
32
147 42.0 
33
142 41.0 
34
216 35.0 
35
212 45.0 
36
108 17.0 
37
147 36.0 
38
207 42.0 127 42.0 
39
99 29.0 
40
132 29.0 197 29.0 
41
107 35.0 
42
215 20.0 
43
147 24.0 
44
119 44.0 
45
117 18.0 
46
94 38.0 
47
213 15.0 
48
128 17.0 209 17.0 
49
203 30.0 122 30.0 
50
224 45.0 
51
147 38.0 
52
112 44.0 
53
222 44.0 
54
206 15.0 124 15.0 
55
117 30.0 
56
131 2.0 138 15.0 155 2.0 167 2.0 
57
134 36.0 200 36.0 
58
130 35.0 197 35.0 
59
222 26.0 
60
224 32.0 
61
135 10.0 138 5.0 
62
112 39.0 
63
100 44.0 
64
142 17.0 143 12.0 
65
129 18.0 209 41.0 124 23.0 
66
94 12.0 95 27.0 
67
112 15.0 
68
92 27.0 
69
130 1.0 195 1.0 207 26.0 126 26.0 
70
205 23.0 122 23.0 
71
112 30.0 
72
128 6.0 206 32.0 208 6.0 126 32.0 
73
112 38.0 
74
216 33.0 
75
107 15.0 
76
222 24.0 
77
112 44.0 
78
130 20.0 195 4.0 197 16.0 
79
133 29.0 199 29.0 
80
132 7.0 197 32.0 127 25.0 
81
203 12.0 206 23.0 120 12.0 126 23.0 
82
90 33.0 
83
210 38.0 
84
92 44.0 
85
119 32.0 
86
139 41.0 
87
97 44.0 
88
147 32.0 
89
108 32.0 
90
130 17.0 197 17.0 
91
135 39.0 
92
216 45.0 
93
138 30.0 
94
117 24.0 
95
138 26.0 
96
130 15.0 197 15.0 
97
119 24.0 
98
92 17.0 
99
200 32.0 120 32.0 
100
138 17.0 
101
138 39.0 
102
100 24.0 
103
99 20.0 
104
117 23.0 
105
128 35.0 195 19.0 209 16.0 
106
215 32.0 
107
128 22.0 195 42.0 126 19.0 127 1.0 
108
210 39.0 
109
112 32.0 
110
219 24.0 
111
99 21.0 
112
203 33.0 122 33.0 
113
135 7.0 140 20.0 
114
220 29.0 
115
117 36.0 
116
112 31.0 117 13.0 
117
100 30.0 
118
147 36.0 
119
90 13.0 95 8.0 
120
212 7.0 216 23.0 
121
117 38.0 
122
119 27.0 
123
93 5.0 102 24.0 
124
210 32.0 
125
112 41.0 
126
128 44.0 208 44.0 
127
92 8.0 97 27.0 
128
222 21.0 
129
103 29.0 
130
131 32.0 197 32.0 
131
147 30.0 
132
210 32.0 
133
218 30.0 
134
102 23.0 
135
129 33.0 197 33.0 
136
220 33.0 
137
200 9.0 203 17.0 120 9.0 123 17.0 
138
103 17.0 
139
99 26.0 
140
95 20.0 
141
132 27.0 197 27.0 
142
128 26.0 209 26.0 
143
134 24.0 199 21.0 200 3.0 
144
142 42.0 
145
135 17.0 
146
108 35.0 
147
216 15.0 
148
134 30.0 200 30.0 
149
212 13.0 219 19.0 
150
219 7.0 223 29.0 
151
135 21.0 
152
216 27.0 
153
96 18.0 
154
210 24.0 222 15.0 
155
119 36.0 
156
119 42.0 
157
112 30.0 
158
213 17.0 
159
93 24.0 
160
141 45.0 
161
129 13.0 195 13.0 207 32.0 127 32.0 
162
117 29.0 
163
103 33.0 
164
213 20.0 
165
135 38.0 
166
210 26.0 
167
218 24.0 
168
119 36.0 
169
117 24.0 
170
135 18.0 
171
213 42.0 
172
138 18.0 
173
222 32.0 
174
140 30.0 
175
223 21.0 
176
141 39.0 
177
104 41.0 
178
102 15.0 103 21.0 
179
132 37.0 134 1.0 200 38.0 
180
203 26.0 205 1.0 120 27.0 
181
108 23.0 
182
119 32.0 
183
93 19.0 104 8.0 
184
213 10.0 215 13.0 
185
119 26.0 
186
133 21.0 134 9.0 200 30.0 
187
216 21.0 
188
135 42.0 
189
107 23.0 
190
91 24.0 
191
213 30.0 
192
205 27.0 122 12.0 123 15.0 
193
117 35.0 
194
112 33.0 
195
102 38.0 
196
112 41.0 
197
112 32.0 
198
143 29.0 
199
212 32.0 
