LP information:
0
96 22.0 
1
104 23.0 
2
216 20.0 
3
215 20.0 
4
211 9.0 215 40.0 
5
92 31.0 96 5.0 
6
111 41.0 
7
218 50.0 
8
138 38.0 
9
218 20.0 
10
129 20.0 209 20.0 
11
220 38.0 
12
105 32.0 
13
136 32.0 
14
93 54.0 
15
100 34.0 
16
114 31.0 
17
105 41.0 
18
206 38.0 122 38.0 
19
110 25.0 
20
106 23.0 
21
107 23.0 
22
137 23.0 
23
206 36.0 125 36.0 
24
204 35.0 206 3.0 124 35.0 126 3.0 
25
143 36.0 
26
211 41.0 
27
110 32.0 
28
105 10.0 106 17.0 
29
105 38.0 
30
202 25.0 205 18.0 121 25.0 124 18.0 
31
132 38.0 201 38.0 
32
136 22.000000000000114 148 27.999999999999886 
33
140 49.0 
34
220 41.0 
35
211 54.0 
36
107 20.0 
37
140 43.0 
38
197 50.0 127 50.0 
39
97 34.0 
40
132 34.0 201 34.0 
41
107 41.0 
42
224 23.0 
43
136 29.0 
44
106 52.0 
45
110 22.0 
46
98 40.0 103 5.0 
47
218 18.0 
48
209 20.0 127 20.0 
49
201 36.0 120 36.0 
50
218 54.0 
51
136 45.0 
52
114 52.0 
53
218 52.0 
54
204 18.0 122 18.0 
55
107 36.0 
56
141 20.0 
57
131 43.0 201 43.0 
58
130 41.0 201 41.0 
59
216 31.0 
60
211 38.0 
61
143 18.0 
62
107 47.0 
63
99 52.0 
64
136 34.0 
65
204 49.0 123 45.0 124 4.0 
66
104 47.0 
67
106 18.0 
68
90 18.0 99 14.0 
69
206 32.0 126 32.0 
70
134 27.0 203 27.0 
71
116 36.0 
72
208 45.0 126 45.0 
73
106 45.0 
74
210 40.0 
75
106 18.0 
76
220 29.0 
77
105 52.0 
78
208 23.0 127 23.0 
79
132 34.0 201 34.0 
80
128 38.0 208 38.0 
81
201 41.0 120 41.0 
82
103 40.0 
83
216 45.0 
84
91 40.0 95 12.0 
85
114 38.0 
86
136 49.0 
87
100 52.0 
88
143 38.0 
89
110 38.0 
90
197 20.0 127 20.0 
91
143 47.0 
92
212 54.0 
93
136 36.0 
94
114 29.0 
95
137 31.0 
96
208 18.0 127 18.0 
97
110 29.0 
98
97 20.0 
99
201 38.0 120 38.0 
100
143 20.0 
101
139 47.0 
102
95 29.0 
103
101 23.0 
104
114 27.0 
105
208 41.0 125 41.0 
106
217 38.0 
107
128 50.0 208 50.0 
108
217 47.0 
109
114 38.0 
110
220 29.0 
111
92 25.0 
112
133 40.0 201 13.0 203 27.0 
113
136 32.0 
114
210 34.0 
115
116 43.0 
116
109 52.0 
117
92 36.0 
118
139 43.0 
119
90 25.0 
120
224 36.0 
121
114 45.0 
122
107 32.0 
123
100 34.0 
124
224 38.0 
125
114 49.0 
126
204 52.0 124 52.0 
127
96 41.0 
128
215 25.0 
129
101 34.0 
130
131 38.0 201 38.0 
131
139 25.999999999999986 147 10.000000000000014 
132
217 38.0 
133
212 5.0 218 31.0 
134
90 27.0 
135
208 40.0 127 40.0 
136
215 40.0 
137
201 31.0 120 31.0 
138
97 20.0 
139
97 31.0 
140
96 23.0 
141
128 32.0 199 20.0 208 12.0 
142
129 14.0 209 31.0 125 17.0 
143
201 19.0 205 10.0 120 19.0 125 10.0 
144
136 50.0 
145
136 20.0 
146
110 41.0 
147
215 18.0 
148
134 36.0 201 36.0 
149
211 1.0 220 37.0 
150
224 43.0 
151
143 25.0 
152
216 32.0 
153
102 22.0 
154
216 47.0 
155
107 43.0 
156
110 50.0 
157
114 21.99999999999997 117 14.000000000000028 
158
212 20.0 
159
99 29.0 
160
136 54.0 
161
128 54.0 209 54.0 
162
119 34.0 
163
97 1.0 104 39.0 
164
211 23.0 
165
136 45.0 
166
216 31.0 
167
224 29.0 
168
106 43.0 
169
114 29.0 
170
136 22.0 
171
216 50.0 
172
136 22.0 
173
224 38.0 
174
143 36.0 
175
220 25.0 
176
143 47.0 
177
92 49.0 
178
90 8.0 96 35.0 
179
131 45.0 201 45.0 
180
201 32.0 121 32.0 
181
110 27.0 
182
116 38.0 
183
102 32.0 
184
220 27.0 
185
105 31.0 
186
129 36.0 209 36.0 
187
215 25.0 
188
136 50.0 
189
107 27.0 
190
91 29.0 
191
215 36.0 
192
134 32.0 201 32.0 
193
107 41.0 
194
106 40.0 
195
100 45.0 
196
116 49.0 
197
107 38.0 
198
136 34.0 
199
220 38.0 

Final Solution:
0
104 22.0 
1
96 15.0 104 8.0 
2
216 20.0 
3
215 14.0 224 6.0 
4
218 49.0 
5
91 13.0 93 11.0 96 12.0 
6
109 10.0 110 31.0 
7
224 50.0 
8
130 1.0 136 13.0 137 23.0 140 1.0 156 1.0 167 1.0 
9
217 20.0 
10
130 1.0 131 19.0 199 20.0 
11
215 38.0 
12
106 20.0 110 12.0 
13
140 32.0 
14
93 15.0 100 39.0 
15
95 26.0 101 8.0 
16
114 18.0 116 13.0 
17
105 19.0 106 22.0 
18
204 38.0 124 38.0 
19
119 25.0 
20
110 23.0 
21
110 23.0 
22
137 19.0 141 4.0 
23
129 5.0 206 31.0 209 5.0 126 31.0 
24
208 38.0 127 38.0 
25
136 16.0 139 20.0 
26
215 41.0 
27
109 32.0 
28
110 27.0 
29
106 38.0 
30
202 43.0 121 30.0 122 13.0 
31
132 10.0 133 5.0 134 9.0 199 10.0 202 9.0 203 19.0 123 14.0 
32
139 50.0 
33
148 49.0 
34
220 41.0 
35
210 53.0 224 1.0 
36
106 5.0 116 15.0 
37
139 43.0 
38
132 10.0 197 10.0 208 40.0 127 40.0 
39
101 34.0 
40
202 27.0 203 7.0 120 27.0 123 7.0 
41
105 41.0 
42
215 23.0 
43
139 29.0 
44
114 52.0 
45
106 22.0 
46
104 45.0 
47
216 18.0 
48
206 20.0 126 20.0 
49
203 36.0 121 36.0 
50
220 54.0 
51
137 45.0 
52
116 52.0 
53
224 52.0 
54
204 14.0 208 4.0 123 18.0 
55
116 36.0 
56
143 20.0 
57
131 43.0 199 43.0 
58
134 41.0 199 41.0 
59
211 4.0 217 27.0 
60
224 38.0 
61
141 18.0 
62
109 47.0 
63
98 43.0 99 9.0 
64
136 34.0 
65
204 49.0 124 49.0 
66
97 47.0 
67
116 18.0 
68
96 32.0 
69
129 10.0 209 32.0 127 22.0 
70
204 27.0 123 27.0 
71
114 36.0 
72
129 45.0 209 45.0 
73
110 45.0 
74
218 40.0 
75
119 18.0 
76
220 29.0 
77
105 52.0 
78
128 23.0 208 23.0 
79
203 34.0 123 34.0 
80
128 38.0 208 38.0 
81
203 41.0 120 41.0 
82
104 40.0 
83
212 45.0 
84
91 8.0 92 44.0 
85
110 38.0 
86
136 17.0 143 32.0 
87
93 52.0 
88
143 38.0 
89
107 38.0 
90
130 20.0 197 20.0 
91
148 47.0 
92
220 54.0 
93
136 36.0 
94
116 29.0 
95
141 31.0 
96
130 18.0 197 18.0 
97
110 29.0 
98
92 20.0 
99
202 6.0 206 32.0 122 6.0 126 32.0 
100
140 20.0 
101
140 47.0 
102
101 4.0 102 25.0 
103
103 23.0 
104
107 27.0 
105
128 41.0 208 41.0 
106
215 38.0 
107
128 46.0 129 4.0 197 4.0 208 46.0 
108
211 47.0 
109
114 38.0 
110
216 29.0 
111
93 25.0 
112
132 40.0 203 40.0 
113
137 32.0 
114
220 34.0 
115
114 43.0 
116
105 52.0 
117
92 36.0 
118
137 11.0 148 32.0 
119
102 25.0 
120
211 36.0 
121
114 45.0 
122
105 25.0 119 7.0 
123
97 34.0 
124
212 38.0 
125
116 49.0 
126
128 20.0 206 32.0 208 20.0 126 32.0 
127
96 41.0 
128
220 25.0 
129
100 34.0 
130
131 38.0 199 38.0 
131
139 36.0 
132
215 38.0 
133
216 8.0 217 28.0 
134
100 27.0 
135
132 40.0 197 40.0 
136
215 40.0 
137
202 31.0 122 31.0 
138
103 20.0 
139
97 19.0 99 12.0 
140
101 9.0 103 14.0 
141
128 32.0 209 32.0 
142
206 31.0 126 31.0 
143
204 29.0 124 29.0 
144
143 50.0 
145
143 20.0 
146
107 41.0 
147
215 18.0 
148
202 34.0 204 2.0 121 34.0 124 2.0 
149
220 38.0 
150
218 43.0 
151
137 25.0 
152
211 15.0 212 17.0 
153
93 22.0 
154
210 47.0 
155
106 43.0 
156
107 41.0 114 9.0 
157
107 36.0 
158
216 20.0 
159
91 29.0 
160
143 54.0 
161
206 54.0 126 54.0 
162
105 34.0 
163
93 40.0 
164
216 23.0 
165
137 45.0 
166
216 31.0 
167
218 17.0 220 12.0 
168
110 43.0 
169
114 29.0 
170
148 22.0 
171
211 47.0 224 3.0 
172
139 22.0 
173
211 38.0 
174
143 36.0 
175
220 25.0 
176
141 47.0 
177
93 35.0 95 14.0 
178
103 43.0 
179
133 45.0 199 45.0 
180
204 32.0 124 32.0 
181
107 27.0 
182
116 38.0 
183
104 32.0 
184
211 27.0 
185
114 31.0 
186
129 36.0 209 36.0 
187
217 25.0 
188
148 50.0 
189
105 27.0 
190
99 29.0 
191
211 36.0 
192
203 23.0 204 9.0 120 32.0 
193
110 41.0 
194
107 40.0 
195
101 45.0 
196
114 49.0 
197
110 38.0 
198
136 34.0 
199
220 38.0 
