LP information:
0
91 14.0 94 3.0 
1

2

3
219 6.0 
4
210 28.0 
5
91 31.0 
6
106 8.000000000000028 115 19.99999999999997 
7
218 19.0 
8
142 23.0 
9
222 10.0 
10
129 9.0 195 9.0 
11
212 27.0 
12
115 22.0 
13
139 34.0 
14
98 16.0 
15
97 28.0 
16
118 16.0 
17
106 1.9999999999999716 109 9.000000000000028 
18
204 27.0 120 27.0 
19
118 11.0 
20
118 29.0 
21
109 33.0 
22
139 9.0 
23
128 21.0 195 21.0 
24
204 17.0 124 17.0 
25
144 23.0 
26
210 2.0 
27
106 18.0 
28
106 27.0 
29
118 16.0 
30

31
132 24.0 203 24.0 
32
145 21.0 
33
139 23.0 146 14.0 
34
223 13.0 
35
219 40.0 
36

37
139 44.0 
38
195 31.0 198 3.9999999999999982 127 35.0 
39
95 13.000000000000007 96 3.999999999999993 103 17.0 
40
133 12.0 201 12.0 
41
108 23.0 
42
216 20.0 
43
145 12.0 
44
118 26.0 
45
109 7.0 
46
103 44.0 
47
220 4.0 
48
205 28.0 125 28.0 
49
204 21.0 123 21.0 
50
222 16.0 
51
143 12.000000000000028 145 12.999999999999972 
52
109 39.0 
53
214 40.0 
54

55
115 20.0 
56
144 12.0 
57
201 30.0 121 30.0 
58
130 20.0 195 20.0 
59
219 38.0 
60
219 15.0 
61
140 24.0 
62
115 18.0 
63
90 19.0 
64
142 5.0 
65
204 8.0 123 8.0 
66
90 29.0 
67
106 3.0 
68
100 11.0 
69
195 9.0 126 9.0 
70
204 13.0 123 13.0 
71
118 13.0 
72
196 14.000000000000002 208 20.0 126 34.0 
73
105 15.999999999999972 115 7.000000000000028 
74
215 21.0 
75
109 3.0 
76
219 7.0 
77
115 3.0 
78
195 27.0 127 27.0 
79

80
128 12.0 195 12.0 
81
205 28.0 124 19.0 125 9.0 
82

83
215 34.0 
84
91 27.0 
85
106 26.0 
86
139 32.0 
87
93 18.999999999999993 96 12.000000000000007 
88
139 3.0 
89
115 13.0 
90
195 24.0 127 24.0 
91
135 29.0 143 9.0 
92
215 33.0 
93

94
106 19.0 
95
139 29.0 
96
208 17.0 127 17.0 
97
109 22.0 
98
100 1.0 
99
205 24.0 125 24.0 
100
139 4.0 
101
145 29.0 
102
99 28.0 
103
100 12.0 
104
118 11.0 
105
205 27.0 125 27.0 
106
218 17.0 
107
195 51.0 126 51.0 
108
218 23.0 
109
118 30.0 
110
215 4.0 
111
96 1.0 101 30.0 
112
133 15.0 201 15.0 
113
135 25.0 
114
222 1.0 
115
108 23.0 115 4.0 
116
108 13.0 112 14.0 
117
92 31.0 
118
145 31.0 
119
92 12.0 
120
216 15.0 
121
118 24.0 
122
115 5.0 
123
92 33.0 
124
212 17.0 
125
118 25.0 
126
208 20.0 126 20.0 
127
103 11.0 
128
219 12.0 
129
95 29.0 
130
131 15.000000000000002 201 20.0 120 4.999999999999998 
131
138 8.0 
132
216 18.0 
133
210 24.0 
134
91 29.0 
135
195 30.0 127 30.0 
136
210 29.0 
137
204 6.0 123 6.0 
138
94 6.0 
139
93 14.0 98 11.0 
140

141

142
208 12.0 125 12.0 
143
134 23.0 204 23.0 
144
140 29.0 
145
143 19.0 
146
117 9.0 
147
216 23.0 
148
204 32.0 120 32.0 
149
213 43.0 
150
210 35.0 
151
140 17.0 
152
215 1.0 223 13.0 
153
91 5.0 
154
210 27.0 
155
110 22.999999999999993 117 9.000000000000007 
156
109 20.0 
157
112 21.0 
158
216 27.0 
159
90 26.0 
160
135 46.0 142 2.0 
161
130 22.0 195 44.0 126 22.0 
162
112 16.0 
163
92 8.0 
164
220 11.0 
165
145 33.0 
166
222 20.0 
167
219 32.0 
168
112 31.0 
169
118 17.0 
170
142 9.0 
171
215 28.0 
172
145 17.0 
173

174
142 30.0 
175
222 13.0 
176
139 23.0 
177
91 30.0 
178
96 17.0 
179
131 18.999999999999996 132 4.0000000000000036 201 23.0 
180
134 4.0 204 28.0 123 24.0 
181

182
118 26.0 
183
100 24.0 
184
213 21.0 
185
117 26.0 
186
130 4.0 195 4.0 
187
215 19.0 
188
144 42.0 
189
109 17.0 
190
99 24.0 
191
210 14.000000000000007 220 7.999999999999993 
192
134 25.0 204 25.0 
193
115 22.0 
194
112 2.0 
195
90 26.0 
196
112 41.0 
197
115 25.0 
198
143 24.0 
199
222 39.0 

Final Solution:
0
97 11.0 103 6.0 
1

2

3
219 6.0 
4
224 28.0 
5
95 10.0 98 21.0 
6
109 20.0 112 2.0 114 6.0 
7
218 19.0 
8
140 23.0 
9
218 10.0 
10
131 9.0 196 9.0 
11
218 27.0 
12
26 3.0 60 3.0 106 10.0 108 9.0 140 3.0 
13
140 34.0 
14
103 16.0 
15
95 16.0 97 12.0 
16
115 16.0 
17
115 11.0 
18
201 2.5 204 15.0 205 9.5 120 17.5 125 9.5 
19
108 2.0 117 9.0 
20
108 29.0 
21
115 3.0 117 30.0 
22
139 9.0 
23
131 12.0 196 12.0 205 3.0 208 6.0 125 7.0 127 2.0 
24
130 17.0 195 17.0 
25
141 23.0 
26
210 2.0 
27
108 18.0 
28
106 27.0 
29
109 16.0 
30

31
203 24.0 120 24.0 
32
145 21.0 
33
142 31.0 145 6.0 
34
219 13.0 
35
212 6.0 222 34.0 
36

37
139 39.0 145 5.0 
38
129 35.0 195 33.0 198 2.0 
39
94 6.0 95 6.0 99 22.0 
40
201 7.5 203 4.5 121 7.5 123 4.5 
41
117 7.0 118 16.0 
42
216 20.0 
43
135 4.0 138 8.0 
44
112 19.0 117 7.0 
45
108 7.0 
46
90 42.0 91 2.0 
47
213 4.0 
48
131 28.0 196 28.0 
49
205 21.0 120 7.5 123 13.5 
50
220 16.0 
51
135 25.0 
52
110 39.0 
53
211 6.0 219 34.0 
54

55
114 20.0 
56
141 12.0 
57
132 30.0 201 30.0 
58
132 2.0 133 18.0 201 20.0 
59
222 38.0 
60
224 15.0 
61
140 24.0 
62
109 18.0 
63
104 19.0 
64
145 5.0 
65
207 8.0 123 7.0 126 1.0 
66
98 29.0 
67
114 3.0 
68
94 11.0 
69
131 9.0 196 9.0 
70
134 13.0 201 13.0 
71
110 13.0 
72
207 34.0 126 34.0 
73
108 23.0 
74
219 21.0 
75
118 3.0 
76
212 7.0 
77
115 3.0 
78
132 3.0 196 22.0 198 3.0 207 2.0 127 24.0 
79

80
130 12.0 195 12.0 
81
203 28.0 120 28.0 
82

83
218 34.0 
84
91 8.0 96 19.0 
85
112 26.0 
86
145 32.0 
87
96 31.0 
88
140 3.0 
89
108 13.0 
90
207 24.0 127 24.0 
91
139 38.0 
92
219 22.0 220 11.0 
93

94
117 19.0 
95
135 29.0 
96
130 17.0 195 17.0 
97
112 22.0 
98
95 1.0 
99
203 14.5 205 9.5 121 14.5 125 9.5 
100
140 4.0 
101
138 20.0 146 9.0 
102
99 28.0 
103
101 12.0 
104
114 11.0 
105
129 15.0 195 20.0 205 7.0 125 12.0 
106
212 17.0 
107
195 51.0 126 51.0 
108
211 23.0 
109
114 30.0 
110
219 4.0 
111
91 31.0 
112
132 15.0 198 11.0 201 4.0 
113
135 20.0 139 5.0 
114
222 1.0 
115
117 27.0 
116
108 27.0 
117
97 27.0 101 4.0 
118
145 31.0 
119
95 12.0 
120
212 15.0 
121
112 24.0 
122
118 5.0 
123
94 33.0 
124
222 17.0 
125
117 25.0 
126
207 20.0 126 20.0 
127
103 11.0 
128
220 12.0 
129
95 29.0 
130
131 20.0 196 20.0 
131
145 8.0 
132
210 18.0 
133
218 24.0 
134
91 29.0 
135
133 30.0 198 30.0 
136
212 22.0 213 7.0 
137
134 6.0 203 6.0 
138
101 6.0 
139
92 25.0 
140

141

142
207 12.0 125 12.0 
143
203 23.0 120 23.0 
144
138 29.0 
145
142 19.0 
146
117 9.0 
147
216 23.0 
148
133 1.0 134 31.0 204 32.0 
149
220 43.0 
150
210 28.0 220 7.0 
151
141 17.0 
152
216 14.0 
153
92 5.0 
154
222 27.0 
155
106 32.0 
156
108 20.0 
157
109 21.0 
158
216 27.0 
159
95 26.0 
160
141 48.0 
161
208 44.0 126 44.0 
162
112 16.0 
163
90 8.0 
164
220 11.0 
165
138 33.0 
166
222 20.0 
167
212 32.0 
168
106 31.0 
169
117 17.0 
170
139 9.0 
171
218 28.0 
172
146 17.0 
173

174
138 30.0 
175
222 13.0 
176
135 22.0 140 1.0 
177
91 30.0 
178
103 17.0 
179
131 22.0 133 1.0 201 23.0 
180
204 28.0 121 28.0 
181

182
118 26.0 
183
101 24.0 
184
211 21.0 
185
112 26.0 
186
130 4.0 198 4.0 
187
212 19.0 
188
145 42.0 
189
115 17.0 
190
92 19.0 104 5.0 
191
212 22.0 
192
204 25.0 123 25.0 
193
110 22.0 
194
108 2.0 
195
104 26.0 
196
110 26.0 112 15.0 
197
109 25.0 
198
146 24.0 
199
213 39.0 
