LP information:
0
102 13.0 103 3.0 
1

2

3
214 19.0 
4
217 40.0 
5
99 8.0 
6
114 18.0 
7
218 28.0 
8
137 27.0 
9
214 5.0 
10
130 18.0 198 18.0 
11
224 7.0 
12
108 16.0 
13
136 17.0 
14
94 3.0 97 26.0 
15
96 19.0 
16
119 17.0 
17
115 22.0 
18
202 11.0 204 24.0 120 35.0 
19
119 6.0 
20
110 21.0 
21
110 15.0 115 6.0 
22
147 10.0 
23
208 28.0 125 28.0 
24
204 29.0 124 29.0 
25
144 14.0 
26
214 31.0 
27
106 4.0 
28
106 31.0 
29
110 30.0 
30
204 13.0 122 13.0 
31
132 25.0 197 10.0 203 22.0 120 7.0 
32
145 23.0 
33
138 26.0 142 20.0 
34
220 11.0 
35
224 27.0 
36

37
141 16.0 149 6.0 
38
207 18.0 127 18.0 
39
98 8.0 
40
202 15.0 121 15.0 
41
114 23.0 
42
224 7.0 
43

44
106 34.0 113 2.0 
45
110 1.0 
46
92 9.0 
47
210 6.0 
48
195 12.0 125 12.0 
49
203 32.0 204 1.0 121 13.0 123 20.0 
50
224 24.0 
51
145 32.0 
52
106 5.0 114 31.0 116 2.0 
53
211 13.0 
54
203 6.0 122 6.0 
55
114 29.0 
56
138 36.0 
57
131 9.000000000000004 133 11.999999999999996 198 21.0 
58
130 20.0 199 20.0 
59
224 4.0 
60
224 6.0 
61
138 23.0 
62
108 29.0 
63
91 26.0 
64
141 7.0 144 5.0 
65
204 31.0 124 31.0 
66
90 28.0 
67
114 21.0 
68
90 14.0 92 11.0 
69
130 21.0 196 21.0 
70

71
116 27.0 
72
130 39.0 196 39.0 
73
105 15.0 
74
210 32.0 
75
116 9.0 
76
218 7.0 
77
114 21.0 
78
131 2.9999999999999964 198 6.0 127 3.0000000000000036 
79
132 31.0 198 11.0 202 20.0 
80
133 31.0 198 31.0 
81
202 41.0 120 41.0 
82
93 25.0 
83
217 34.0 
84
104 25.0 
85
114 32.0 
86
142 10.0 
87
98 25.0 
88
148 16.0 
89
115 30.0 
90
132 7.0 198 7.0 
91
138 34.0 
92
218 32.0 
93
149 8.0 
94
118 6.0 
95
149 13.0 
96
133 6.0 198 6.0 
97
106 5.0 
98

99
204 2.0 121 2.0 
100
136 22.0 
101
138 12.0 
102
97 10.0 
103
98 7.0 
104
107 29.0 
105
130 22.0 195 22.0 
106
214 21.0 
107
207 26.0 126 26.0 
108
218 35.0 
109
119 8.0 
110
220 13.0 
111
97 8.0 
112
202 9.0 122 9.0 
113
141 6.0 148 4.0 
114
211 9.0 
115
108 24.0 
116
108 11.0 119 33.0 
117
98 27.0 
118
148 28.0 
119
102 26.0 
120
224 22.0 
121
106 23.0 
122
114 15.0 
123
93 4.0 97 5.0 98 13.0 
124
220 14.0 
125
116 9.0 
126
203 23.0 122 23.0 
127
97 12.0 
128
224 12.0 
129
94 36.0 
130
131 33.0 199 33.0 
131
148 7.0 
132
210 15.0 
133
217 23.0 
134
99 15.0 
135
130 30.0 198 30.0 
136
218 3.0 
137
134 15.0 199 2.0 204 31.0 121 18.0 
138
97 2.0 
139
90 26.0 
140
103 17.0 
141
129 20.0 198 20.0 
142
205 4.0 208 24.0 125 28.0 
143
134 11.0 202 11.0 
144
144 30.0 
145
138 9.0 
146
117 8.0 
147
224 6.0 
148
204 9.0 121 9.0 
149
224 18.0 
150
217 19.0 
151
139 4.0 
152

153

154
224 33.0 
155
118 1.0 
156
119 29.0 
157
113 19.0 
158
220 8.0 
159
93 1.0 99 12.0 
160
137 36.0 
161
128 30.0 209 30.0 
162
105 11.0 
163
102 12.0 
164
218 23.0 
165
146 38.0 
166
224 22.0 
167
220 20.0 
168
105 3.0 108 17.0 
169
108 18.0 
170
141 15.0 
171
211 25.0 
172
145 14.0 
173
210 25.0 
174
142 22.0 
175
224 20.0 
176
136 45.0 
177
101 19.0 
178
96 26.0 
179
133 31.0 202 31.0 
180
134 9.0 202 9.0 
181
106 2.0 
182
119 8.0 
183
101 38.0 
184
214 13.0 
185
118 26.0 
186
129 19.0 209 19.0 
187
217 6.0 
188
146 48.0 
189
106 18.0 
190
104 11.0 
191
214 12.0 
192

193
117 12.0 
194
115 20.0 
195
92 1.0 104 24.0 
196
110 24.0 114 18.0 
197
108 13.0 
198
145 34.0 
199
220 25.0 

Final Solution:
0
91 16.0 
1

2

3
219 19.0 
4
211 40.0 
5
91 8.0 
6
110 3.0 116 15.0 
7
224 28.0 
8
144 27.0 
9
214 5.0 
10
129 7.0 130 11.0 198 2.0 199 16.0 
11
218 7.0 
12
108 16.0 
13
137 9.0 142 8.0 
14
98 16.0 103 13.0 
15
97 7.0 99 12.0 
16
118 4.0 119 13.0 
17
108 22.0 
18
205 35.0 125 35.0 
19
106 4.0 110 2.0 
20
118 21.0 
21
108 21.0 
22
139 9.0 140 1.0 
23
207 28.0 127 28.0 
24
205 29.0 125 29.0 
25
142 14.0 
26
214 27.0 218 4.0 
27
110 4.0 
28
105 31.0 
29
109 30.0 
30
201 13.0 121 13.0 
31
133 32.0 201 32.0 
32
148 23.0 
33
141 21.0 142 15.0 143 5.0 148 5.0 
34
218 11.0 
35
218 27.0 
36

37
147 22.0 
38
133 5.0 198 5.0 208 13.0 127 13.0 
39
98 8.0 
40
134 15.0 199 15.0 
41
116 23.0 
42
218 7.0 
43

44
116 36.0 
45
105 1.0 
46
91 9.0 
47
211 6.0 
48
208 12.0 127 12.0 
49
203 18.0 205 15.0 123 18.0 125 15.0 
50
218 11.0 219 13.0 
51
138 32.0 
52
114 38.0 
53
214 13.0 
54
208 6.0 126 6.0 
55
106 29.0 
56
138 8.0 140 19.0 147 9.0 
57
133 21.0 202 21.0 
58
201 20.0 121 20.0 
59
220 4.0 
60
218 6.0 
61
137 23.0 
62
106 29.0 
63
90 22.0 91 4.0 
64
144 12.0 
65
203 11.0 207 20.0 123 26.0 125 5.0 
66
99 28.0 
67
105 21.0 
68
92 25.0 
69
197 21.0 127 21.0 
70

71
110 25.0 115 2.0 
72
197 2.0 208 37.0 126 39.0 
73
114 1.0 115 14.0 
74
224 32.0 
75
106 9.0 
76
218 7.0 
77
119 21.0 
78
129 6.0 209 6.0 
79
134 31.0 201 12.0 202 19.0 
80
130 31.0 197 31.0 
81
203 21.0 206 20.0 123 21.0 126 20.0 
82
90 25.0 
83
219 34.0 
84
91 25.0 
85
108 32.0 
86
138 10.0 
87
98 25.0 
88
141 16.0 
89
109 7.0 114 23.0 
90
198 7.0 127 7.0 
91
142 34.0 
92
220 32.0 
93
142 8.0 
94
119 6.0 
95
141 13.0 
96
132 4.0 133 1.0 198 6.0 127 1.0 
97
119 5.0 
98

99
201 2.0 121 2.0 
100
148 22.0 
101
147 12.0 
102
103 10.0 
103
99 7.0 
104
106 29.0 
105
196 20.0 207 2.0 126 22.0 
106
213 21.0 
107
132 26.0 197 26.0 
108
211 27.0 217 8.0 
109
115 8.0 
110
213 13.0 
111
92 5.0 99 3.0 
112
201 9.0 120 8.0 121 1.0 
113
139 10.0 
114
220 9.0 
115
116 24.0 
116
109 44.0 
117
90 27.0 
118
147 28.0 
119
90 26.0 
120
214 22.0 
121
119 23.0 
122
105 15.0 
123
92 22.0 
124
217 14.0 
125
105 9.0 
126
205 5.0 208 18.0 125 5.0 127 18.0 
127
92 12.0 
128
219 12.0 
129
90 11.0 92 24.0 103 1.0 
130
202 33.0 121 33.0 
131
144 7.0 
132
217 15.0 
133
217 23.0 
134
90 15.0 
135
130 8.0 133 22.0 198 30.0 
136
217 3.0 
137
202 33.0 120 33.0 
138
103 2.0 
139
98 26.0 
140
97 17.0 
141
132 20.0 197 20.0 
142
208 14.0 209 14.0 125 28.0 
143
205 11.0 125 11.0 
144
139 29.0 144 1.0 
145
139 9.0 
146
118 8.0 
147
217 6.0 
148
202 9.0 120 9.0 
149
213 16.0 218 2.0 
150
210 1.0 218 18.0 
151
139 4.0 
152

153

154
214 33.0 
155
118 1.0 
156
105 21.0 119 8.0 
157
109 19.0 
158
224 8.0 
159
90 13.0 
160
137 36.0 
161
209 30.0 125 22.0 126 8.0 
162
29 7.0 119 4.0 129 7.0 156 7.0 
163
92 12.0 
164
210 23.0 
165
139 38.0 
166
219 22.0 
167
211 20.0 
168
119 20.0 
169
114 18.0 
170
147 15.0 
171
215 25.0 
172
147 14.0 
173
210 25.0 
174
139 1.0 142 21.0 
175
224 20.0 
176
143 45.0 
177
103 19.0 
178
97 26.0 
179
202 31.0 121 31.0 
180
134 4.0 202 4.0 205 5.0 123 5.0 
181
116 2.0 
182
105 8.0 
183
91 38.0 
184
211 7.0 224 6.0 
185
105 26.0 
186
133 19.0 199 19.0 
187
217 6.0 
188
137 48.0 
189
105 18.0 
190
90 11.0 
191
215 6.0 224 6.0 
192

193
108 9.0 110 3.0 
194
114 20.0 
195
98 25.0 
196
115 26.0 118 16.0 
197
110 13.0 
198
137 34.0 
199
217 25.0 
