LP information:
0
90 21.0 
1

2
219 11.0 
3
222 7.0 
4
216 28.0 
5
99 21.0 
6
106 5.0 
7
217 22.0 
8
141 33.0 
9

10
129 12.0 198 12.0 
11
216 16.0 
12

13
137 24.0 
14
94 5.0 100 9.0 103 21.0 
15
90 35.0 
16
117 26.0 
17
114 18.0 
18
204 31.0 121 31.0 
19
110 14.0 
20
117 27.0 
21

22
147 6.0 
23
129 20.0 196 20.0 
24
206 12.0 125 12.0 
25
136 23.0 
26
219 34.0 
27
106 15.0 
28
107 1.0 
29
106 9.0 107 7.0 
30
203 3.0 205 10.0 121 3.0 124 10.0 
31
133 10.0 198 10.0 
32
139 38.0 
33
143 22.0 
34
215 27.000000000000007 223 10.999999999999993 
35
224 43.0 
36

37
145 12.0 
38
128 26.0 196 26.0 
39
100 20.0 
40
132 34.0 198 34.0 
41
107 28.0 
42
216 23.0 
43

44
115 45.0 
45

46
93 23.0 
47
224 4.0 
48
131 17.0 196 17.0 
49
203 9.0 206 10.0 120 19.0 
50
219 24.0 
51
136 31.0 
52
114 19.0 
53
210 14.0 
54
202 19.0 122 19.0 
55
107 7.0 
56
141 0.9999999999999929 142 27.000000000000007 
57
132 23.0 201 5.0 202 18.0 
58
134 29.0 201 29.0 
59
224 8.0 
60
212 20.0 
61
148 13.0 
62
110 17.0 
63
92 2.0 103 32.0 
64
149 34.0 
65
204 9.0 209 27.0 123 17.0 126 19.0 
66
94 22.0 
67
106 22.0 
68
96 12.0 
69
209 2.0 127 2.0 
70
134 16.0 201 16.0 
71
110 29.0 
72
128 27.0 197 27.0 
73
105 22.0 
74
210 25.0 
75
117 22.0 
76
222 8.0 
77
105 51.0 
78
132 14.0 198 19.0 127 5.0 
79
134 28.0 201 28.0 
80
209 15.0 127 15.0 
81
204 14.0 121 14.0 
82
99 32.0 
83
215 25.0 
84
90 5.0 95 3.0 98 14.0 
85
106 29.0 
86
136 13.0 
87
94 25.0 
88
140 23.0 
89
106 18.0 
90
132 6.0 198 6.0 
91
140 15.0 
92
222 27.0 
93
136 11.0 
94
115 22.0 
95
141 5.0 
96

97
106 11.0 
98
96 9.0 
99
205 18.0 121 18.0 
100

101
140 6.0 145 21.0 
102
98 6.0 
103
90 3.0 
104
107 22.0 
105
196 31.0 125 31.0 
106
216 15.0 
107
196 23.0 126 23.0 
108
215 24.0 
109
106 19.0 118 8.0 
110
220 27.0 
111
99 9.0 
112
133 40.0 199 26.0 203 14.0 
113
143 20.0 
114
224 17.0 
115
117 10.0 
116
117 48.0 
117
99 23.0 
118
139 19.0 
119
100 8.0 
120
216 9.0 
121
106 35.0 
122
114 39.0 
123
92 20.0 102 18.0 
124
210 18.0 
125
106 13.0 
126
207 42.0 123 42.0 
127
91 13.0 
128
222 21.0 
129
100 17.0 
130
131 38.0 199 38.0 
131
145 44.0 
132
221 23.0 
133
212 23.0 
134
98 20.0 
135
129 29.0 209 29.0 
136
213 32.0 
137

138
94 9.0 
139
96 28.0 
140
100 8.0 
141
131 39.0 199 39.0 
142
207 0.9999999999999929 208 9.000000000000007 125 10.0 
143
134 25.0 204 25.0 
144
144 6.0 149 15.0 
145
141 4.0 
146
109 6.0 117 21.0 
147
216 16.0 
148
203 38.0 120 38.0 
149
222 18.0 
150
216 22.0 
151
149 10.0 
152
224 15.0 
153
96 36.0 
154
216 21.0 
155
110 36.0 
156
110 38.0 
157
110 8.0 
158
216 34.0 
159
90 10.0 
160
143 40.0 
161
205 20.0 125 20.0 
162
110 10.0 114 2.0 
163
96 9.0 102 1.0 
164
215 24.0 
165
139 34.0 
166
224 23.0 
167
212 23.0 
168
117 19.0 
169
114 26.0 
170
140 5.0 148 15.0 
171
210 27.0 
172
146 11.0 
173
224 11.0 
174
149 26.0 
175

176
137 40.0 
177
103 6.0 
178
91 29.0 
179
202 29.0 121 29.0 
180
202 31.0 205 1.0 120 31.0 125 1.0 
181

182
106 28.0 
183
100 26.0 
184

185
114 17.0 
186
130 3.0 197 3.0 
187
223 7.0 
188
145 29.0 
189
119 20.0 
190
93 30.0 
191
216 20.0 
192
204 12.0 124 12.0 
193
107 26.0 
194
108 17.999999999999986 115 17.000000000000014 
195
98 10.0 99 11.0 
196
117 25.0 
197
110 24.0 
198
149 18.0 
199
221 27.0 

Final Solution:
0
96 4.0 102 17.0 
1

2
216 11.0 
3
210 7.0 
4
210 28.0 
5
99 21.0 
6
106 5.0 
7
224 22.0 
8
139 33.0 
9

10
131 12.0 196 12.0 
11
217 16.0 
12

13
141 24.0 
14
99 21.0 102 14.0 
15
96 6.0 98 29.0 
16
110 7.0 112 19.0 
17
112 18.0 
18
203 27.0 204 4.0 122 19.0 123 12.0 
19
110 14.0 
20
110 22.0 118 5.0 
21

22
146 6.0 
23
195 6.0 207 14.0 126 20.0 
24
207 12.0 125 12.0 
25
139 12.0 146 11.0 
26
217 34.0 
27
107 15.0 
28
114 1.0 
29
106 16.0 
30
201 4.0 202 3.0 207 6.0 121 4.0 122 3.0 125 6.0 
31
203 10.0 122 10.0 
32
149 38.0 
33
143 22.0 
34
216 9.0 221 29.0 
35
212 37.0 220 6.0 
36

37
143 12.0 
38
129 25.0 197 26.0 127 1.0 
39
98 20.0 
40
132 7.0 134 18.0 197 7.0 201 27.0 121 9.0 
41
117 28.0 
42
221 23.0 
43

44
117 45.0 
45

46
91 1.0 98 22.0 
47
224 4.0 
48
209 17.0 126 17.0 
49
202 6.0 203 13.0 122 19.0 
50
212 24.0 
51
137 31.0 
52
106 16.0 114 3.0 
53
220 14.0 
54
207 19.0 125 19.0 
55
117 7.0 
56
146 28.0 
57
131 23.0 196 23.0 
58
133 29.0 199 9.0 200 20.0 
59
217 1.0 224 7.0 
60
212 20.0 
61
141 13.0 
62
107 15.0 114 2.0 
63
90 34.0 
64
143 34.0 
65
208 36.0 125 36.0 
66
96 22.0 
67
106 22.0 
68
94 12.0 
69
207 2.0 126 2.0 
70
202 16.0 122 16.0 
71
114 29.0 
72
131 2.0 196 2.0 209 25.0 126 11.0 127 14.0 
73
107 22.0 
74
221 25.0 
75
107 22.0 
76
224 8.0 
77
110 51.0 
78
207 19.0 127 19.0 
79
133 28.0 198 28.0 
80
129 15.0 198 15.0 
81
202 14.0 122 14.0 
82
102 32.0 
83
224 25.0 
84
90 22.0 
85
107 29.0 
86
143 13.0 
87
102 25.0 
88
141 23.0 
89
107 18.0 
90
131 6.0 196 6.0 
91
143 12.0 148 3.0 
92
212 27.0 
93
148 11.0 
94
118 22.0 
95
139 5.0 
96

97
110 11.0 
98
96 9.0 
99
204 18.0 122 18.0 
100

101
149 27.0 
102
94 6.0 
103
102 3.0 
104
107 22.0 
105
195 31.0 125 31.0 
106
217 15.0 
107
128 23.0 209 23.0 
108
217 24.0 
109
114 27.0 
110
217 20.0 220 7.0 
111
91 9.0 
112
132 40.0 198 40.0 
113
136 20.0 
114
210 17.0 
115
118 10.0 
116
106 48.0 
117
90 23.0 
118
136 19.0 
119
92 8.0 
120
212 9.0 
121
115 35.0 
122
117 39.0 
123
96 19.0 101 19.0 
124
217 18.0 
125
115 13.0 
126
207 28.0 208 14.0 125 42.0 
127
90 13.0 
128
224 21.0 
129
90 17.0 
130
131 18.0 133 20.0 199 38.0 
131
143 39.0 146 5.0 
132
216 23.0 
133
221 23.0 
134
91 20.0 
135
128 25.0 133 4.0 198 4.0 209 25.0 
136
217 32.0 
137

138
102 9.0 
139
94 28.0 
140
99 8.0 
141
131 39.0 197 17.0 199 22.0 
142
129 10.0 209 10.0 
143
201 25.0 121 25.0 
144
136 21.0 
145
136 4.0 
146
107 27.0 
147
216 16.0 
148
133 10.0 202 10.0 204 28.0 123 28.0 
149
212 18.0 
150
217 22.0 
151
136 10.0 
152
212 15.0 
153
91 20.0 92 16.0 
154
210 8.0 224 13.0 
155
117 24.0 118 12.0 
156
114 38.0 
157
110 8.0 
158
217 34.0 
159
96 10.0 
160
141 40.0 
161
195 13.0 196 7.0 125 4.0 127 16.0 
162
115 12.0 
163
96 10.0 
164
216 24.0 
165
148 34.0 
166
210 23.0 
167
220 23.0 
168
107 19.0 
169
106 19.0 117 7.0 
170
148 20.0 
171
217 27.0 
172
149 11.0 
173
210 11.0 
174
136 2.0 149 24.0 
175

176
136 24.0 137 16.0 
177
90 6.0 
178
98 29.0 
179
133 29.0 199 29.0 
180
134 32.0 201 32.0 
181

182
112 13.0 115 15.0 
183
92 26.0 
184

185
110 17.0 
186
132 3.0 198 3.0 
187
217 7.0 
188
148 29.0 
189
110 20.0 
190
90 30.0 
191
216 20.0 
192
201 12.0 121 12.0 
193
107 26.0 
194
107 35.0 
195
101 21.0 
196
115 25.0 
197
106 24.0 
198
143 18.0 
199
216 27.0 
