LP information:
0
38 4.0 42 21.0 44 5.0 
1
61 10.0 69 1.0 
2
1 14.0 4 16.0 124 1.0 126 13.0 127 16.0 
3
72 20.0 
4
76 1.0 89 16.0 
5
63 6.0 70 17.0 111 6.0 118 17.0 
6
134 8.0 79 8.0 83 20.0 122 20.0 
7
137 20.0 12 20.0 
8
15 14.0 17 2.0 20 1.0 61 10.0 86 17.0 94 10.0 
9
0 14.0 8 6.0 48 6.0 55 14.0 
10
94 10.0 54 10.0 
11
144 17.0 146 5.0 
12
7 1.0 8 12.0 145 1.0 146 12.0 
13
134 10.0 
14
136 27.0 96 27.0 
15
78 1.0 79 10.0 86 11.0 
16
63 21.0 
17
90 4.0 103 17.0 
18
23 6.0 29 10.0 
19
129 7.9999999999999964 130 1.0 126 15.000000000000004 

Final Solution:
0
44 30.0 
1
63 8.0 72 3.0 
2
19 30.0 38 30.0 
3
72 20.0 
4
76 17.0 
5
14 3.0 63 20.0 85 3.0 113 20.0 
6
85 28.0 125 28.0 
7
138 20.0 14 20.0 
8
72 27.0 90 27.0 
9
14 20.0 54 20.0 
10
90 10.0 54 10.0 
11
137 22.0 
12
5 13.0 147 13.0 
13
131 10.0 
14
137 27.0 96 27.0 
15
76 3.0 85 19.0 
16
63 21.0 
17
96 21.0 
18
19 16.0 
19
131 10.0 125 14.0 
