LP information:
0
90 19.0 
1
96 7.0 
2
212 19.0 
3
214 17.0 
4
224 27.0 
5
97 5.0 104 24.0 
6
115 16.0 
7
212 48.0 
8
140 32.0 
9
214 27.0 
10
129 19.0 197 19.0 
11
214 18.0 
12
115 17.0 
13
140 21.0 
14
101 21.0 
15
97 14.0 
16
119 22.0 
17
115 16.0 
18
206 21.0 120 21.0 
19
119 18.0 
20
119 11.0 
21
119 12.0 
22
138 14.0 
23
195 22.0 125 22.0 
24
208 38.0 125 38.0 
25
145 7.0 
26
214 24.0 
27

28
115 28.0 
29
119 38.0 
30
206 29.0 121 29.0 
31
132 29.0 197 29.0 
32
145 22.0 
33
140 5.0 145 14.0 
34
214 25.0 
35
214 35.0 
36
119 11.0 
37
140 25.0 
38
197 27.0 127 27.0 
39
97 30.0 
40
132 31.0 197 31.0 
41
119 22.0 
42
213 5.0 
43
140 16.0 
44
119 21.0 
45

46
98 31.0 
47
214 2.0 
48
195 7.0 125 7.0 
49
206 34.0 121 34.0 
50
214 31.0 
51
145 14.0 
52
115 26.0 
53
212 23.0 
54
208 3.0 123 3.0 
55
119 16.0 
56
140 7.0 
57
131 22.0 197 22.0 
58
132 26.0 133 6.0 198 32.0 
59
210 29.0 
60
214 28.0 
61
135 7.0 
62
115 37.0 
63
90 33.0 
64
135 25.0 
65
208 29.0 123 29.0 
66
92 10.0 99 11.0 104 10.0 
67
119 19.0 
68
90 20.0 94 2.0 100 8.0 
69
132 21.0 197 21.0 
70

71
115 17.0 
72
208 18.0 126 18.0 
73
115 29.0 
74
214 27.0 
75
119 10.0 
76
214 14.0 
77
119 15.0 
78
131 22.0 197 22.0 
79
132 1.0 133 12.0 197 1.0 199 12.0 
80
195 25.0 127 25.0 
81
206 28.0 125 28.0 
82
92 15.0 
83
214 10.0 
84
99 11.0 
85
119 14.0 
86
145 26.0 
87
93 21.0 
88
147 14.0 
89
115 22.0 
90
130 3.0 195 3.0 
91
142 30.0 
92
214 23.0 
93
142 1.0 147 27.0 
94
119 4.0 
95
142 13.0 
96
128 5.0 195 5.0 
97
119 13.0 
98
90 9.0 
99

100
142 2.0 
101
145 27.0 
102
99 14.0 
103
101 5.0 
104
119 26.0 
105
195 13.0 125 13.0 
106
214 22.0 
107
195 25.0 126 25.0 
108
214 18.0 
109
119 12.0 
110
212 7.0 
111
91 3.0 
112
132 22.0 198 1.0 201 21.0 
113
142 11.0 
114
212 29.0 
115
119 15.0 
116
119 31.0 
117
102 26.0 
118
135 26.0 
119

120
214 25.0 
121
119 17.0 
122
119 13.0 
123
97 23.0 
124
212 25.0 
125
115 3.0 119 14.0 
126
204 1.0 206 39.0 122 6.0 124 34.0 
127
91 17.0 103 8.0 
128
224 10.0 
129
101 9.0 
130
134 23.0 201 23.0 
131

132
214 17.0 
133
214 9.0 
134
101 12.0 
135
128 25.0 197 25.0 
136
214 34.0 
137
133 13.0 204 13.0 
138
93 8.0 103 24.0 
139
90 17.0 
140
93 1.0 96 16.0 
141
129 13.0 195 13.0 
142
195 9.0 125 9.0 
143
134 4.0 201 4.0 
144
140 10.0 
145
135 18.0 140 12.0 
146
119 32.0 
147
214 7.0 
148
134 9.0 201 19.0 120 10.0 
149
212 15.0 
150
214 27.0 
151
140 5.0 
152
214 12.0 
153
90 24.0 
154
214 20.0 
155
119 42.0 
156
119 14.0 
157
115 11.0 
158
214 22.0 
159
100 20.0 
160
140 18.0 
161
208 14.0 125 14.0 
162
119 31.0 
163
94 30.0 
164
214 9.0 
165
147 25.0 
166
212 20.0 
167
212 19.0 
168
119 9.0 
169
119 19.0 
170
147 6.0 
171
214 37.0 
172
145 12.0 
173
212 12.0 
174
142 8.0 
175
212 20.0 
176
142 37.0 
177
101 15.0 
178
96 21.0 100 3.0 101 10.0 
179
132 19.0 198 19.0 
180
201 9.0 121 9.0 
181
119 18.0 
182
112 10.0 119 22.0 
183
90 9.0 
184
214 10.0 
185
119 27.0 
186
130 33.0 197 33.0 
187
214 24.0 
188
147 31.0 
189
119 18.0 
190
91 23.0 
191
214 20.0 
192
205 20.0 122 20.0 
193
115 27.0 
194
112 27.0 
195
92 27.0 
196
115 8.0 118 8.0 
197
115 9.0 
198
147 14.0 
199
214 12.0 

Final Solution:
0
92 5.0 97 6.0 102 8.0 
1
91 6.0 104 1.0 
2
210 19.0 
3
210 17.0 
4
210 27.0 
5
96 27.0 157 2.0 197 2.0 
6
115 16.0 
7
210 48.0 
8
138 1.0 145 31.0 
9
213 13.0 214 14.0 
10
132 19.0 200 19.0 
11
210 8.0 214 10.0 
12
110 9.0 115 8.0 
13
140 21.0 
14
101 12.0 102 9.0 
15
100 14.0 
16
118 4.0 119 18.0 
17
115 16.0 
18
203 21.0 120 5.0 121 16.0 
19
112 18.0 
20
110 11.0 
21
115 12.0 
22
140 14.0 
23
128 22.0 208 22.0 
24
206 38.0 125 28.0 126 10.0 
25
142 7.0 
26
214 24.0 
27

28
115 28.0 
29
119 38.0 
30
203 28.0 206 1.0 122 28.0 125 1.0 
31
134 29.0 201 28.0 203 1.0 
32
138 22.0 
33
140 19.0 
34
212 25.0 
35
214 18.0 223 3.0 224 14.0 
36
119 11.0 
37
142 21.0 145 4.0 
38
131 5.0 197 5.0 208 22.0 127 22.0 
39
100 1.0 101 29.0 
40
132 31.0 201 31.0 
41
115 22.0 
42
214 5.0 
43
140 16.0 
44
115 21.0 
45

46
103 31.0 
47
213 2.0 
48
206 7.0 125 7.0 
49
204 34.0 121 34.0 
50
214 31.0 
51
138 14.0 
52
115 26.0 
53
210 23.0 
54
204 3.0 122 3.0 
55
115 10.0 119 6.0 
56
142 7.0 
57
132 19.0 197 19.0 201 3.0 120 3.0 
58
130 32.0 195 32.0 
59
210 29.0 
60
214 28.0 
61
138 7.0 
62
115 37.0 
63
102 33.0 
64
142 25.0 
65
128 10.0 208 29.0 123 12.0 124 7.0 
66
90 18.0 92 5.0 104 8.0 
67
119 19.0 
68
90 7.0 93 23.0 
69
195 15.0 206 6.0 126 6.0 127 15.0 
70

71
115 17.0 
72
128 18.0 208 18.0 
73
115 29.0 
74
214 27.0 
75
119 10.0 
76
214 14.0 
77
115 15.0 
78
130 22.0 197 22.0 
79
132 13.0 200 13.0 
80
130 25.0 195 25.0 
81
204 28.0 123 28.0 
82
99 15.0 
83
224 10.0 
84
92 11.0 
85
119 14.0 
86
145 26.0 
87
100 21.0 
88
138 14.0 
89
115 22.0 
90
130 3.0 197 3.0 
91
135 27.0 142 3.0 
92
213 23.0 
93
135 28.0 
94
115 4.0 
95
138 13.0 
96
130 2.0 131 3.0 197 5.0 
97
119 13.0 
98
97 7.0 157 2.0 195 2.0 
99

100
140 2.0 
101
145 27.0 
102
100 14.0 
103
103 2.0 104 3.0 
104
119 26.0 
105
130 13.0 195 13.0 
106
213 22.0 
107
206 25.0 126 25.0 
108
210 18.0 
109
119 12.0 
110
214 7.0 
111
157 3.0 197 3.0 
112
201 22.0 120 22.0 
113
140 11.0 
114
210 29.0 
115
119 15.0 
116
119 31.0 
117
99 26.0 
118
138 26.0 
119

120
213 25.0 
121
112 17.0 
122
115 13.0 
123
96 23.0 
124
212 8.0 223 17.0 
125
115 17.0 
126
204 40.0 124 40.0 
127
90 25.0 
128
210 10.0 
129
101 9.0 
130
131 23.0 197 23.0 
131

132
212 17.0 
133
214 9.0 
134
92 12.0 
135
130 25.0 197 25.0 
136
210 34.0 
137
134 13.0 204 13.0 
138
97 23.0 99 9.0 
139
92 17.0 
140
103 17.0 
141
130 13.0 195 13.0 
142
208 9.0 126 9.0 
143
200 4.0 120 4.0 
144
140 10.0 
145
149 30.0 
146
115 32.0 
147
210 7.0 
148
201 16.0 204 3.0 120 16.0 124 3.0 
149
213 15.0 
150
214 27.0 
151
138 5.0 
152
210 12.0 
153
91 24.0 
154
210 20.0 
155
118 42.0 
156
112 14.0 
157
115 11.0 
158
210 22.0 
159
91 20.0 
160
149 18.0 
161
206 14.0 125 14.0 
162
115 31.0 
163
97 30.0 
164
210 9.0 
165
138 25.0 
166
210 20.0 
167
210 19.0 
168
118 9.0 
169
119 19.0 
170
138 6.0 
171
210 37.0 
172
145 12.0 
173
210 12.0 
174
138 8.0 
175
210 20.0 
176
142 37.0 
177
104 15.0 
178
97 34.0 
179
131 11.0 134 8.0 197 10.0 200 9.0 
180
204 9.0 122 9.0 
181
118 18.0 
182
115 32.0 
183
157 9.0 206 9.0 
184
210 10.0 
185
118 27.0 
186
130 15.0 132 18.0 197 33.0 
187
214 24.0 
188
135 31.0 
189
119 18.0 
190
104 23.0 
191
224 20.0 
192
204 20.0 122 10.0 123 10.0 
193
115 27.0 
194
115 27.0 
195
93 27.0 
196
115 16.0 
197
115 9.0 
198
135 14.0 
199
214 12.0 
