LP information:
0
97 29.0 
1
93 6.9999999999999964 98 4.0000000000000036 
2
216 4.0 
3
223 20.0 
4
216 26.0 
5
99 15.0 
6
107 27.0 
7
217 25.0 
8
136 12.0 
9
217 23.0 
10
129 8.0 134 2.0 200 10.0 
11
216 24.0 
12
107 19.0 
13
136 8.0 144 8.0 
14
94 21.0 
15
100 20.0 
16
113 21.0 
17
106 13.0 
18
200 9.0 120 9.0 
19
107 13.0 
20
106 15.0 
21

22
139 7.0 149 6.0 
23
209 30.0 125 30.0 
24
209 35.0 124 22.0 125 13.0 
25
136 28.0 
26
217 21.0 
27
113 12.0 
28
106 6.0 
29
107 14.0 
30
202 17.0 121 17.0 
31
132 6.0 200 25.0 120 19.0 
32
149 19.0 
33
142 5.0 144 9.0 
34
216 24.0 
35
223 34.0 
36
107 1.0 
37
144 30.0 
38
207 22.0 127 22.0 
39
99 10.0 102 4.0 103 22.0 
40
132 8.0 200 8.0 
41
107 24.0 
42
216 15.0 
43
149 31.0 
44
106 42.0 
45
107 20.0 
46
98 25.0 104 19.0 
47
217 6.0 
48
209 11.0 125 11.0 
49
200 21.0 120 21.0 
50
223 33.0 
51
136 22.0 
52
106 11.0 
53
223 23.0 
54
202 15.0 122 15.0 
55
119 31.0 
56
144 5.0 
57
133 6.0 134 3.0 200 9.0 
58
130 31.0 200 31.0 
59
217 4.0 
60
217 16.0 
61
136 1.0 
62
106 31.0 
63
100 33.0 
64
144 13.0 
65
205 22.0 123 22.0 
66
99 40.0 
67
119 11.0 
68
90 15.0 
69

70
202 9.0 120 9.0 
71

72
209 22.0 127 22.0 
73
114 30.0 
74
216 14.0 
75
106 12.0 
76

77
119 13.0 
78
129 13.0 209 13.0 
79
132 27.0 202 27.0 
80

81
200 13.0 120 13.0 
82
102 21.0 
83
217 20.0 
84
90 37.0 
85
107 11.000000000000057 113 26.999999999999943 
86
144 33.0 
87
96 30.0 
88
144 13.0 
89
107 34.0 
90
128 4.0 209 4.0 
91
149 20.0 
92
216 30.0 
93
136 26.0 
94
119 18.0 
95
142 11.0 
96
129 14.0 197 13.0 209 1.0 
97
107 13.0 
98
100 17.0 
99
200 16.0 120 16.0 
100
149 19.0 
101
136 16.0 139 15.0 
102
93 9.000000000000004 95 3.9999999999999964 
103
91 9.0 
104
107 14.0 
105
209 19.0 125 19.0 
106
216 21.0 
107
209 23.0 126 23.0 
108
217 13.0 
109
106 29.0 
110
216 14.0 
111
91 12.0 97 1.0 
112
132 33.0 202 33.0 
113
136 26.0 
114
217 8.0 
115
113 31.0 
116
106 30.0 
117
92 6.0 
118
144 22.0 
119
104 3.0 
120
217 15.0 
121
111 33.0 
122
107 22.0 
123
92 19.0 
124
217 17.0 
125
106 39.0 
126
202 17.0 122 17.0 
127
97 24.0 
128
217 9.0 
129
94 20.0 
130
131 18.0 200 18.0 
131
144 29.0 
132
216 21.0 
133
216 25.0 
134
99 3.0 101 17.0 
135
209 13.0 127 13.0 
136
216 5.0 
137

138
102 7.0 
139
100 12.0 
140
100 5.0 
141
128 12.0 209 12.0 
142
209 16.0 127 16.0 
143
134 21.0 202 21.0 
144
144 29.0 
145
149 10.0 
146
117 22.0 
147
216 4.0 
148
133 23.0 200 23.0 
149
217 28.0 
150
216 16.0 
151

152
216 8.0 
153
97 2.0 
154
216 32.0 
155
106 22.0 
156
113 24.0 
157
107 12.0 
158
216 11.0 
159
90 21.0 
160
149 38.0 
161
129 6.0 209 40.0 126 30.0 127 4.0 
162
119 17.0 
163
96 10.0 
164
216 19.0 
165
149 41.0 
166
217 9.0 
167
217 32.0 
168
106 13.0 
169
106 16.0 
170
142 6.0 
171
216 23.0 
172
149 21.0 
173
217 13.0 
174
149 11.0 
175
217 16.0 
176
149 32.0 
177
91 32.0 
178
97 21.0 
179
131 20.0 200 20.0 
180
134 29.0 200 29.0 
181
107 5.0 
182
105 27.0 
183
95 33.0 
184
223 19.0 
185
110 22.0 
186
132 3.0 200 3.0 
187
216 2.0 
188
144 31.0 
189
107 24.0 
190
92 23.0 
191
216 27.0 
192
134 13.0 200 13.0 
193
107 22.0 
194
106 22.0 
195
92 29.0 
196
112 21.999999999999943 113 14.000000000000057 
197
106 9.0 
198
144 17.0 
199
216 33.0 

Final Solution:
0
93 29.0 
1
95 11.0 
2
216 4.0 
3
223 20.0 
4
216 5.0 223 21.0 
5
95 15.0 
6
106 13.0 107 11.0 113 3.0 
7
217 5.0 222 20.0 
8
137 12.0 
9
217 10.0 220 13.0 
10
130 10.0 200 10.0 
11
216 24.0 
12
110 13.0 111 6.0 
13
136 1.0 137 15.0 
14
99 21.0 
15
103 20.0 
16
110 6.0 112 15.0 
17
107 13.0 
18
204 9.0 124 9.0 
19
119 13.0 
20
119 15.0 
21

22
137 13.0 
23
129 27.5 205 2.5 209 27.5 125 2.5 
24
128 35.0 209 35.0 
25
144 28.0 
26
216 21.0 
27
110 12.0 
28
110 6.0 
29
110 14.0 
30
204 17.0 121 17.0 
31
132 0.5 202 13.0 203 12.0 121 24.5 
32
137 19.0 
33
144 8.0 145 6.0 
34
223 24.0 
35
220 27.0 223 7.0 
36
119 1.0 
37
142 28.0 144 2.0 
38
129 22.0 196 18.0 198 4.0 
39
100 36.0 
40
132 1.0 202 8.0 120 7.0 
41
107 24.0 
42
220 15.0 
43
149 31.0 
44
113 42.0 
45
106 1.0 110 19.0 
46
94 44.0 
47
216 6.0 
48
128 11.0 208 11.0 
49
204 21.0 124 21.0 
50
220 33.0 
51
144 22.0 
52
113 11.0 
53
223 23.0 
54
203 2.5 207 12.5 123 2.5 125 12.5 
55
113 31.0 
56
144 5.0 
57
134 7.0 200 7.0 202 2.0 121 2.0 
58
132 31.0 200 31.0 
59
216 4.0 
60
217 16.0 
61
149 1.0 
62
113 31.0 
63
101 3.0 103 30.0 
64
142 13.0 
65
128 4.0 207 18.0 208 4.0 123 18.0 
66
93 21.0 95 1.0 97 18.0 
67
119 11.0 
68
90 8.0 99 7.0 
69

70
202 9.0 120 9.0 
71

72
208 5.0 209 17.0 126 22.0 
73
113 30.0 
74
223 14.0 
75
110 12.0 
76

77
113 13.0 
78
129 13.0 196 13.0 
79
134 27.0 203 27.0 
80

81
205 13.0 120 13.0 
82
99 21.0 
83
216 20.0 
84
90 18.0 91 19.0 
85
23 10.0 48 10.0 111 28.0 
86
145 33.0 
87
97 30.0 
88
144 13.0 
89
113 34.0 
90
129 4.0 198 4.0 
91
139 20.0 
92
216 30.0 
93
136 17.0 142 9.0 
94
113 18.0 
95
139 11.0 
96
129 14.0 196 14.0 
97
106 13.0 
98
91 5.0 100 12.0 
99
203 13.0 204 1.5 205 1.5 121 6.5 123 6.5 124 3.0 
100
139 19.0 
101
139 31.0 
102
99 13.0 
103
91 9.0 
104
106 14.0 
105
207 19.0 125 19.0 
106
216 21.0 
107
196 15.0 207 0.5 209 7.5 126 23.0 
108
223 13.0 
109
113 29.0 
110
216 14.0 
111
101 13.0 
112
134 33.0 200 29.0 203 4.0 
113
139 26.0 
114
217 8.0 
115
107 31.0 
116
110 30.0 
117
101 6.0 
118
144 22.0 
119
101 3.0 
120
217 15.0 
121
119 33.0 
122
106 13.0 119 9.0 
123
94 19.0 
124
223 17.0 
125
111 39.0 
126
205 17.0 124 17.0 
127
90 24.0 
128
217 9.0 
129
100 20.0 
130
202 18.0 120 18.0 
131
139 6.0 145 23.0 
132
223 21.0 
133
220 25.0 
134
100 20.0 
135
129 13.0 209 13.0 
136
217 5.0 
137

138
100 7.0 
139
99 12.0 
140
100 5.0 
141
132 12.0 198 12.0 
142
205 16.0 125 16.0 
143
204 21.0 120 21.0 
144
139 29.0 
145
137 10.0 
146
119 22.0 
147
217 4.0 
148
204 23.0 123 23.0 
149
223 28.0 
150
216 16.0 
151

152
220 8.0 
153
97 2.0 
154
223 32.0 
155
106 22.0 
156
106 24.0 
157
110 12.0 
158
216 11.0 
159
94 21.0 
160
139 2.0 149 36.0 
161
130 40.0 196 40.0 
162
110 17.0 
163
104 10.0 
164
217 19.0 
165
136 41.0 
166
217 9.0 
167
223 32.0 
168
112 13.0 
169
107 16.0 
170
139 6.0 
171
216 23.0 
172
145 21.0 
173
223 13.0 
174
136 11.0 
175
223 16.0 
176
149 32.0 
177
95 21.0 104 11.0 
178
101 21.0 
179
134 20.0 200 20.0 
180
203 29.0 120 29.0 
181
107 5.0 
182
111 27.0 
183
91 17.0 94 16.0 
184
223 19.0 
185
119 22.0 
186
200 3.0 120 3.0 
187
220 2.0 
188
137 31.0 
189
119 24.0 
190
99 23.0 
191
220 27.0 
192
134 13.0 203 12.5 204 0.5 
193
112 22.0 
194
113 22.0 
195
104 29.0 
196
113 36.0 
197
110 9.0 
198
145 17.0 
199
216 33.0 
