LP information:
0
94 24.0 
1
94 26.0 
2
212 22.0 
3
223 22.0 
4
219 54.0 
5
91 40.0 
6
109 46.0 
7
218 56.0 
8
145 42.0 
9
222 22.0 
10
129 22.0 209 22.0 
11
224 42.0 
12
108 36.0 
13
138 22.0 145 14.0 
14
94 14.0 101 18.0 103 28.0 
15
90 6.0 95 32.0 
16
119 34.0 
17
108 46.0 
18
201 42.0 120 42.0 
19
112 28.0 
20
108 10.0 112 16.0 
21
106 26.0 
22
138 26.0 
23
209 40.0 125 40.0 
24
195 42.0 125 42.0 
25
144 40.0 
26
214 46.0 
27
111 36.0 
28
110 30.0 
29
107 42.0 
30
201 8.0 207 40.0 121 48.0 
31
132 42.0 203 42.0 
32
138 56.0 
33
142 54.0 
34
212 46.0 
35
212 60.0 
36
117 22.0 
37
144 48.0 
38
129 56.0 196 12.0 209 44.0 
39
93 38.0 
40
132 38.0 201 38.0 
41
119 46.0 
42
222 26.0 
43
138 32.0 
44
112 58.0 
45
117 24.0 
46
97 50.0 
47
214 20.0 
48
195 22.0 125 22.0 
49
206 40.0 124 40.0 
50
224 60.0 
51
144 50.0 
52
109 32.0 114 26.0 
53
212 58.0 
54
208 20.0 123 20.0 
55
114 40.0 
56
144 22.0 
57
134 48.0 201 48.0 
58
130 46.0 195 46.0 
59
210 34.0 
60
218 42.0 
61
143 20.0 
62
107 52.0 
63
100 58.0 
64
142 14.000000000000057 144 23.999999999999943 
65
209 54.0 123 54.0 
66
90 52.0 
67
112 20.0 
68
92 36.0 
69
209 36.0 126 36.0 
70
134 30.0 203 30.0 
71
112 40.0 
72
128 50.0 209 50.0 
73
107 50.0 
74
222 44.0 
75
119 20.0 
76
214 32.0 
77
119 58.0 
78
209 26.0 127 26.0 
79
132 38.0 203 38.0 
80
195 42.0 127 42.0 
81
203 6.0 206 40.0 122 6.0 126 40.0 
82
99 44.0 
83
212 50.0 
84
96 58.0 
85
119 42.0 
86
143 54.0 
87
94 58.0 
88
144 42.0 
89
108 16.0 110 26.0 
90
130 22.0 195 22.0 
91
143 52.0 
92
217 60.0 
93
138 40.0 
94
112 32.0 
95
142 34.0 
96
195 20.0 127 20.0 
97
114 32.0 
98
90 22.0 
99
203 42.0 122 42.0 
100
143 22.0 
101
138 52.0 
102
96 32.0 
103
100 26.0 
104
108 30.0 
105
195 46.0 125 46.0 
106
214 42.0 
107
209 56.0 126 56.0 
108
217 52.0 
109
112 42.0 
110
212 32.0 
111
94 28.0 
112
132 4.0 134 40.0 203 44.0 
113
143 36.0 
114
210 38.0 
115
108 48.0 
116
112 58.0 
117
99 40.0 
118
145 48.0 
119
90 28.0 
120
214 40.0 
121
117 50.0 
122
119 36.0 
123
92 14.0 102 24.0 
124
212 42.0 
125
114 54.0 
126
208 58.0 122 42.0 124 16.0 
127
103 46.0 
128
219 28.0 
129
92 38.0 
130
131 42.0 196 42.0 
131
143 24.0 144 16.0 
132
217 2.0 224 40.0 
133
218 40.0 
134
101 30.0 
135
130 44.0 195 44.0 
136
224 44.0 
137
134 34.0 203 34.0 
138
102 22.0 
139
90 34.0 
140
95 26.0 
141
128 28.0 129 8.0 195 36.0 
142
195 34.0 125 34.0 
143
134 32.0 200 32.0 
144
144 56.0 
145
144 22.0 
146
109 46.0 
147
214 20.0 
148
133 34.0 200 40.0 120 6.0 
149
212 42.0 
150
218 48.0 
151
143 28.0 
152
214 36.0 
153
93 24.0 
154
214 52.0 
155
112 48.0 
156
109 40.0 112 16.0 
157
114 40.0 
158
214 22.0 
159
90 32.0 
160
143 60.0 
161
129 60.0 209 60.0 
162
114 6.0 119 32.0 
163
102 44.0 
164
224 26.0 
165
144 50.0 
166
212 34.0 
167
217 32.0 
168
117 48.0 
169
114 32.0 
170
138 24.0 
171
219 56.0 
172
144 24.0 
173
222 42.0 
174
143 40.0 
175
217 28.0 
176
143 52.0 
177
95 54.0 
178
91 46.0 96 2.0 
179
131 50.0 196 50.0 
180
134 36.0 203 36.0 
181
117 30.0 
182
119 42.0 
183
94 36.0 
184
219 30.0 
185
112 34.0 
186
129 40.0 195 40.0 
187
222 28.0 
188
138 56.0 
189
107 30.0 
190
90 10.0 104 22.0 
191
219 40.0 
192
203 36.0 120 36.0 
193
112 46.0 
194
109 44.0 
195
93 16.0 98 34.0 
196
114 54.0 
197
110 42.0 
198
142 38.0 
199
222 42.0 

Final Solution:
0
92 4.0 93 20.0 
1
94 26.0 
2
219 16.0 223 6.0 
3
214 22.0 
4
219 54.0 
5
95 40.0 
6
109 14.0 114 32.0 
7
223 56.0 
8
145 42.0 
9
214 22.0 
10
129 3.0 131 6.0 132 8.0 134 5.0 196 1.0 200 18.0 209 3.0 
11
210 42.0 
12
109 36.0 
13
138 36.0 
14
95 60.0 
15
96 14.0 102 24.0 
16
114 34.0 
17
110 46.0 
18
203 34.0 206 8.0 120 18.0 121 13.0 122 11.0 
19
108 28.0 
20
108 26.0 
21
108 26.0 
22
138 26.0 
23
196 2.0 207 38.0 126 25.0 127 15.0 
24
128 1.0 207 41.0 209 1.0 125 41.0 
25
138 32.0 142 8.0 
26
214 46.0 
27
114 36.0 
28
109 30.0 
29
112 42.0 
30
207 48.0 125 23.0 126 25.0 
31
203 42.0 122 21.0 123 21.0 
32
138 56.0 
33
143 54.0 
34
218 46.0 
35
212 60.0 
36
119 22.0 
37
144 48.0 
38
128 12.0 129 44.0 195 56.0 
39
96 2.0 100 36.0 
40
134 33.0 200 16.0 203 22.0 121 5.0 
41
119 46.0 
42
217 26.0 
43
145 32.0 
44
112 22.0 114 36.0 
45
119 24.0 
46
93 50.0 
47
210 20.0 
48
208 22.0 125 22.0 
49
200 16.0 201 24.0 120 40.0 
50
218 52.0 223 8.0 
51
144 50.0 
52
107 58.0 
53
222 58.0 
54
128 15.0 207 5.0 208 15.0 123 5.0 
55
107 38.0 119 2.0 
56
145 22.0 
57
131 48.0 196 48.0 
58
131 46.0 196 46.0 
59
217 34.0 
60
210 42.0 
61
142 20.0 
62
108 46.0 114 6.0 
63
92 58.0 
64
142 38.0 
65
128 54.0 209 54.0 
66
93 52.0 
67
117 20.0 
68
90 36.0 
69
128 36.0 196 36.0 
70
203 30.0 123 30.0 
71
114 40.0 
72
130 50.0 195 50.0 
73
107 50.0 
74
210 44.0 
75
119 20.0 
76
212 32.0 
77
110 58.0 
78
207 26.0 127 26.0 
79
134 38.0 203 38.0 
80
128 42.0 209 42.0 
81
203 46.0 121 46.0 
82
103 44.0 
83
218 50.0 
84
90 52.0 92 6.0 
85
110 42.0 
86
144 54.0 
87
96 58.0 
88
144 42.0 
89
112 42.0 
90
207 22.0 127 22.0 
91
142 52.0 
92
212 54.0 217 6.0 
93
142 40.0 
94
117 32.0 
95
142 34.0 
96
207 20.0 127 20.0 
97
110 4.0 114 28.0 
98
96 22.0 
99
206 42.0 120 42.0 
100
142 22.0 
101
138 52.0 
102
101 22.0 103 10.0 
103
100 26.0 
104
109 30.0 
105
195 18.0 208 28.0 125 46.0 
106
218 42.0 
107
128 56.0 196 56.0 
108
212 52.0 
109
117 42.0 
110
219 32.0 
111
101 28.0 
112
203 44.0 123 44.0 
113
142 36.0 
114
224 38.0 
115
114 24.0 117 24.0 
116
107 4.0 117 54.0 
117
101 40.0 
118
145 48.0 
119
93 28.0 
120
210 40.0 
121
117 50.0 
122
119 36.0 
123
100 38.0 
124
210 42.0 
125
112 54.0 
126
208 58.0 125 58.0 
127
90 46.0 
128
217 28.0 
129
101 38.0 
130
132 42.0 201 42.0 
131
145 40.0 
132
214 42.0 
133
218 40.0 
134
103 30.0 
135
129 27.0 196 27.0 208 17.0 127 17.0 
136
210 44.0 
137
134 34.0 201 34.0 
138
101 22.0 
139
94 34.0 
140
102 26.0 
141
129 26.0 130 10.0 195 36.0 
142
128 34.0 196 34.0 
143
203 32.0 122 32.0 
144
138 56.0 
145
143 22.0 
146
117 46.0 
147
214 18.0 224 2.0 
148
134 40.0 203 40.0 
149
210 42.0 
150
210 48.0 
151
142 28.0 
152
212 20.0 223 16.0 
153
93 24.0 
154
212 52.0 
155
108 48.0 
156
108 56.0 
157
108 40.0 
158
219 22.0 
159
90 32.0 
160
138 36.0 143 24.0 
161
208 60.0 125 60.0 
162
114 38.0 
163
93 4.0 94 40.0 
164
219 26.0 
165
138 50.0 
166
219 34.0 
167
222 32.0 
168
112 48.0 
169
117 32.0 
170
142 24.0 
171
217 56.0 
172
145 24.0 
173
210 42.0 
174
142 40.0 
175
210 4.0 223 14.0 224 10.0 
176
142 52.0 
177
93 54.0 
178
90 48.0 
179
201 50.0 121 50.0 
180
203 36.0 122 36.0 
181
108 30.0 
182
112 42.0 
183
90 36.0 
184
212 30.0 
185
114 34.0 
186
130 40.0 195 40.0 
187
218 28.0 
188
138 56.0 
189
109 30.0 
190
92 32.0 
191
210 40.0 
192
203 36.0 121 36.0 
193
114 46.0 
194
109 44.0 
195
102 50.0 
196
114 54.0 
197
114 42.0 
198
145 38.0 
199
218 42.0 
