LP information:
0
96 10.0 
1
96 12.0 
2
216 6.0 
3
211 12.0 
4
215 26.0 
5
104 19.0 
6
109 24.0 
7
224 27.0 
8
144 6.0 145 19.0 
9
215 11.0 
10
129 9.0 209 9.0 
11
219 23.0 
12
110 16.0 
13
144 17.0 
14
98 29.0 
15
96 11.0 101 9.0 
16
119 15.0 
17
111 24.0 
18
204 22.0 124 22.0 
19
110 16.0 
20
108 11.0 
21
118 12.0 
22
139 12.0 
23
209 20.0 127 20.0 
24
204 21.0 124 21.0 
25
145 19.0 
26
221 22.0 
27
108 16.0 
28
108 14.0 
29
110 19.0 
30
204 25.0 121 25.0 
31
203 20.0 121 20.0 
32
145 25.0 
33
143 29.0 
34
223 22.0 
35
214 30.0 
36
116 14.0 
37
139 21.0 
38
128 18.0 129 10.0 209 28.0 
39
99 19.0 
40
133 21.0 198 11.0 203 10.0 
41
108 22.0 
42
221 12.0 
43
139 19.0 
44
119 28.0 
45
108 12.0 
46
95 27.0 
47
214 12.0 
48
209 12.0 126 12.0 
49
202 18.0 122 18.0 
50
211 32.0 
51
143 26.0 
52
112 29.0 
53
210 28.0 
54
204 8.0 122 6.0 124 2.0 
55
118 24.0 
56
145 8.0 
57
131 22.0 196 22.0 
58
130 19.0 196 19.0 
59
215 14.0 
60
216 19.0 
61
143 11.0 
62
112 25.0 
63
97 22.0 103 7.0 
64
145 19.0 
65
207 26.0 125 1.0 126 25.0 
66
91 23.0 
67
117 8.0 
68
92 16.0 
69
130 16.0 197 16.0 
70
134 15.0 204 15.0 
71
117 24.0 
72
132 14.0 197 24.0 126 10.0 
73
110 11.0 113 13.0 
74
215 24.0 
75
108 8.0 
76
218 14.0 
77
119 36.0 
78
196 14.0 127 14.0 
79
132 21.0 203 21.0 
80
197 11.0 209 8.0 127 19.0 
81
203 24.0 121 24.0 
82
90 20.0 
83
214 30.0 
84
92 12.0 93 16.0 
85
114 23.0 
86
137 9.0 139 22.0 
87
102 29.0 
88
145 20.0 
89
110 19.0 
90
131 13.0 196 13.0 
91
138 26.0 
92
219 28.0 
93
138 21.0 
94
115 20.0 
95
138 15.0 
96
209 11.0 127 11.0 
97
119 13.0 
98
99 1.0 100 5.0 
99
203 19.0 120 18.0 123 1.0 
100
143 12.0 
101
145 26.0 
102
93 16.0 
103
96 15.0 
104
109 14.0 
105
196 20.0 125 20.0 
106
218 23.0 
107
130 27.0 196 27.0 
108
212 13.0 218 11.0 
109
119 21.0 
110
219 17.0 
111
93 13.0 
112
203 23.0 123 23.0 
113
143 18.0 
114
210 17.0 
115
119 21.0 
116
112 30.0 
117
92 9.0 101 10.0 
118
138 19.0 
119
91 12.0 
120
218 22.0 
121
118 21.999999999999993 119 2.000000000000007 
122
108 21.0 
123
102 16.0 
124
220 19.0 
125
112 28.0 
126
204 32.0 122 32.0 
127
93 21.0 
128
218 15.0 
129
101 20.0 
130
131 23.0 196 23.0 
131
145 20.0 
132
221 18.0 
133
221 19.0 
134
99 13.0 
135
129 24.0 198 24.0 
136
224 21.0 
137
133 14.0 204 14.0 
138
102 12.0 
139
91 12.0 98 6.0 
140
100 13.0 
141
128 18.0 196 18.0 
142
209 13.0 125 13.0 
143
203 14.0 121 14.0 
144
139 30.0 
145
138 10.0 
146
116 20.0 
147
222 12.0 
148
204 19.0 121 7.0 122 12.0 
149
218 20.0 
150
210 24.0 
151
143 16.0 
152
213 16.0 
153
97 13.0 
154
216 25.0 
155
119 22.0 
156
119 26.0 
157
109 19.0 
158
219 8.0 
159
94 14.0 
160
139 31.0 
161
128 30.0 209 30.0 
162
110 21.0 
163
102 27.0 
164
220 12.0 
165
139 25.0 
166
212 2.999999999999986 216 14.000000000000014 
167
218 17.0 
168
109 25.0 
169
116 14.0 
170
139 9.0 
171
219 30.0 
172
138 11.0 
173
213 26.0 
174
139 22.0 
175
213 16.0 
176
143 24.0 
177
92 27.0 
178
90 14.0 96 10.0 
179
134 25.0 202 25.0 
180
204 16.0 122 16.0 
181
119 16.0 
182
112 20.0 
183
103 17.0 
184
210 5.000000000000028 211 7.999999999999972 
185
119 16.0 
186
129 22.0 209 22.0 
187
212 16.000000000000014 222 0.9999999999999858 
188
138 29.0 
189
119 15.0 
190
101 17.0 
191
214 20.0 
192
134 19.0 204 19.0 
193
116 28.0 
194
112 25.0 
195
99 26.0 
196
109 24.0 
197
108 18.0 
198
143 17.0 
199
211 24.0 

Final Solution:
0
93 3.0 102 7.0 
1
93 12.0 
2
220 6.0 
3
220 12.0 
4
220 26.0 
5
93 19.0 
6
108 21.0 109 2.0 112 1.0 
7
219 9.0 222 18.0 
8
137 14.0 144 11.0 
9
212 5.0 218 6.0 
10
129 8.0 130 1.0 197 9.0 
11
214 23.0 
12
105 12.0 108 4.0 
13
137 17.0 
14
93 10.0 97 8.0 99 11.0 
15
103 20.0 
16
117 13.0 118 2.0 
17
108 24.0 
18
203 0.9999999999999993 204 21.0 123 0.9999999999999993 124 21.0 
19
105 1.0 117 7.0 119 8.0 
20
119 11.0 
21
118 12.0 
22
137 12.0 
23
207 20.0 126 20.0 
24
204 3.0 207 18.0 124 3.0 127 18.0 
25
139 19.0 
26
219 22.0 
27
112 16.0 
28
112 14.0 
29
119 19.0 
30
202 25.0 121 25.0 
31
133 17.0 199 17.0 203 3.000000000000001 123 3.000000000000001 
32
137 25.0 
33
143 29.0 
34
214 22.0 
35
212 30.0 
36
119 14.0 
37
139 1.0 146 20.0 
38
129 28.0 198 2.0 209 26.0 
39
102 19.0 
40
134 21.0 201 21.0 
41
119 22.0 
42
222 12.0 
43
145 19.0 
44
116 28.0 
45
109 7.0 116 5.0 
46
93 27.0 
47
211 4.0 213 8.0 
48
207 12.0 126 12.0 
49
204 18.0 124 18.0 
50
218 32.0 
51
143 26.0 
52
116 29.0 
53
212 28.0 
54
204 8.0 124 8.0 
55
112 24.0 
56
144 8.0 
57
133 8.0 199 8.0 202 14.0 121 14.0 
58
130 6.0 132 13.0 201 19.0 
59
222 14.0 
60
213 19.0 
61
143 11.0 
62
110 25.0 
63
91 18.0 92 11.0 
64
145 19.0 
65
128 14.0 203 12.0 209 14.0 123 12.0 
66
92 18.0 93 5.0 
67
119 8.0 
68
91 16.0 
69
128 16.0 209 16.0 
70
203 15.0 123 15.0 
71
112 24.0 
72
209 24.0 127 24.0 
73
105 24.0 
74
222 24.0 
75
119 8.0 
76
214 14.0 
77
110 36.0 
78
130 14.0 196 14.0 
79
134 21.0 199 21.0 
80
128 19.0 196 19.0 
81
202 24.0 122 24.0 
82
99 20.0 
83
211 30.0 
84
93 23.0 98 5.0 
85
108 23.0 
86
139 31.0 
87
101 29.0 
88
139 2.0 145 18.0 
89
112 19.0 
90
130 13.0 196 13.0 
91
135 26.0 
92
214 28.0 
93
149 21.0 
94
117 20.0 
95
137 15.0 
96
130 5.0 196 11.0 127 6.0 
97
105 13.0 
98
98 6.0 
99
203 19.0 121 19.0 
100
135 8.0 143 4.0 
101
138 26.0 
102
101 16.0 
103
97 15.0 
104
117 14.0 
105
130 20.0 196 20.0 
106
213 23.0 
107
128 27.0 195 27.0 
108
222 24.0 
109
119 21.0 
110
212 17.0 
111
95 13.0 
112
202 23.0 121 23.0 
113
139 18.0 
114
218 17.0 
115
119 21.0 
116
109 30.0 
117
99 19.0 
118
139 19.0 
119
95 12.0 
120
212 2.0 217 20.0 
121
119 24.0 
122
118 21.0 
123
101 16.0 
124
219 19.0 
125
119 28.0 
126
204 32.0 124 32.0 
127
92 21.0 
128
220 15.0 
129
103 20.0 
130
132 15.0 134 8.0 197 15.0 199 4.0 201 4.0 
131
145 20.0 
132
214 18.0 
133
212 19.0 
134
98 13.0 
135
128 24.0 197 1.0 198 23.0 
136
211 21.0 
137
202 14.0 122 14.0 
138
97 9.0 103 3.0 
139
97 18.0 
140
101 13.0 
141
130 18.0 196 18.0 
142
130 13.0 195 13.0 
143
204 14.0 124 14.0 
144
144 30.0 
145
139 10.0 
146
116 20.0 
147
214 12.0 
148
203 19.0 123 19.0 
149
223 20.0 
150
220 24.0 
151
135 16.0 
152
223 16.0 
153
104 13.0 
154
214 25.0 
155
117 22.0 
156
110 26.0 
157
117 19.0 
158
216 8.0 
159
95 14.0 
160
143 30.0 149 1.0 
161
130 10.0 195 10.0 209 20.0 126 18.0 127 2.0 
162
112 21.0 
163
91 16.0 95 11.0 
164
211 12.0 
165
137 13.0 138 12.0 
166
220 17.0 
167
212 17.0 
168
117 25.0 
169
117 14.0 
170
138 9.0 
171
211 7.0 218 23.0 
172
145 11.0 
173
211 26.0 
174
149 22.0 
175
218 2.0 223 14.0 
176
138 24.0 
177
103 7.0 104 20.0 
178
102 24.0 
179
133 25.0 198 25.0 
180
203 12.0 204 4.0 122 12.0 124 4.0 
181
117 16.0 
182
17 14.0 112 6.0 129 14.0 156 14.0 
183
101 17.0 
184
212 13.0 
185
119 16.0 
186
132 22.0 197 22.0 
187
212 17.0 
188
138 29.0 
189
118 15.0 
190
104 17.0 
191
218 20.0 
192
203 19.0 121 19.0 
193
108 28.0 
194
112 25.0 
195
98 26.0 
196
109 11.0 110 13.0 
197
116 18.0 
198
137 4.0 145 13.0 
199
216 24.0 
