LP information:
0
93 11.0 
1
92 13.0 
2
216 7.0 
3
211 12.0 
4
211 30.0 
5
91 20.0 
6
112 22.0 116 2.0 
7
217 29.0 
8
145 19.0 
9
214 9.0 
10
129 12.0 197 12.0 
11
211 22.0 
12
112 20.0 
13
145 20.0 
14
98 20.0 103 6.0 
15
95 22.0 
16
117 16.0 
17
106 22.0 
18
204 20.0 121 20.0 
19
112 15.0 
20
112 10.0 
21
116 13.0 
22
146 12.0 
23
196 19.0 127 19.0 
24
195 23.0 124 3.0 126 20.0 
25
146 19.0 
26
212 15.0 221 9.0 
27
112 18.0 
28
106 17.0 
29
106 24.0 
30
204 26.0 123 26.0 
31
132 23.0 198 23.0 
32
145 27.0 
33
147 24.0 
34
214 23.0 
35
222 33.0 
36
116 10.0 
37
146 25.0 
38
197 27.0 127 27.0 
39
93 12.0 101 7.0 
40
132 19.0 197 19.0 
41
106 20.0 
42
221 14.0 
43
146 19.0 
44
112 25.0 
45
117 11.0 
46
95 27.0 
47
224 10.0 
48
196 15.0 125 15.0 
49
200 19.0 120 19.0 
50
218 35.0 
51
138 7.0 143 19.0 
52
110 29.0 
53
223 28.0 
54
204 10.0 124 10.0 
55
112 18.0 
56
145 14.0 
57
132 24.0 198 24.0 
58
131 22.0 196 22.0 
59
218 17.0 
60
211 18.0 
61
138 11.0 
62
106 25.0 
63
100 26.0 
64
146 22.0 
65
208 28.0 123 13.0 127 15.0 
66
90 25.0 
67
106 12.0 
68
96 17.0 
69
130 17.0 195 17.0 
70
204 15.0 124 15.0 
71
112 18.0 
72
196 26.0 127 26.0 
73
111 25.0 
74
217 19.0 
75
106 10.0 
76
212 19.0 
77
111 25.0 
78
130 15.0 196 15.0 
79
132 16.0 197 14.0 198 2.0 
80
197 18.0 127 18.0 
81
206 22.0 126 22.0 
82
102 19.0 
83
223 25.0 
84
90 13.0 94 12.0 
85
112 6.0 119 14.0 
86
145 29.0 
87
95 29.0 
88
138 19.0 
89
112 20.0 
90
196 13.0 127 13.0 
91
137 27.0 
92
222 26.0 
93
147 19.0 
94
106 15.0 
95
147 18.0 
96
128 10.0 198 10.0 
97
111 15.0 
98
92 14.0 
99
204 17.0 123 17.0 
100
138 10.0 
101
146 28.0 
102
101 19.0 
103
103 11.0 
104
109 14.0 
105
195 19.0 126 19.0 
106
216 24.0 
107
197 27.0 126 27.0 
108
217 26.0 
109
112 24.0 
110
216 16.0 
111
101 11.0 
112
133 20.0 198 20.0 
113
148 19.0 
114
217 20.0 
115
116 25.0 
116
117 29.0 
117
91 20.0 
118
146 23.0 
119
100 11.0 104 6.0 
120
218 18.0 
121
112 23.0 
122
106 19.0 
123
92 19.0 
124
223 19.0 
125
117 24.0 
126
128 27.0 208 27.0 
127
91 24.0 
128
216 17.0 
129
94 20.0 
130
131 18.0 196 9.0 199 9.0 
131
147 23.0 
132
223 19.0 
133
221 24.0 
134
99 16.0 
135
130 22.0 198 22.0 
136
211 6.0 217 14.0 
137
134 14.0 204 14.0 
138
103 11.0 
139
93 16.0 
140
96 12.0 
141
128 2.0 132 17.0 197 19.0 
142
196 19.0 125 19.0 
143
134 1.0 202 18.0 121 17.0 
144
138 29.0 
145
136 11.0 138 3.0 
146
106 20.0 
147
222 8.0 
148
202 20.0 122 20.0 
149
222 17.0 
150
214 23.0 
151
138 18.0 
152
222 19.0 
153
102 1.0 103 12.0 
154
216 22.0 
155
106 22.0 
156
106 29.0 
157
117 20.0 
158
217 9.0 
159
90 1.0 99 14.0 
160
141 22.0 148 7.0 
161
130 24.0 195 19.0 196 10.0 125 5.0 
162
112 21.0 
163
104 22.0 
164
224 12.0 
165
147 24.0 
166
222 17.0 
167
217 19.0 
168
112 9.0 117 15.0 
169
106 13.0 
170
149 14.0 
171
214 26.0 
172
149 13.0 
173
223 23.0 
174
143 19.0 
175
222 15.0 
176
143 17.0 148 9.0 
177
92 25.0 
178
91 24.0 99 2.0 
179
131 26.0 199 26.0 
180
134 17.0 200 11.0 204 6.0 
181
115 14.0 
182
106 22.0 
183
92 19.0 
184
222 12.0 
185
112 19.0 
186
129 20.0 198 20.0 
187
222 15.0 
188
138 29.0 
189
116 17.0 
190
103 16.0 
191
224 17.0 
192
204 18.0 120 18.0 
193
116 21.0 
194
106 22.0 
195
92 28.0 
196
112 27.0 
197
112 20.0 
198
147 13.0 149 3.0 
199
221 18.0 

Final Solution:
0
95 6.0 96 5.0 
1
92 13.0 
2
216 6.0 218 1.0 
3
223 12.0 
4
211 23.0 218 7.0 
5
90 19.0 98 1.0 
6
106 7.0 116 17.0 
7
212 29.0 
8
141 7.0 142 12.0 
9
214 2.0 216 1.0 217 6.0 
10
132 12.0 198 12.0 
11
217 22.0 
12
106 20.0 
13
138 20.0 
14
96 26.0 
15
98 22.0 
16
117 11.0 119 5.0 
17
106 22.0 
18
204 20.0 120 20.0 
19
117 15.0 
20
117 10.0 
21
117 13.0 
22
138 11.0 141 1.0 
23
195 10.0 196 9.0 125 19.0 
24
206 23.0 125 9.0 126 14.0 
25
143 19.0 
26
214 24.0 
27
112 18.0 
28
112 17.0 
29
112 24.0 
30
206 26.0 126 26.0 
31
132 23.0 197 23.0 
32
136 21.0 138 6.0 
33
146 24.0 
34
223 23.0 
35
223 33.0 
36
106 10.0 
37
149 25.0 
38
195 4.0 208 23.0 127 27.0 
39
95 19.0 
40
132 19.0 198 19.0 
41
106 20.0 
42
214 14.0 
43
138 19.0 
44
106 25.0 
45
117 11.0 
46
91 19.0 96 8.0 
47
216 10.0 
48
128 15.0 196 15.0 
49
206 19.0 120 19.0 
50
214 35.0 
51
143 26.0 
52
112 29.0 
53
223 28.0 
54
206 10.0 126 10.0 
55
112 1.0 117 17.0 
56
143 12.0 145 2.0 
57
131 18.0 202 24.0 121 6.0 
58
132 22.0 197 5.0 199 17.0 
59
217 17.0 
60
216 18.0 
61
142 11.0 
62
116 25.0 
63
91 4.0 92 22.0 
64
149 22.0 
65
204 28.0 124 28.0 
66
95 25.0 
67
106 12.0 
68
91 3.0 100 14.0 
69
128 17.0 208 17.0 
70
134 15.0 199 12.0 204 3.0 
71
112 18.0 
72
130 26.0 196 26.0 
73
112 25.0 
74
218 19.0 
75
106 10.0 
76
222 19.0 
77
117 25.0 
78
131 15.0 197 15.0 
79
133 16.0 199 16.0 
80
130 1.0 131 17.0 197 18.0 
81
206 22.0 125 22.0 
82
93 19.0 
83
212 25.0 
84
92 25.0 
85
111 20.0 
86
138 18.0 143 11.0 
87
100 29.0 
88
147 19.0 
89
111 20.0 
90
132 9.0 197 13.0 127 4.0 
91
148 27.0 
92
216 26.0 
93
141 19.0 
94
116 15.0 
95
141 18.0 
96
197 10.0 127 10.0 
97
112 15.0 
98
90 12.0 92 2.0 
99
204 17.0 120 9.0 123 8.0 
100
142 6.0 148 4.0 
101
138 28.0 
102
103 19.0 
103
103 11.0 
104
106 14.0 
105
128 18.0 208 19.0 127 1.0 
106
212 24.0 
107
132 27.0 197 27.0 
108
212 26.0 
109
106 24.0 
110
221 16.0 
111
96 11.0 
112
132 1.0 133 19.0 197 1.0 198 19.0 
113
148 19.0 
114
221 20.0 
115
106 25.0 
116
117 29.0 
117
98 20.0 
118
136 16.0 147 7.0 
119
104 17.0 
120
223 18.0 
121
106 23.0 
122
117 19.0 
123
99 19.0 
124
223 19.0 
125
117 24.0 
126
204 27.0 123 25.0 124 2.0 
127
91 24.0 
128
217 17.0 
129
101 5.0 103 4.0 104 11.0 
130
132 18.0 197 18.0 
131
145 23.0 
132
211 19.0 
133
211 24.0 
134
101 16.0 
135
208 22.0 127 22.0 
136
212 20.0 
137
133 14.0 200 14.0 
138
98 7.0 101 1.0 159 3.0 199 3.0 
139
93 4.0 99 12.0 
140
93 12.0 
141
132 19.0 197 19.0 
142
208 19.0 127 19.0 
143
204 18.0 121 18.0 
144
138 29.0 
145
143 14.0 
146
116 4.0 119 16.0 
147
214 8.0 
148
204 20.0 124 20.0 
149
221 17.0 
150
218 23.0 
151
143 18.0 
152
221 19.0 
153
92 13.0 
154
211 22.0 
155
112 22.0 
156
119 29.0 
157
117 20.0 
158
216 9.0 
159
93 15.0 
160
141 29.0 
161
130 23.0 195 29.0 127 6.0 
162
117 21.0 
163
104 22.0 
164
216 12.0 
165
147 24.0 
166
221 17.0 
167
222 19.0 
168
111 24.0 
169
117 13.0 
170
142 11.0 149 3.0 
171
212 26.0 
172
136 13.0 
173
217 23.0 
174
138 19.0 
175
223 15.0 
176
141 26.0 
177
92 25.0 
178
99 19.0 100 7.0 
179
202 26.0 121 26.0 
180
204 17.0 123 17.0 
181
106 14.0 
182
117 22.0 
183
90 19.0 
184
211 12.0 
185
116 19.0 
186
133 1.0 134 17.0 199 2.0 200 18.0 120 2.0 
187
217 15.0 
188
145 3.0 146 26.0 
189
106 17.0 
190
103 16.0 
191
214 17.0 
192
134 18.0 200 18.0 
193
111 21.0 
194
106 7.0 111 15.0 
195
101 28.0 
196
112 27.0 
197
116 20.0 
198
145 16.0 
199
216 18.0 
