LP information:
0
91 10.0 
1
91 14.0 
2
216 12.0 
3
219 11.0 
4
210 28.0 
5
97 22.0 
6
106 23.0 
7
219 28.0 
8
144 20.0 
9
221 13.0 
10
129 13.0 197 13.0 
11
210 25.0 
12
105 21.0 
13
138 23.0 
14
96 28.0 100 4.0 
15
90 3.0 95 6.0 102 11.0 
16
119 16.0 
17
106 21.0 
18
203 20.0 120 20.0 
19
107 13.0 
20
107 16.0 
21
119 14.0 
22
147 16.0 
23
195 13.0 206 5.0 126 18.0 
24
204 19.0 124 19.0 
25
138 20.0 
26
210 14.999999999999993 215 6.000000000000007 
27
114 17.0 
28
110 16.0 
29
119 22.0 
30
203 29.0 121 29.0 
31
132 22.0 197 22.0 
32
147 30.0 
33
147 28.0 
34
216 23.0 
35
214 32.0 
36
108 8.0 
37
147 26.0 
38
132 26.0 197 26.0 
39
95 16.0 
40
132 18.0 197 18.0 
41
106 24.0 
42
218 12.0 
43
147 16.0 
44
111 29.0 
45
119 12.0 
46
98 25.0 
47
215 13.0 
48
195 13.0 125 13.0 
49
204 21.0 121 21.0 
50
218 31.0 
51
147 26.0 
52
109 27.0 
53
221 33.0 
54
206 11.0 122 11.0 
55
112 20.0 
56
144 13.0 
57
131 24.0 197 24.0 
58
130 23.0 197 23.0 
59
216 17.0 
60
214 23.0 
61
148 8.0 
62
114 27.0 
63
99 32.0 
64
147 20.0 
65
203 25.0 123 25.0 
66
97 30.0 
67
106 11.0 
68
94 18.0 
69
131 18.0 197 18.0 
70
134 15.0 199 10.0 203 5.0 
71
108 20.0 
72
197 22.0 126 22.0 
73
112 27.0 
74
214 22.0 
75
106 15.0 
76
218 15.0 
77
115 26.0 
78
197 13.0 127 13.0 
79
203 19.0 121 19.0 
80
128 1.0 130 20.0 197 21.0 
81
204 22.0 121 22.0 
82
91 19.0 
83
215 25.0 
84
95 27.0 
85
107 18.0 
86
144 30.0 
87
93 30.0 
88
144 16.0 
89
109 23.0 
90
129 13.0 195 10.0 197 3.0 
91
148 26.0 
92
214 23.0 223 3.0 
93
147 21.0 
94
111 14.0 
95
147 16.0 
96
129 11.0 197 11.0 
97
119 16.0 
98
97 13.0 
99
203 19.0 121 19.0 
100
138 12.0 
101
147 30.0 
102
94 19.0 98 2.0 
103
97 15.0 
104
119 16.0 
105
130 24.0 195 24.0 
106
216 19.0 
107
132 13.0 197 30.0 126 17.0 
108
222 24.0 
109
115 21.0 
110
223 17.0 
111
95 12.0 
112
132 21.0 197 21.0 
113
138 21.0 
114
221 20.0 
115
115 26.0 
116
119 32.0 
117
97 21.0 
118
147 21.0 
119
91 16.0 
120
210 19.0 
121
105 26.0 
122
113 15.0 
123
97 7.0 98 11.0 
124
222 22.0 
125
111 30.0 
126
203 30.0 123 30.0 
127
103 25.0 
128
216 18.0 
129
90 2.0 104 17.0 
130
131 22.0 197 22.0 
131
147 23.0 
132
224 20.0 
133
210 19.0 
134
91 16.0 
135
128 12.0 197 20.0 127 8.0 
136
224 20.0 
137
133 19.0 199 9.0 204 10.0 
138
103 14.0 
139
90 1.0 97 15.0 
140
96 12.0 
141
128 17.0 197 17.0 
142
195 17.0 125 17.0 
143
134 17.0 199 17.0 204 1.0 121 1.0 
144
144 27.0 
145
138 10.0 
146
106 25.0 
147
210 13.0 
148
133 19.0 204 19.0 
149
217 21.0 
150
221 23.0 
151
137 7.0 138 8.0 
152
214 18.0 
153
91 11.0 
154
216 27.0 
155
112 23.0 
156
105 28.0 
157
114 20.0 
158
214 10.0 
159
99 16.0 
160
138 32.0 
161
195 29.0 126 29.0 
162
110 21.0 
163
95 24.0 
164
215 14.0 
165
147 25.0 
166
221 17.0 
167
224 15.0 
168
119 24.0 
169
115 18.0 
170
147 11.0 
171
214 29.0 
172
147 9.0 
173
210 18.0 
174
138 21.0 
175
222 15.0 
176
148 26.0 
177
100 25.0 
178
96 24.0 
179
132 23.0 197 18.0 199 5.0 
180
134 19.0 199 19.0 
181
115 16.0 
182
111 20.0 
183
92 21.0 
184
214 14.0 
185
119 19.0 
186
130 18.0 197 18.0 
187
217 14.0 
188
147 24.0 
189
108 16.0 
190
99 3.0 100 10.0 104 2.0 
191
215 16.999999999999993 219 1.000000000000007 
192
204 19.0 120 19.0 
193
111 24.0 
194
112 22.0 
195
90 24.0 
196
108 13.999999999999993 109 10.000000000000007 
197
114 22.0 
198
147 18.0 
199
219 20.0 

Final Solution:
0
93 10.0 
1
95 14.0 
2
218 12.0 
3
220 11.0 
4
223 28.0 
5
95 11.0 97 11.0 
6
112 23.0 
7
224 28.0 
8
138 20.0 
9
217 13.0 
10
129 5.0 130 3.0 132 5.0 199 13.0 
11
216 20.0 220 5.0 
12
111 21.0 
13
144 23.0 
14
97 5.0 99 27.0 
15
98 20.0 
16
110 16.0 
17
108 21.0 
18
203 20.0 122 20.0 
19
108 13.0 
20
106 16.0 
21
105 14.0 
22
138 16.0 
23
130 18.0 195 18.0 
24
129 19.0 195 19.0 
25
138 20.0 
26
221 21.0 
27
107 17.0 
28
111 16.0 
29
110 1.0 113 21.0 
30
203 29.0 123 29.0 
31
134 22.0 199 22.0 
32
148 30.0 
33
148 28.0 
34
216 23.0 
35
221 18.0 223 14.0 
36
113 5.0 119 3.0 
37
148 26.0 
38
128 26.0 197 26.0 
39
94 15.0 98 1.0 
40
132 13.0 134 5.0 197 13.0 199 5.0 
41
119 24.0 
42
215 7.0 217 5.0 
43
147 16.0 
44
119 29.0 
45
106 12.0 
46
91 12.0 98 13.0 
47
216 13.0 
48
129 13.0 195 13.0 
49
203 21.0 123 21.0 
50
214 31.0 
51
147 26.0 
52
110 21.0 112 6.0 
53
220 33.0 
54
203 11.0 122 11.0 
55
105 12.0 106 8.0 
56
144 13.0 
57
132 24.0 197 24.0 
58
133 23.0 199 23.0 
59
221 17.0 
60
214 23.0 
61
138 8.0 
62
114 27.0 
63
97 32.0 
64
148 20.0 
65
203 25.0 123 25.0 
66
94 14.0 99 16.0 
67
106 11.0 
68
98 18.0 
69
128 9.0 197 9.0 206 9.0 126 9.0 
70
203 15.0 122 15.0 
71
108 1.0 113 19.0 
72
195 19.0 206 3.0 126 22.0 
73
115 27.0 
74
217 14.0 224 8.0 
75
107 15.0 
76
224 15.0 
77
119 26.0 
78
130 13.0 197 13.0 
79
133 19.0 203 19.0 
80
132 21.0 197 21.0 
81
203 22.0 122 22.0 
82
91 19.0 
83
218 25.0 
84
97 27.0 
85
106 18.0 
86
138 30.0 
87
99 30.0 
88
147 16.0 
89
115 23.0 
90
129 13.0 197 13.0 
91
138 26.0 
92
221 26.0 
93
138 21.0 
94
113 14.0 
95
138 16.0 
96
132 11.0 197 11.0 
97
113 16.0 
98
91 13.0 
99
206 19.0 123 19.0 
100
138 12.0 
101
138 2.0 147 28.0 
102
94 21.0 
103
99 15.0 
104
105 16.0 
105
128 15.0 130 9.0 195 24.0 
106
218 19.0 
107
206 30.0 126 30.0 
108
210 17.0 214 7.0 
109
111 21.0 
110
215 17.0 
111
99 12.0 
112
203 21.0 123 21.0 
113
148 21.0 
114
223 20.0 
115
114 26.0 
116
112 32.0 
117
103 21.0 
118
147 21.0 
119
103 16.0 
120
215 19.0 
121
111 26.0 
122
107 15.0 
123
98 18.0 
124
223 6.0 224 16.0 
125
105 30.0 
126
203 30.0 122 30.0 
127
97 25.0 
128
220 18.0 
129
93 19.0 
130
133 22.0 199 22.0 
131
144 23.0 
132
210 20.0 
133
218 19.0 
134
91 16.0 
135
132 20.0 197 20.0 
136
216 20.0 
137
134 19.0 199 19.0 
138
98 14.0 
139
91 16.0 
140
103 12.0 
141
133 17.0 199 17.0 
142
206 17.0 126 17.0 
143
203 18.0 123 18.0 
144
138 27.0 
145
138 10.0 
146
106 25.0 
147
214 13.0 
148
133 19.0 199 19.0 
149
220 21.0 
150
218 23.0 
151
138 15.0 
152
224 18.0 
153
93 11.0 
154
214 26.0 221 1.0 
155
112 23.0 
156
105 28.0 
157
113 20.0 
158
220 10.0 
159
98 16.0 
160
138 4.0 148 28.0 
161
130 7.0 195 7.0 206 22.0 126 22.0 
162
111 16.0 113 5.0 
163
102 24.0 
164
215 14.0 
165
147 25.0 
166
221 17.0 
167
224 15.0 
168
106 10.0 107 3.0 108 11.0 
169
119 18.0 
170
138 11.0 
171
215 29.0 
172
144 9.0 
173
223 18.0 
174
148 21.0 
175
210 13.0 220 2.0 
176
148 26.0 
177
102 25.0 
178
91 24.0 
179
132 6.0 134 17.0 199 23.0 
180
134 19.0 199 19.0 
181
108 16.0 
182
114 20.0 
183
95 21.0 
184
223 14.0 
185
110 16.0 114 3.0 
186
134 18.0 199 18.0 
187
215 14.0 
188
144 24.0 
189
108 16.0 
190
102 15.0 
191
216 18.0 
192
203 19.0 122 2.0 123 17.0 
193
114 24.0 
194
108 22.0 
195
102 24.0 
196
110 24.0 
197
110 22.0 
198
147 18.0 
199
217 18.0 218 2.0 
