LP information:
0
97 12.0 
1
98 13.0 
2
223 12.0 
3
219 9.0 
4
211 4.000000000000014 224 19.999999999999986 
5
99 17.0 
6
115 21.0 
7
223 28.0 
8
143 20.0 
9
221 13.0 
10
132 11.0 198 11.0 
11
211 17.0 
12
115 18.0 
13
145 18.0 
14
100 10.0 103 21.0 
15
98 22.0 
16
109 18.0 
17
108 22.0 
18
200 18.0 120 18.0 
19
107 3.0 108 7.0 118 4.0 
20
107 14.0 
21
108 16.0 
22
139 1.0 141 11.0 
23
129 17.0 195 17.0 
24
208 20.0 127 20.0 
25
143 17.0 
26
213 22.0 
27
108 18.0 
28
109 14.0 
29
107 23.0 
30
206 25.0 122 6.0 123 19.0 
31
133 21.0 198 21.0 
32
149 26.0 
33
148 26.0 
34
223 21.0 
35
211 31.0 
36
108 14.0 
37
148 23.0 
38
129 30.0 209 30.0 
39
100 19.0 
40
132 19.0 200 19.0 
41
113 23.0 
42
224 10.0 
43
146 14.0 
44
113 26.0 
45
118 15.0 
46
96 25.0 
47
215 11.0 
48
208 9.0 125 9.0 
49
203 21.0 120 21.0 
50
221 28.0 
51
137 28.0 
52
107 31.0 
53
223 28.0 
54
208 9.0 126 9.0 
55
118 18.0 
56
141 12.0 
57
131 23.0 200 23.0 
58
130 5.0 132 2.0 134 18.0 195 2.0 198 5.0 200 18.0 
59
216 17.0 
60
223 20.0 
61
149 11.0 
62
114 25.0 
63
92 12.0 97 18.0 
64
141 19.0 
65
205 29.0 123 14.0 125 15.0 
66
90 23.0 
67
118 12.0 
68
90 18.0 
69
206 17.0 126 17.0 
70
134 14.0 203 14.0 
71
113 22.0 
72
197 27.0 126 27.0 
73
113 25.0 
74
224 23.0 
75
108 10.0 
76
219 17.0 
77
113 31.0 
78
129 14.0 209 14.0 
79
132 20.0 198 20.0 
80
196 22.0 127 22.0 
81
200 20.0 205 2.0 120 22.0 
82
99 22.0 
83
217 28.0 
84
92 32.0 
85
105 5.000000000000014 109 14.999999999999986 
86
140 30.0 
87
96 26.0 
88
148 19.0 
89
112 25.0 
90
131 10.0 198 10.0 
91
149 24.0 
92
215 31.0 
93
149 20.0 
94
115 17.0 
95
149 17.0 
96
198 9.0 127 9.0 
97
111 18.0 
98
99 10.0 
99
200 21.0 120 21.0 
100
148 11.0 
101
137 25.0 
102
98 12.0 
103
91 14.0 
104
106 12.0 
105
207 21.0 125 21.0 
106
217 6.0 223 19.0 
107
128 1.0 207 20.0 208 11.0 126 30.0 
108
218 28.0 
109
113 19.0 
110
223 16.0 
111
97 16.0 
112
132 20.0 198 9.0 203 11.0 
113
149 22.0 
114
223 18.0 
115
108 29.0 
116
118 31.0 
117
97 15.0 
118
149 24.0 
119
95 16.0 
120
218 1.9999999999999858 224 19.000000000000014 
121
114 19.0 
122
118 19.0 
123
92 19.0 
124
219 22.0 
125
118 30.0 
126
207 28.0 127 28.0 
127
98 23.0 
128
218 13.0 
129
93 18.0 
130
131 14.0 133 8.0 198 22.0 
131
148 19.0 
132
216 20.0 
133
211 20.0 
134
92 16.0 
135
128 24.0 209 24.0 
136
215 22.0 
137
133 18.0 200 18.0 
138
103 12.0 
139
96 13.0 
140
97 11.0 
141
128 12.0 130 3.0 198 12.0 208 3.0 
142
196 18.0 125 18.0 
143
134 18.0 199 18.0 
144
144 25.0 
145
149 11.0 
146
116 25.0 
147
223 9.0 
148
133 23.0 198 23.0 
149
218 21.0 
150
219 23.0 
151
149 13.0 
152
221 16.0 
153
96 2.0 102 6.0 
154
223 23.0 
155
105 22.0 
156
114 32.0 
157
114 16.0 
158
217 12.0 
159
99 19.0 
160
148 29.0 
161
129 28.0 195 6.0 196 1.0 209 21.0 
162
115 19.0 
163
90 22.0 
164
215 14.0 
165
145 23.0 146 4.0 
166
216 15.0 
167
213 15.0 
168
108 23.0 
169
113 14.0 
170
148 11.0 
171
217 25.0 
172
148 10.0 
173
219 21.0 
174
142 15.0 
175
223 11.0 
176
149 24.0 
177
100 29.0 
178
96 21.0 
179
131 29.0 200 29.0 
180
134 18.0 200 18.0 
181
115 15.0 
182
118 25.0 
183
93 19.0 
184
224 20.0 
185
113 17.0 
186
130 8.0 131 11.0 198 19.0 
187
221 17.0 
188
148 31.0 
189
118 15.0 
190
100 17.0 
191
215 18.0 
192
200 18.0 120 18.0 
193
108 23.0 
194
108 21.0 
195
100 25.0 
196
113 28.0 
197
115 19.0 
198
146 9.0 149 10.0 
199
214 21.0 

Final Solution:
0
103 12.0 
1
92 13.0 
2
216 12.0 
3
210 9.0 
4
224 24.0 
5
95 13.0 98 4.0 
6
107 4.0 113 17.0 
7
221 10.0 223 18.0 
8
143 20.0 
9
211 9.0 213 4.0 
10
129 1.0 130 1.0 134 9.0 196 1.0 200 9.0 209 1.0 
11
224 17.0 
12
106 1.0 109 10.0 113 7.0 
13
141 18.0 
14
95 31.0 
15
90 22.0 
16
118 18.0 
17
113 22.0 
18
206 18.0 120 18.0 
19
109 14.0 
20
78 13.0 107 1.0 150 13.0 
21
107 16.0 
22
137 12.0 
23
207 17.0 125 17.0 
24
128 5.0 206 15.0 208 5.0 126 15.0 
25
130 2.0 143 15.0 156 2.0 166 2.0 
26
217 22.0 
27
108 18.0 
28
115 14.0 
29
108 23.0 
30
40 5.0 205 20.0 78 5.0 122 20.0 
31
133 21.0 200 21.0 
32
138 26.0 
33
140 1.0 145 25.0 
34
214 21.0 
35
219 31.0 
36
113 7.0 118 7.0 
37
140 6.0 141 17.0 
38
207 30.0 127 30.0 
39
100 19.0 
40
133 19.0 198 19.0 
41
107 23.0 
42
218 10.0 
43
149 14.0 
44
114 26.0 
45
115 15.0 
46
92 15.0 103 10.0 
47
213 11.0 
48
129 9.0 209 9.0 
49
206 21.0 123 7.0 126 14.0 
50
219 28.0 
51
145 28.0 
52
109 31.0 
53
223 28.0 
54
205 6.0 207 3.0 122 9.0 
55
115 18.0 
56
141 12.0 
57
133 23.0 198 23.0 
58
130 25.0 195 19.0 200 6.0 
59
217 17.0 
60
224 20.0 
61
141 11.0 
62
114 25.0 
63
98 30.0 
64
148 19.0 
65
128 29.0 209 29.0 
66
98 23.0 
67
118 12.0 
68
98 16.0 99 2.0 
69
130 17.0 196 17.0 
70
200 14.0 120 14.0 
71
114 22.0 
72
130 7.0 196 7.0 208 20.0 127 20.0 
73
107 25.0 
74
210 23.0 
75
107 10.0 
76
210 2.0 213 2.0 214 13.0 
77
115 31.0 
78
129 14.0 209 14.0 
79
133 16.0 198 16.0 203 4.0 123 4.0 
80
130 22.0 195 22.0 
81
206 22.0 125 22.0 
82
92 22.0 
83
211 28.0 
84
91 32.0 
85
109 20.0 
86
144 30.0 
87
102 26.0 
88
145 19.0 
89
113 25.0 
90
130 10.0 196 4.0 198 6.0 
91
140 21.0 148 3.0 
92
223 31.0 
93
141 20.0 
94
114 17.0 
95
148 17.0 
96
130 9.0 195 9.0 
97
108 18.0 
98
95 10.0 
99
203 19.0 205 2.0 123 21.0 
100
148 11.0 
101
137 25.0 
102
99 12.0 
103
100 14.0 
104
109 12.0 
105
206 21.0 126 21.0 
106
211 19.0 216 6.0 
107
130 31.0 196 31.0 
108
211 28.0 
109
115 19.0 
110
214 16.0 
111
95 16.0 
112
200 20.0 120 20.0 
113
141 22.0 
114
221 18.0 
115
113 29.0 
116
109 31.0 
117
90 8.0 100 7.0 
118
148 24.0 
119
95 16.0 
120
218 21.0 
121
113 19.0 
122
108 19.0 
123
99 19.0 
124
221 22.0 
125
113 30.0 
126
128 16.0 205 4.0 208 24.0 122 3.0 125 9.0 
127
95 23.0 
128
217 13.0 
129
91 18.0 
130
133 21.0 198 21.0 200 1.0 120 1.0 
131
145 19.0 
132
217 20.0 
133
219 20.0 
134
98 16.0 
135
129 24.0 196 24.0 
136
219 22.0 
137
203 18.0 120 18.0 
138
100 12.0 
139
90 13.0 
140
98 11.0 
141
129 5.0 130 10.0 198 15.0 
142
130 16.0 196 16.0 206 2.0 125 2.0 
143
203 18.0 122 18.0 
144
149 25.0 
145
140 11.0 
146
106 17.0 115 8.0 
147
216 9.0 
148
134 23.0 203 23.0 
149
211 16.0 219 5.0 
150
216 23.0 
151
137 5.0 149 8.0 
152
210 16.0 
153
90 5.0 103 3.0 
154
210 23.0 
155
108 22.0 
156
106 32.0 
157
113 16.0 
158
213 12.0 
159
100 19.0 
160
149 29.0 
161
129 28.0 209 28.0 
162
118 19.0 
163
95 22.0 
164
210 14.0 
165
138 1.0 148 26.0 
166
219 15.0 
167
224 15.0 
168
109 23.0 
169
118 14.0 
170
140 11.0 
171
217 25.0 
172
144 1.0 145 9.0 
173
223 21.0 
174
143 15.0 
175
219 11.0 
176
149 24.0 
177
100 29.0 
178
102 21.0 
179
200 29.0 120 29.0 
180
205 18.0 123 18.0 
181
118 15.0 
182
113 25.0 
183
95 19.0 
184
224 20.0 
185
115 17.0 
186
129 19.0 209 19.0 
187
218 17.0 
188
137 8.0 138 23.0 
189
118 15.0 
190
99 17.0 
191
219 18.0 
192
134 18.0 203 18.0 
193
113 23.0 
194
107 21.0 
195
103 25.0 
196
115 28.0 
197
109 9.0 114 10.0 
198
144 19.0 
199
213 21.0 
