LP information:
0
95 17.0 
1
93 11.0 
2
212 10.0 
3
223 9.0 
4
218 26.0 
5
98 17.0 104 5.0 
6
114 23.0 
7
224 25.0 
8
144 17.0 
9
219 13.0 
10
130 8.0 200 8.0 
11
219 20.0 
12
108 20.0 
13
144 21.0 
14
94 32.0 
15
95 8.5 101 12.5 
16
114 19.0 
17
106 22.0 
18
206 19.0 122 19.0 
19
109 13.0 
20
107 13.0 
21
109 13.0 
22
141 12.0 
23
195 21.0 127 21.0 
24
195 20.0 124 20.0 
25
144 20.0 
26
211 25.0 218 1.0 
27
108 16.0 
28
113 16.0 
29
109 21.0 
30
207 25.0 123 25.0 
31
132 20.0 202 20.0 
32
138 16.0 140 12.0 
33
141 24.0 
34
213 14.0 223 6.0 
35
224 27.0 
36
106 13.0 
37
144 20.0 149 4.0 
38
128 16.0 195 26.0 127 10.0 
39
98 19.0 
40
134 17.0 202 3.0 203 14.0 
41
114 23.0 
42
216 13.0 
43
136 13.0 
44
114 29.0 
45
117 13.0 
46
91 24.0 
47
224 11.0 
48
128 11.0 195 11.0 
49
200 20.0 120 20.0 
50
224 32.0 
51
144 26.0 
52
115 32.0 
53
224 27.0 
54
202 8.0 122 8.0 
55
116 23.0 
56
144 13.0 
57
133 22.0 202 22.0 
58
130 16.0 132 10.0 201 26.0 
59
223 20.0 
60
216 20.0 
61
149 12.0 
62
114 23.0 
63
92 28.0 
64
136 3.0 144 15.0 
65
204 10.5 207 16.5 124 10.5 126 16.5 
66
92 21.5 95 6.5 
67
114 13.0 
68
93 16.0 
69
195 16.0 126 9.5 127 6.5 
70
134 13.0 201 13.0 
71
114 16.0 
72
195 24.0 127 24.0 
73
108 24.0 
74
224 22.0 
75
109 7.0 
76
219 16.0 
77
115 29.0 
78
130 10.0 195 10.0 
79
134 21.0 200 21.0 
80
128 15.0 195 15.0 207 7.0 127 7.0 
81
206 23.0 121 23.0 
82
90 17.0 100 2.0 
83
224 24.0 
84
91 29.0 
85
114 23.0 
86
144 27.0 
87
97 27.0 
88
139 4.0 144 18.0 
89
113 19.0 
90
195 15.0 127 15.0 
91
135 26.0 
92
216 28.0 
93
136 22.0 
94
119 16.0 
95
138 16.0 
96
195 8.0 127 8.0 
97
119 12.0 
98
90 10.0 
99
206 23.0 124 23.0 
100
137 10.0 
101
140 24.0 
102
93 14.0 
103
101 10.5 103 3.5 
104
114 15.0 
105
195 23.0 127 23.0 
106
212 19.0 
107
195 27.0 126 27.0 
108
224 28.0 
109
114 22.0 
110
220 15.0 
111
92 11.0 
112
132 20.0 202 20.0 
113
136 17.0 
114
216 16.0 
115
105 22.0 
116
117 32.0 
117
92 22.0 
118
144 21.0 
119
100 15.0 
120
218 24.0 
121
106 21.0 115 6.0 
122
106 19.0 
123
102 21.0 
124
210 23.0 
125
114 22.0 
126
206 29.0 125 29.0 
127
97 23.0 
128
224 10.0 
129
90 17.0 
130
131 21.0 200 21.0 
131
141 22.0 
132
216 20.0 
133
219 20.0 
134
93 16.0 
135
129 14.0 130 11.0 195 25.0 
136
218 20.0 
137
133 18.0 203 18.0 
138
100 11.0 
139
92 16.0 
140
95 13.0 
141
128 15.0 195 15.0 
142
195 16.0 127 16.0 
143
205 18.0 122 14.0 125 4.0 
144
144 27.0 
145
144 8.0 
146
116 20.0 
147
210 11.0 
148
133 20.0 201 20.0 
149
224 21.0 
150
210 23.0 
151
137 18.0 
152
210 19.0 
153
96 12.0 
154
214 30.0 
155
106 22.0 
156
114 26.0 
157
109 19.0 
158
218 11.0 
159
90 18.0 
160
149 30.0 
161
195 29.0 125 29.0 
162
114 18.0 
163
102 20.0 
164
224 12.0 
165
144 26.0 
166
210 19.0 
167
222 15.0 
168
109 3.0 117 22.0 
169
115 15.0 
170
139 14.0 
171
217 28.0 
172
144 13.0 
173
224 18.0 
174
137 23.0 
175
212 15.0 
176
149 25.0 
177
92 14.0 100 13.0 
178
96 23.0 
179
131 14.0 134 13.0 200 27.0 
180
134 16.0 202 16.0 
181
108 15.0 
182
115 5.999999999999998 118 14.000000000000002 
183
92 18.0 
184
224 13.0 
185
119 19.0 
186
129 18.0 195 18.0 
187
214 16.0 
188
144 29.0 
189
115 15.0 
190
103 11.0 
191
218 20.0 
192
201 21.0 120 21.0 
193
107 22.0 
194
109 22.0 
195
98 24.0 
196
108 27.0 
197
109 22.0 
198
144 18.0 
199
219 21.0 

Final Solution:
0
96 17.0 
1
91 11.0 
2
217 10.0 
3
220 9.0 
4
210 26.0 
5
95 22.0 
6
114 9.0 115 6.0 116 8.0 
7
211 22.0 223 3.0 
8
140 11.0 144 6.0 
9
211 8.0 212 5.0 
10
131 8.0 200 8.0 
11
212 20.0 
12
113 20.0 
13
144 21.0 
14
100 32.0 
15
101 21.0 
16
113 12.0 119 7.0 
17
108 22.0 
18
206 19.0 124 19.0 
19
106 13.0 
20
111 13.0 
21
116 13.0 
22
135 10.0 149 2.0 
23
131 7.0 196 21.0 125 8.0 127 6.0 
24
130 8.0 195 8.0 207 12.0 127 12.0 
25
139 20.0 
26
214 23.0 218 3.0 
27
111 16.0 
28
114 16.0 
29
106 21.0 
30
203 2.0 206 23.0 122 2.0 125 23.0 
31
134 20.0 202 20.0 
32
135 14.0 139 14.0 
33
139 20.0 144 4.0 
34
216 20.0 
35
224 27.0 
36
114 13.0 
37
139 24.0 
38
130 26.0 195 26.0 
39
96 1.0 97 18.0 
40
132 17.0 200 17.0 
41
113 23.0 
42
224 13.0 
43
145 13.0 
44
116 29.0 
45
108 13.0 
46
94 24.0 
47
210 11.0 
48
129 11.0 195 11.0 
49
202 19.0 205 1.0 120 19.0 125 1.0 
50
210 32.0 
51
135 26.0 
52
106 32.0 
53
214 27.0 
54
205 8.0 124 8.0 
55
115 23.0 
56
145 13.0 
57
132 22.0 202 22.0 
58
130 7.0 131 19.0 200 26.0 
59
223 20.0 
60
218 20.0 
61
137 12.0 
62
25 7.0 106 1.0 108 15.0 125 7.0 151 7.0 
63
90 28.0 
64
145 18.0 
65
206 27.0 126 27.0 
66
90 28.0 
67
117 13.0 
68
95 16.0 
69
195 16.0 127 16.0 
70
202 13.0 122 13.0 
71
117 16.0 
72
129 24.0 195 24.0 
73
113 24.0 
74
223 22.0 
75
107 7.0 
76
218 16.0 
77
117 29.0 
78
132 10.0 197 10.0 
79
201 15.0 202 6.0 121 15.0 122 6.0 
80
129 17.0 196 17.0 207 5.0 127 5.0 
81
200 11.0 206 12.0 120 11.0 125 12.0 
82
94 19.0 
83
212 24.0 
84
90 29.0 
85
109 3.0 113 20.0 
86
138 4.0 145 23.0 
87
97 27.0 
88
139 22.0 
89
109 19.0 
90
129 6.0 130 9.0 195 15.0 
91
137 26.0 
92
216 28.0 
93
137 22.0 
94
114 16.0 
95
138 16.0 
96
132 1.0 197 8.0 127 7.0 
97
109 12.0 
98
95 10.0 
99
203 19.0 205 4.0 121 19.0 124 4.0 
100
138 10.0 
101
140 24.0 
102
94 12.0 95 2.0 
103
96 14.0 
104
109 15.0 
105
206 19.0 207 4.0 126 23.0 
106
217 8.0 223 11.0 
107
129 27.0 196 27.0 
108
212 28.0 
109
106 22.0 
110
223 15.0 
111
96 11.0 
112
203 20.0 122 20.0 
113
140 17.0 
114
216 16.0 
115
107 22.0 
116
106 11.0 111 21.0 
117
90 15.0 101 7.0 
118
137 19.0 145 2.0 
119
94 15.0 
120
211 20.0 218 4.0 
121
114 27.0 
122
113 1.0 117 18.0 
123
94 21.0 
124
212 23.0 
125
115 22.0 
126
205 29.0 125 29.0 
127
91 22.0 96 1.0 
128
223 10.0 
129
91 17.0 
130
131 21.0 201 1.0 202 20.0 
131
144 22.0 
132
210 20.0 
133
213 20.0 
134
92 16.0 
135
196 25.0 127 25.0 
136
217 20.0 
137
201 18.0 120 18.0 
138
100 7.0 101 4.0 
139
97 5.0 100 11.0 
140
96 6.0 102 7.0 
141
129 15.0 196 10.0 197 5.0 
142
205 16.0 125 16.0 
143
205 18.0 124 18.0 
144
144 27.0 
145
137 8.0 
146
108 20.0 
147
216 11.0 
148
134 18.0 200 20.0 120 2.0 
149
221 21.0 
150
218 23.0 
151
149 18.0 
152
224 19.0 
153
92 3.0 94 9.0 
154
213 30.0 
155
118 22.0 
156
105 26.0 
157
114 19.0 
158
210 11.0 
159
92 18.0 
160
149 30.0 
161
207 29.0 127 29.0 
162
118 18.0 
163
102 20.0 
164
217 12.0 
165
138 26.0 
166
223 19.0 
167
221 15.0 
168
119 25.0 
169
108 15.0 
170
138 14.0 
171
224 28.0 
172
137 13.0 
173
218 18.0 
174
140 23.0 
175
224 15.0 
176
140 25.0 
177
92 27.0 
178
102 23.0 
179
131 27.0 197 27.0 
180
201 16.0 121 16.0 
181
117 15.0 
182
105 2.0 119 18.0 
183
92 18.0 
184
224 13.0 
185
117 9.0 118 10.0 
186
131 18.0 200 18.0 
187
218 16.0 
188
145 29.0 
189
108 15.0 
190
101 11.0 
191
220 20.0 
192
134 12.0 205 21.0 122 9.0 
193
115 22.0 
194
105 22.0 
195
92 18.0 101 6.0 
196
115 27.0 
197
107 21.0 109 1.0 
198
144 18.0 
199
220 21.0 
