LP information:
0
92 36.0 
1
92 39.0 
2
212 33.0 
3
219 33.0 
4
210 81.0 
5
92 39.0 104 21.0 
6
109 69.0 
7
219 84.0 
8
144 63.0 
9
213 33.0 
10
129 33.0 209 33.0 
11
216 63.0 
12
115 54.0 
13
141 54.0 
14
100 90.0 
15
104 57.0 
16
109 51.0 
17
113 69.0 
18
205 63.0 125 63.0 
19
118 42.0 
20
117 39.0 
21
115 39.0 
22
135 39.0 
23
195 42.00000000000003 206 5.9999999999999885 207 11.999999999999982 126 60.0 
24
207 63.0 127 63.0 
25
139 60.0 
26
216 69.0 
27
113 54.0 
28
107 21.0 115 24.0 
29
119 63.0 
30
207 72.0 122 72.0 
31
203 63.0 120 63.0 
32
137 84.0 
33
143 81.0 
34
223 69.0 
35
212 57.0 214 33.0 
36
113 33.0 
37
143 72.0 
38
129 84.0 209 84.0 
39
103 57.0 
40
132 57.0 203 57.0 
41
119 69.0 
42
216 39.0 
43
137 48.0 
44
119 87.0 
45
109 36.0 
46
90 15.0 91 36.0 103 24.0 
47
216 24.0 219 6.0 
48
205 33.0 125 33.0 
49
205 60.0 122 60.0 
50
223 90.0 
51
144 75.0 
52
115 87.0 
53
219 87.0 
54
205 30.0 124 30.0 
55
117 60.0 
56
137 33.0 
57
131 60.0 199 9.0 200 63.0 120 12.0 
58
130 69.0 195 69.0 
59
223 51.0 
60
212 63.0 
61
142 30.0 
62
113 78.0 
63
90 26.999999999999993 97 21.000000000000007 102 39.0 
64
136 33.00000000000003 143 23.99999999999997 
65
209 81.0 123 81.0 
66
99 78.0 
67
115 30.0 
68
90 54.0 
69
207 54.0 127 54.0 
70
134 24.0 199 12.0 205 33.0 125 21.0 
71
109 60.0 
72
207 75.0 127 75.0 
73
109 75.0 
74
210 66.0 
75
117 30.0 
76
214 48.0 
77
119 87.0 
78
128 6.0 130 33.0 195 39.0 
79
134 57.0 203 57.0 
80
207 63.0 127 63.0 
81
205 69.0 125 69.0 
82
99 66.0 
83
218 75.0 
84
90 87.0 
85
119 63.0 
86
139 81.0 
87
100 48.0 102 39.0 
88
141 63.0 
89
114 63.0 
90
208 33.0 127 33.0 
91
143 78.0 
92
219 90.0 
93
137 60.0 
94
106 48.0 
95
139 51.0 
96
129 30.0 195 30.0 
97
109 18.0 114 30.0 
98
91 33.0 
99
203 63.0 120 63.0 
100
137 33.0 
101
139 78.0 
102
94 48.0 
103
90 39.0 
104
107 45.0 
105
207 42.00000000000004 208 26.999999999999957 126 69.0 
106
218 63.0 
107
207 84.0 127 84.0 
108
213 78.0 
109
113 12.0 118 51.0 
110
212 48.0 
111
94 42.0 
112
133 66.0 203 66.0 
113
142 54.0 
114
212 57.0 
115
118 72.0 
116
117 87.0 
117
91 60.0 
118
139 72.0 
119
92 42.0 
120
224 60.0 
121
116 60.00000000000006 119 14.999999999999943 
122
115 54.0 
123
92 36.0 101 21.0 
124
223 63.0 
125
113 81.0 
126
128 75.0 203 12.0 208 75.0 122 12.0 
127
93 54.0 98 15.0 
128
219 21.0 223 21.0 
129
92 57.0 
130
134 63.0 199 63.0 
131
144 60.0 
132
216 63.0 
133
210 60.0 
134
92 45.0 
135
208 66.0 127 66.0 
136
219 66.0 
137
204 51.0 121 51.0 
138
101 33.0 
139
96 51.0 
140
98 39.0 
141
128 54.0 208 54.0 
142
130 51.0 195 51.0 
143
205 48.0 124 48.0 
144
137 84.0 
145
139 33.0 
146
107 69.0 
147
216 30.0 
148
133 60.0 203 60.0 
149
219 63.0 
150
210 54.00000000000006 214 17.999999999999943 
151
135 42.0 
152
213 54.0 
153
97 36.0 
154
212 78.0 
155
109 72.0 
156
119 84.0 
157
109 60.0 
158
224 33.0 
159
92 48.0 
160
142 90.0 
161
205 90.0 125 90.0 
162
117 57.0 
163
102 66.0 
164
214 39.0 
165
139 75.0 
166
210 51.0 
167
223 48.0 
168
109 72.0 
169
113 48.0 
170
142 36.0 
171
223 84.0 
172
138 36.0 
173
219 63.0 
174
142 60.0 
175
210 42.0 
176
141 78.0 
177
93 81.0 
178
98 72.0 
179
131 75.0 200 75.0 
180
205 54.0 125 54.0 
181
117 45.0 
182
105 63.0 
183
90 54.0 
184
210 45.0 
185
113 51.0 
186
129 60.0 195 60.0 
187
216 42.0 
188
139 84.0 
189
115 45.0 
190
90 48.0 
191
218 60.0 
192
205 54.0 121 54.0 
193
112 69.0 
194
115 66.0 
195
92 75.0 
196
117 81.0 
197
107 63.0 
198
135 57.0 
199
212 63.0 

Final Solution:
0
104 36.0 
1
99 39.0 
2
218 33.0 
3
210 33.0 
4
219 81.0 
5
94 60.0 
6
27 1.0 109 4.0 112 10.0 113 54.0 127 1.0 154 1.0 
7
224 84.0 
8
135 7.0 137 2.0 141 54.0 
9
212 3.0 214 30.0 
10
131 33.0 199 33.0 
11
212 63.0 
12
109 54.0 
13
141 17.0 143 37.0 
14
103 90.0 
15
100 57.0 
16
113 7.0 114 33.0 118 11.0 
17
112 69.0 
18
205 63.0 124 63.0 
19
118 42.0 
20
118 39.0 
21
118 39.0 
22
135 39.0 
23
128 2.0 205 41.0 206 2.0 207 15.0 208 2.0 125 43.0 127 15.0 
24
208 63.0 124 28.0 125 35.0 
25
131 1.0 142 59.0 158 1.0 170 1.0 
26
216 7.0 218 62.0 
27
114 6.0 115 48.0 
28
115 45.0 
29
119 63.0 
30
203 72.0 122 53.5 123 18.5 
31
133 0.5 203 63.0 123 62.5 
32
138 84.0 
33
142 12.0 144 69.0 
34
216 69.0 
35
211 2.0 213 88.0 
36
115 33.0 
37
141 72.0 
38
129 84.0 209 84.0 
39
94 51.0 102 6.0 
40
133 57.0 199 57.0 
41
113 69.0 
42
216 39.0 
43
139 48.0 
44
115 87.0 
45
117 36.0 
46
104 75.0 
47
210 30.0 
48
128 33.0 209 33.0 
49
203 27.5 205 32.5 122 27.5 124 32.5 
50
219 19.0 224 71.0 
51
144 75.0 
52
114 87.0 
53
213 87.0 
54
206 30.0 124 30.0 
55
119 60.0 
56
144 33.0 
57
131 72.0 199 72.0 
58
134 69.0 200 69.0 
59
210 51.0 
60
210 63.0 
61
137 30.0 
62
114 78.0 
63
91 87.0 
64
141 57.0 
65
206 81.0 126 81.0 
66
99 78.0 
67
117 30.0 
68
93 54.0 
69
128 54.0 208 54.0 
70
134 45.0 200 45.0 
71
112 60.0 
72
128 57.0 209 75.0 127 18.0 
73
114 75.0 
74
214 20.0 224 46.0 
75
119 30.0 
76
213 48.0 
77
115 87.0 
78
129 14.0 130 25.0 195 25.0 209 14.0 
79
133 42.5 134 14.5 200 57.0 
80
129 63.0 195 63.0 
81
203 69.0 122 69.0 
82
99 46.0 103 20.0 
83
223 75.0 
84
93 87.0 
85
113 63.0 
86
143 81.0 
87
98 58.0 100 29.0 
88
144 63.0 
89
109 63.0 
90
130 33.0 195 33.0 
91
143 78.0 
92
223 90.0 
93
137 60.0 
94
117 48.0 
95
135 51.0 
96
130 30.0 195 30.0 
97
119 48.0 
98
93 33.0 
99
205 63.0 120 46.5 124 16.5 
100
138 33.0 
101
135 55.0 138 23.0 
102
99 48.0 
103
102 39.0 
104
118 45.0 
105
208 65.0 209 4.0 125 34.0 126 35.0 
106
224 63.0 
107
207 84.0 126 84.0 
108
213 78.0 
109
114 63.0 
110
219 48.0 
111
98 42.0 
112
203 66.0 123 66.0 
113
143 54.0 
114
224 57.0 
115
118 72.0 
116
107 87.0 
117
102 60.0 
118
139 72.0 
119
90 8.0 91 17.0 103 17.0 
120
210 60.0 
121
118 75.0 
122
119 54.0 
123
94 57.0 
124
224 63.0 
125
112 81.0 
126
206 36.0 207 51.0 125 87.0 
127
90 69.0 
128
224 42.0 
129
90 17.0 93 25.0 94 15.0 
130
131 63.0 199 34.0 200 29.0 
131
144 60.0 
132
210 63.0 
133
219 60.0 
134
102 45.0 
135
208 66.0 127 66.0 
136
224 66.0 
137
134 51.0 200 51.0 
138
100 13.0 101 20.0 
139
94 51.0 
140
99 39.0 
141
128 54.0 199 54.0 
142
206 51.0 125 51.0 
143
134 48.0 200 48.0 
144
135 4.0 139 80.0 
145
137 33.0 
146
107 68.0 119 1.0 
147
216 30.0 
148
134 11.5 200 11.5 203 48.5 123 48.5 
149
224 63.0 
150
223 72.0 
151
135 42.0 
152
212 54.0 
153
103 36.0 
154
212 78.0 
155
117 72.0 
156
109 84.0 
157
114 60.0 
158
213 18.0 216 15.0 
159
91 48.0 
160
137 40.0 140 50.0 
161
129 90.0 209 90.0 
162
113 57.0 
163
94 66.0 
164
216 39.0 
165
135 75.0 
166
216 51.0 
167
211 48.0 
168
118 72.0 
169
118 4.0 119 44.0 
170
137 35.0 142 1.0 
171
212 84.0 
172
135 36.0 
173
213 63.0 
174
138 60.0 
175
219 42.0 
176
142 78.0 
177
90 81.0 
178
103 72.0 
179
131 75.0 200 75.0 
180
203 54.0 123 54.0 
181
107 45.0 
182
117 63.0 
183
103 15.0 104 39.0 
184
224 45.0 
185
118 51.0 
186
129 49.0 134 11.0 195 49.0 200 11.0 
187
218 42.0 
188
135 84.0 
189
109 45.0 
190
91 48.0 
191
213 60.0 
192
200 53.5 205 0.5 120 53.5 123 0.5 
193
114 69.0 
194
114 66.0 
195
90 75.0 
196
112 30.0 117 51.0 
197
114 63.0 
198
135 57.0 
199
218 63.0 
