LP information:
0
93 13.0 
1
94 21.0 
2
211 13.0 
3

4
224 31.0 
5
104 32.0 
6
116 32.0 
7
221 25.0 
8
144 20.0 
9
222 17.0 
10
132 14.0 198 14.0 
11
219 16.0 
12
113 17.0 
13
141 19.0 
14
95 20.0 100 11.0 
15
90 10.0 96 10.0 
16
110 27.0 
17
113 7.0 115 17.0 
18
206 19.0 124 19.0 
19
119 25.0 
20
112 23.0 
21
107 8.0 
22
135 4.0 146 11.0 
23
206 22.0 126 22.0 
24
195 7.9999999999999964 206 11.000000000000004 126 19.0 
25
140 2.0 146 19.0 
26
215 31.0 
27
115 12.0 
28
111 15.0 
29
119 17.0 
30
202 17.0 121 17.0 
31
132 24.0 198 24.0 
32
148 33.0 
33
141 31.0 
34
219 24.0 
35
210 31.0 
36
114 7.0 
37
147 31.0 
38
128 23.0 196 20.0 198 3.0 
39
99 19.0 
40
133 17.0 198 17.0 
41
113 18.0 
42
224 14.0 
43
135 15.0 
44
111 26.0 
45
107 17.0 
46
92 20.0 
47
210 9.0 220 1.0 
48
129 3.0 196 3.0 206 10.0 125 10.0 
49
202 18.0 122 18.0 
50
223 25.0 
51
148 24.0 
52
107 26.0 
53
211 28.0 
54
202 5.000000000000014 206 9.999999999999986 122 15.0 
55
118 18.0 119 8.0 
56
146 12.0 
57
132 22.0 198 22.0 
58
130 1.0000000000000142 132 20.999999999999986 198 22.0 
59
211 14.0 
60
212 16.0 
61
148 5.0 
62
116 28.0 
63
97 28.0 
64
146 25.0 
65
206 28.0 123 28.0 
66
91 3.0 98 31.0 
67
119 13.0 
68
93 20.0 
69
129 21.0 196 21.0 
70
205 22.0 124 22.0 
71
114 27.0 
72
128 19.0 195 19.0 
73
108 26.0 
74
215 25.0 
75
107 13.0 
76
223 17.0 
77
119 29.0 
78
128 22.0 198 22.0 
79
202 20.0 120 20.0 
80
198 22.0 127 22.0 
81
206 35.0 120 26.0 126 9.0 
82
93 21.000000000000007 99 0.9999999999999929 
83
215 20.0 
84
92 26.0 
85
111 7.0 
86
146 23.0 
87
96 26.0 
88
141 12.0 
89
115 25.0 
90
131 15.0 198 15.0 
91
141 26.0 
92
215 16.0 
93
141 20.0 
94
119 21.0 
95
141 21.0 
96
198 10.0 127 10.0 
97
114 13.0 
98
91 13.0 
99
206 28.0 123 28.0 
100

101
140 38.0 
102
95 15.0 
103
100 9.0 101 1.0 
104
109 11.999999999999972 114 8.000000000000028 
105
196 26.0 127 26.0 
106
222 22.0 
107
195 12.000000000000004 197 13.999999999999996 127 26.0 
108
224 28.0 
109
114 28.0 
110
215 15.0 
111
101 16.0 
112
132 18.0 197 18.0 
113
148 21.0 
114
211 18.0 
115
115 25.0 
116
112 10.0 117 18.0 
117
92 21.0 
118
146 21.0 
119
100 13.0 
120
224 29.0 
121
119 27.0 
122
113 24.0 
123
102 15.0 
124
211 17.0 
125
114 31.0 
126
206 23.0 122 23.0 
127
104 10.0 
128
215 22.0 
129
103 11.0 
130
131 26.0 196 26.0 
131
146 28.0 
132
223 24.0 
133
221 22.0 
134
98 10.0 
135
130 27.0 196 27.0 
136
213 12.0 
137
134 9.0 199 9.0 
138
102 16.0 
139
92 16.0 
140
95 19.0 
141
130 12.0 196 12.0 
142
130 16.0 195 16.0 
143
205 12.0 122 12.0 
144
135 21.99999999999997 141 12.000000000000028 
145
141 13.0 
146
110 17.0 
147
224 5.0 
148
133 24.0 198 24.0 
149
217 24.0 
150
224 18.0 
151
148 16.0 
152
224 20.0 
153
95 8.0 
154
224 24.0 
155
111 13.0 117 7.0 
156
119 25.0 
157
112 27.0 
158
215 8.0 
159
95 13.0 
160
148 24.0 
161
130 35.0 195 35.0 
162
105 28.0 
163
95 16.0 
164
210 19.0 
165
144 25.0 
166
210 20.0 
167
222 21.0 
168
111 17.0 
169
116 7.000000000000007 118 14.999999999999993 
170
140 14.0 
171
212 23.0 
172
144 23.0 
173
211 19.0 
174
148 20.0 
175
221 13.0 
176
141 32.0 
177
91 34.0 
178
96 27.0 
179
131 22.0 196 4.000000000000014 199 17.999999999999986 
180
205 20.0 122 18.999999999999993 124 1.000000000000007 
181
116 14.0 117 2.0 
182
116 16.0 
183
92 1.0 100 13.0 
184
211 8.0 
185
114 30.0 
186
129 29.0 199 29.0 
187
221 18.0 
188
144 22.0 
189
108 18.0 
190
103 28.0 
191
213 21.0 
192
134 15.0 199 15.0 
193
117 12.0 
194
109 23.0 
195
93 9.999999999999993 103 17.000000000000007 
196
114 20.0 
197
114 5.000000000000007 116 19.999999999999993 
198
147 21.0 
199
215 28.0 

Final Solution:
0
102 13.0 
1
96 21.0 
2
212 13.0 
3

4
217 31.0 
5
91 32.0 
6
110 32.0 
7
221 11.0 223 14.0 
8
135 7.0 140 13.0 
9
217 17.0 
10
134 14.0 200 14.0 
11
217 16.0 
12
108 17.0 
13
138 19.0 
14
100 19.0 102 2.0 103 10.0 
15
97 17.0 99 3.0 
16
117 27.0 
17
107 24.0 
18
205 19.0 122 19.0 
19
108 25.0 
20
108 22.0 119 1.0 
21
108 8.0 
22
148 15.0 
23
128 22.0 196 22.0 
24
195 2.0 209 17.0 126 19.0 
25
139 4.0 140 17.0 
26
220 31.0 
27
107 12.0 
28
113 15.0 
29
118 17.0 
30
205 17.0 123 17.0 
31
200 24.0 120 24.0 
32
146 33.0 
33
138 13.0 141 18.0 
34
220 24.0 
35
213 31.0 
36
116 7.0 
37
140 28.0 148 3.0 
38
130 23.0 195 23.0 
39
100 19.0 
40
200 7.0 201 10.0 120 17.0 
41
108 2.0 116 16.0 
42
221 14.0 
43
146 15.0 
44
111 26.0 
45
119 17.0 
46
103 20.0 
47
217 10.0 
48
195 9.0 196 4.0 126 13.0 
49
202 18.0 120 18.0 
50
210 25.0 
51
135 11.0 144 13.0 
52
107 26.0 
53
219 28.0 
54
205 15.0 124 15.0 
55
114 26.0 
56
138 10.0 146 2.0 
57
131 22.0 196 22.0 
58
130 13.0 132 9.0 198 22.0 
59
223 14.0 
60
217 16.0 
61
165 5.0 49 5.0 
62
26 3.0 107 25.0 125 3.0 151 3.0 
63
103 28.0 
64
144 25.0 
65
203 28.0 123 28.0 
66
104 34.0 
67
117 13.0 
68
96 20.0 
69
128 21.0 195 21.0 
70
205 22.0 122 22.0 
71
113 16.0 118 11.0 
72
195 19.0 126 19.0 
73
108 26.0 
74
220 25.0 
75
118 8.0 119 5.0 
76
220 17.0 
77
110 16.0 111 13.0 
78
196 2.0 207 20.0 127 22.0 
79
202 20.0 120 20.0 
80
128 22.0 209 22.0 
81
205 1.0 206 34.0 124 35.0 
82
92 22.0 
83
212 20.0 
84
91 26.0 
85
107 7.0 
86
138 23.0 
87
95 26.0 
88
138 12.0 
89
113 25.0 
90
130 15.0 198 15.0 
91
140 26.0 
92
219 16.0 
93
138 20.0 
94
113 21.0 
95
149 21.0 
96
130 10.0 198 10.0 
97
113 13.0 
98
99 13.0 
99
203 28.0 120 1.0 123 27.0 
100

101
148 38.0 
102
100 15.0 
103
103 10.0 
104
117 18.0 119 2.0 
105
209 26.0 126 26.0 
106
215 22.0 
107
130 19.0 195 26.0 126 7.0 
108
224 28.0 
109
118 28.0 
110
215 15.0 
111
100 16.0 
112
203 18.0 123 18.0 
113
139 21.0 
114
212 18.0 
115
107 25.0 
116
117 28.0 
117
99 21.0 
118
149 21.0 
119
103 13.0 
120
211 29.0 
121
117 27.0 
122
107 24.0 
123
100 15.0 
124
221 17.0 
125
117 31.0 
126
205 23.0 123 18.0 125 5.0 
127
96 9.0 104 1.0 
128
221 22.0 
129
92 4.0 104 7.0 
130
131 26.0 198 26.0 
131
144 28.0 
132
223 24.0 
133
212 22.0 
134
92 10.0 
135
198 27.0 127 27.0 
136
213 12.0 
137
203 9.0 122 9.0 
138
100 16.0 
139
95 16.0 
140
103 19.0 
141
130 12.0 195 12.0 
142
206 16.0 126 16.0 
143
203 12.0 123 12.0 
144
144 34.0 
145
135 13.0 
146
107 17.0 
147
215 5.0 
148
134 24.0 200 24.0 
149
223 24.0 
150
221 18.0 
151
140 16.0 
152
224 20.0 
153
104 8.0 
154
223 24.0 
155
118 20.0 
156
119 25.0 
157
116 27.0 
158
212 8.0 
159
95 13.0 
160
135 8.0 149 16.0 
161
128 35.0 209 35.0 
162
111 28.0 
163
95 16.0 
164
211 2.0 213 17.0 
165
139 25.0 
166
210 20.0 
167
217 21.0 
168
110 17.0 
169
107 22.0 
170
135 11.0 138 3.0 
171
217 23.0 
172
148 23.0 
173
213 19.0 
174
149 20.0 
175
211 13.0 
176
141 32.0 
177
95 29.0 102 5.0 
178
97 27.0 
179
131 2.0 132 20.0 200 10.0 202 12.0 
180
201 20.0 120 20.0 
181
118 16.0 
182
111 16.0 
183
92 14.0 
184
219 6.0 224 2.0 
185
114 24.0 117 6.0 
186
130 8.0 132 21.0 195 8.0 200 21.0 
187
221 18.0 
188
149 22.0 
189
107 18.0 
190
91 15.0 99 13.0 
191
213 21.0 
192
134 12.0 201 12.0 205 3.0 125 3.0 
193
111 12.0 
194
26 18.0 49 15.0 111 5.0 125 3.0 151 3.0 
195
91 27.0 
196
110 10.0 113 10.0 
197
110 25.0 
198
148 21.0 
199
212 17.0 215 8.0 220 3.0 
