LP information:
0
38 14.0 42 15.0 
1
60 10.0 
2
128 18.0 2 23.0 130 7.0 7 7.0 125 5.0 
3
72 19.0 
4
82 9.0 88 8.0 
5
63 23.0 111 19.0 113 4.0 
6
83 28.0 123 28.0 
7
0 16.0 1 4.0 138 16.0 139 4.0 
8
17 13.0 29 15.0 85 15.0 88 13.0 
9
11 9.0 14 12.0 48 15.0 54 6.0 
10
94 9.0 54 9.0 
11
144 20.0 
12
2 13.0 144 13.0 
13
130 3.0 121 9.0 
14
137 22.0 148 6.0 94 6.0 96 22.0 
15
78 7.0 88 15.0 
16
61 15.0 70 1.0 71 5.0 
17
90 14.0 104 5.0 
18
23 15.0 
19
128 18.0 127 5.0 

Final Solution:
0
43 29.0 
1
62 6.0 73 4.0 
2
19 30.0 39 30.0 
3
73 19.0 
4
84 17.0 
5
62 23.0 110 23.0 
6
84 28.0 124 28.0 
7
3 8.0 136 12.0 13 12.0 142 8.0 
8
19 2.0 73 26.0 89 2.0 91 26.0 
9
13 21.0 53 21.0 
10
91 9.0 53 9.0 
11
142 20.0 
12
3 12.0 142 12.0 19 1.0 39 1.0 73 1.0 
13
124 12.0 
14
136 28.0 95 28.0 
15
84 5.0 89 17.0 
16
62 21.0 
17
91 15.0 95 4.0 
18
19 15.0 
19
129 20.0 124 3.0 
