LP information:
0
91 13.0 
1
97 10.0 104 6.0 
2
219 15.0 
3
215 10.0 
4
216 29.0 
5
99 18.0 
6
106 29.0 
7
213 28.0 
8
142 19.0 
9
216 9.0 
10
129 11.0 200 11.0 
11
216 9.0 219 7.0 
12
105 21.0 
13
142 13.0 
14
94 24.0 
15
104 22.0 
16
119 20.0 
17
108 27.0 
18
202 28.0 121 28.0 
19
109 15.0 
20
119 4.0 
21
115 10.0 
22
136 5.0 
23
206 21.0 125 21.0 
24
208 28.0 124 28.0 
25
136 23.0 
26
216 26.0 
27
107 18.0 
28
115 20.0 
29
108 21.0 
30
204 24.0 121 24.0 
31
134 15.0 200 15.0 
32
135 22.0 
33
142 20.000000000000057 148 8.999999999999943 
34
213 25.0 
35
213 28.0 
36
106 10.0 
37
142 37.0 
38
208 25.0 127 25.0 
39
93 11.0 
40
134 24.0 202 24.0 
41
106 22.0 119 4.0 
42
214 21.0 
43
136 12.0 
44
105 29.0 
45
105 6.0 
46
91 23.0 
47
216 7.0 
48
130 9.0 195 9.0 
49
204 16.0 120 16.0 
50
213 33.0 
51
136 25.0 
52
106 33.0 
53
214 24.0 
54
208 22.0 126 22.0 
55
115 27.0 
56
140 24.0 
57
131 23.0 202 23.0 
58
133 19.0 200 19.0 
59
216 7.0 
60
214 24.0 
61
142 7.0 
62
115 20.0 
63
92 23.0 
64
136 17.0 
65
206 32.0 123 32.0 
66
90 34.0 
67
112 17.0 
68
99 13.0 
69
130 13.0 195 13.0 
70
134 14.0 199 14.0 
71
115 23.0 
72
206 29.0 126 29.0 
73
114 27.0 
74
219 24.0 
75
107 11.0 
76
219 7.0 
77
112 25.0 
78
128 11.0 195 11.0 
79
132 18.0 202 18.0 
80
128 13.0 208 13.0 
81
204 17.0 123 17.0 
82
99 15.0 
83
215 19.0 219 5.0 
84
90 35.0 
85
112 21.0 
86
138 34.0 
87
101 27.0 
88
140 7.0 148 6.0 
89
107 12.0 
90
128 12.0 208 12.0 
91
142 28.0 
92
219 24.0 
93
135 23.0 
94
115 12.0 
95
138 14.0 
96
208 11.0 127 11.0 
97
108 21.0 
98
91 19.0 
99
202 23.0 206 1.0 120 24.0 
100
142 6.0 
101
135 27.0 140 1.0 
102
100 13.0 
103
96 10.0 
104
119 9.0 
105
208 30.0 125 30.0 
106
214 21.0 
107
197 32.0 126 32.0 
108
215 24.0 
109
105 26.0 
110
216 22.0 
111
91 6.0 100 2.0 
112
134 10.0 203 10.0 
113
142 17.0 
114
216 12.0 
115
119 19.0 
116
119 32.0 
117
99 22.0 
118
136 18.0 
119
100 13.0 
120
224 17.0 
121
106 25.0 
122
114 22.0 
123
92 21.0 
124
219 31.0 
125
106 18.0 
126
208 38.0 122 38.0 
127
91 28.0 
128
222 6.0 
129
101 27.0 
130
131 3.0 202 18.0 122 15.0 
131
138 11.000000000000014 148 7.999999999999986 
132
216 16.0 
133
214 24.0 
134
102 15.0 
135
208 19.0 127 19.0 
136
214 23.0 
137
204 16.0 121 16.0 
138
99 4.0 103 11.0 
139
93 18.0 
140
93 11.0 
141
128 4.0 130 14.0 199 14.0 208 4.0 
142
195 18.0 125 18.0 
143
134 1.0 204 1.0 
144
142 20.0 
145
142 16.0 
146
108 20.0 
147
222 12.0 
148
134 12.0 200 2.0 203 10.0 
149
219 28.0 
150
214 33.0 
151
140 18.0 
152
222 19.0 
153
102 6.0 
154
213 37.0 
155
119 24.0 
156
114 22.0 
157
115 16.0 
158
214 11.0 
159
99 18.0 
160
140 33.0 
161
208 33.0 126 33.0 
162
119 20.0 
163
91 1.0 102 17.0 103 6.0 
164
214 5.0 
165
136 31.0 
166
222 18.0 
167
224 19.0 
168
119 20.0 
169
108 16.0 
170
138 12.0 
171
215 29.0 
172
136 23.0 
173
213 4.0 224 18.0 
174
138 17.0 
175
224 8.0 
176
142 29.0 
177
103 32.0 
178
91 26.0 
179
133 23.0 202 31.0 121 8.0 
180
134 14.0 204 14.0 
181
108 7.0 
182
119 34.0 
183
101 20.0 
184
222 12.0 
185
115 17.0 
186
129 17.0 131 8.0 200 25.0 
187
213 9.0 
188
136 29.0 
189
108 12.0 
190
100 12.0 
191
224 21.0 
192
202 18.0 121 18.0 
193
112 28.0 
194
112 5.000000000000014 114 11.999999999999986 
195
98 14.0 102 15.0 
196
115 19.0 
197
108 17.0 
198
142 23.0 
199
222 27.0 

Final Solution:
0
104 13.0 
1
104 16.0 
2
222 15.0 
3
222 10.0 
4
219 21.0 222 8.0 
5
94 18.0 
6
112 12.0 115 17.0 
7
224 28.0 
8
136 6.0 142 13.0 
9
214 9.0 
10
129 5.0 133 6.0 195 5.0 200 6.0 
11
214 16.0 
12
114 21.0 
13
142 13.0 
14
94 10.0 99 1.0 103 13.0 
15
103 22.0 
16
112 2.0 119 18.0 
17
115 27.0 
18
204 5.0 206 23.0 123 4.0 124 23.0 126 1.0 
19
106 15.0 
20
106 4.0 
21
119 10.0 
22
140 5.0 
23
128 2.0 208 21.0 127 19.0 
24
128 4.0 208 28.0 124 24.0 
25
138 16.0 142 7.0 
26
216 17.0 219 9.0 
27
106 18.0 
28
105 11.0 106 9.0 
29
112 21.0 
30
206 24.0 126 24.0 
31
132 14.0 134 1.0 197 14.0 202 1.0 
32
135 22.0 
33
138 29.0 
34
222 25.0 
35
224 28.0 
36
106 10.0 
37
140 37.0 
38
129 25.0 195 25.0 
39
94 11.0 
40
202 24.0 120 24.0 
41
105 26.0 
42
216 21.0 
43
140 12.0 
44
112 29.0 
45
106 6.0 
46
98 23.0 
47
216 7.0 
48
206 9.0 126 9.0 
49
202 9.0 204 7.0 121 9.0 124 7.0 
50
222 33.0 
51
136 25.0 
52
114 33.0 
53
213 24.0 
54
206 22.0 124 22.0 
55
106 27.0 
56
138 24.0 
57
200 12.0 202 11.0 120 23.0 
58
134 19.0 200 19.0 
59
222 7.0 
60
215 15.0 219 9.0 
61
140 7.0 
62
112 20.0 
63
100 6.0 101 17.0 
64
136 17.0 
65
204 27.0 208 5.0 123 32.0 
66
90 6.0 91 28.0 
67
114 17.0 
68
100 13.0 
69
206 13.0 126 13.0 
70
202 14.0 121 14.0 
71
108 23.0 
72
208 29.0 127 29.0 
73
108 27.0 
74
215 24.0 
75
119 11.0 
76
222 7.0 
77
115 25.0 
78
208 11.0 127 11.0 
79
134 18.0 200 18.0 
80
128 13.0 208 13.0 
81
206 17.0 124 17.0 
82
99 6.0 102 9.0 
83
214 18.0 219 6.0 
84
104 35.0 
85
106 11.0 114 10.0 
86
142 34.0 
87
99 27.0 
88
142 13.0 
89
108 12.0 
90
128 12.0 208 12.0 
91
135 28.0 
92
222 24.0 
93
142 23.0 
94
112 12.0 
95
142 14.0 
96
208 11.0 127 11.0 
97
108 21.0 
98
98 19.0 
99
206 24.0 121 24.0 
100
135 6.0 
101
135 9.0 140 19.0 
102
99 13.0 
103
91 10.0 
104
107 9.0 
105
208 30.0 127 30.0 
106
222 21.0 
107
131 27.0 132 5.0 197 32.0 
108
213 24.0 
109
112 26.0 
110
213 22.0 
111
92 8.0 
112
133 10.0 202 10.0 
113
135 17.0 
114
222 12.0 
115
114 19.0 
116
112 32.0 
117
102 22.0 
118
135 18.0 
119
100 13.0 
120
216 17.0 
121
115 25.0 
122
107 22.0 
123
93 18.0 99 3.0 
124
219 31.0 
125
112 18.0 
126
208 38.0 122 32.0 124 6.0 
127
92 28.0 
128
222 6.0 
129
92 14.0 101 13.0 
130
133 18.0 200 18.0 
131
142 19.0 
132
222 16.0 
133
214 24.0 
134
90 15.0 
135
128 19.0 208 19.0 
136
219 23.0 
137
133 16.0 204 16.0 
138
103 15.0 
139
96 18.0 
140
94 11.0 
141
129 18.0 195 18.0 
142
206 18.0 125 18.0 
143
204 1.0 124 1.0 
144
142 20.0 
145
140 16.0 
146
115 20.0 
147
222 12.0 
148
134 12.0 204 12.0 
149
213 28.0 
150
216 33.0 
151
142 18.0 
152
222 19.0 
153
91 6.0 
154
224 37.0 
155
112 24.0 
156
119 22.0 
157
108 16.0 
158
219 11.0 
159
100 18.0 
160
140 33.0 
161
208 33.0 125 32.0 126 1.0 
162
115 20.0 
163
104 24.0 
164
216 5.0 
165
138 31.0 
166
219 18.0 
167
213 19.0 
168
112 20.0 
169
115 16.0 
170
142 12.0 
171
219 22.0 224 7.0 
172
136 23.0 
173
213 22.0 
174
140 17.0 
175
222 8.0 
176
142 29.0 
177
93 32.0 
178
96 26.0 
179
132 31.0 202 31.0 
180
204 14.0 123 14.0 
181
108 2.0 119 5.0 
182
119 34.0 
183
101 20.0 
184
214 12.0 
185
112 17.0 
186
129 2.0 131 23.0 200 25.0 
187
215 9.0 
188
136 29.0 
189
105 8.0 108 4.0 
190
102 12.0 
191
214 21.0 
192
204 18.0 122 18.0 
193
107 19.0 108 9.0 
194
108 17.0 
195
90 29.0 
196
108 19.0 
197
112 17.0 
198
142 23.0 
199
222 27.0 
