LP information:
0
103 16.0 
1
92 11.0 
2
211 4.0 
3
213 5.0 
4
211 16.0 
5
90 21.0 
6
116 21.0 
7
211 34.0 
8
135 13.0 
9
211 8.0 
10
130 2.0 199 2.0 
11
218 10.0 
12
106 22.0 
13
138 20.0 145 8.0 
14
97 26.0 
15
102 15.0 
16
118 11.0 
17
106 28.0 
18
204 13.0 123 13.0 
19
118 17.0 
20
118 12.0 
21
116 15.0 
22
139 9.0 
23
207 20.0 125 20.0 
24
204 20.0 124 20.0 
25
142 9.0 
26
213 20.0 
27
108 18.0 
28
106 18.0 
29
118 28.0 
30
204 24.0 121 21.0 124 3.0 
31
132 19.0 203 19.0 
32
139 36.0 
33
139 25.0 
34
213 19.0 
35
211 30.0 
36
118 17.0 
37
142 23.0 145 5.0 
38
207 25.0 127 25.0 
39
93 7.000000000000014 100 9.999999999999986 
40
203 8.0 120 8.0 
41
108 25.0 
42
213 7.0 
43
139 11.0 
44
116 26.0 
45
116 11.0 
46
96 23.0 103 1.0 
47
218 16.0 
48
207 23.0 125 23.0 
49
204 32.0 120 32.0 
50
218 22.0 
51
145 19.0 
52
106 31.0 
53
218 30.0 
54
204 11.0 122 11.0 
55
116 14.0 
56
139 4.0 
57
200 19.0 120 19.0 
58
132 15.0 133 8.0 199 23.0 
59
211 1.0 218 19.0 
60
211 15.0 
61
142 10.0 
62
116 29.0 
63
90 22.0 
64
142 18.0 
65
204 35.0 123 35.0 
66
91 14.999999999999986 99 15.000000000000014 
67

68
91 14.0 
69
129 12.0 196 12.0 
70
134 5.0 199 1.0 204 23.0 123 19.0 
71
117 18.00000000000003 118 3.9999999999999716 
72
207 29.0 126 29.0 
73
108 23.0 
74
218 17.0 
75
116 17.0 
76
218 21.0 
77
116 27.0 
78
207 8.0 127 8.0 
79
132 14.0 203 14.0 
80
207 17.0 127 17.0 
81
204 19.0 120 19.0 
82
101 6.0 103 20.0 
83
211 30.0 
84
92 36.0 
85
119 24.0 
86
142 35.0 
87
94 12.0 101 15.0 
88
139 20.0 
89
105 23.0 
90
207 8.0 127 8.0 
91
142 27.0 
92
218 34.0 
93
138 21.0 
94
113 22.0 
95
142 17.0 
96
207 12.0 127 12.0 
97
106 19.0 
98
90 3.0 
99
204 21.0 123 21.0 
100
142 10.0 
101
139 30.0 
102
102 16.0 
103
96 11.0 
104
116 15.0 
105
207 26.0 126 26.0 
106
211 18.0 
107
128 20.000000000000014 196 20.000000000000014 207 2.999999999999986 126 2.999999999999986 
108
213 30.0 
109
106 18.0 
110
218 19.0 
111
91 10.0 
112
132 19.0 199 19.0 
113
142 20.0 
114
218 25.0 
115
108 18.0 
116
106 24.0 
117
104 23.0 
118
139 24.0 
119
100 13.0 
120
211 22.0 
121
116 22.0 
122
106 31.0 
123
92 22.0 
124
218 22.0 
125
116 28.0 
126
207 28.0 122 28.0 
127
103 19.0 
128
211 14.0 
129
90 29.0 
130
131 19.0 199 19.0 
131
139 8.0 
132
211 19.0 
133
218 20.0 
134
98 19.0 
135
207 15.0 127 15.0 
136
211 30.0 
137
133 11.0 204 11.0 
138
96 16.0 
139
100 15.0 
140
102 8.0 103 6.0 
141
132 24.0 199 24.0 
142
207 27.0 125 16.0 127 11.0 
143
134 6.0 204 6.0 
144
142 30.0 
145
139 12.0 
146
116 23.0 
147
218 12.0 
148
133 22.0 204 22.0 
149
211 18.0 
150
218 32.0 
151
142 16.0 
152
211 21.0 
153
93 13.0 
154
211 36.0 
155
118 24.0 
156
108 20.0 
157
116 14.0 
158
213 19.0 
159
90 11.0 100 8.0 
160
142 34.0 
161
207 27.0 125 27.0 
162
118 22.0 
163
103 26.0 
164
213 15.0 
165
139 19.0 
166
211 17.0 
167
211 23.0 
168
106 24.0 
169
116 18.0 
170
135 8.0 
171
218 26.0 
172
139 14.0 
173
213 14.0 
174
135 22.0 
175
213 9.0 
176
139 23.0 
177
100 17.0 
178
98 22.0 
179
131 31.0 199 3.999999999999986 200 24.0 201 3.000000000000014 
180
134 15.0 204 15.0 
181
116 24.0 
182
116 19.0 
183
95 2.0 100 15.0 
184
211 17.0 
185
118 16.0 
186
132 16.0 199 16.0 
187
213 13.0 
188
139 33.0 
189
116 15.0 
190
92 27.0 
191
218 20.0 
192
134 16.0 204 16.0 
193
116 20.0 
194
106 25.0 
195
91 19.0 
196
108 29.0 
197
116 15.0 
198
142 19.0 
199
218 17.0 

Final Solution:
0
92 16.0 
1
92 4.0 99 7.0 
2
218 4.0 
3
211 1.0 213 4.0 
4
218 16.0 
5
91 21.0 
6
116 21.0 
7
213 34.0 
8
137 13.0 
9
218 8.0 
10
130 2.0 196 2.0 
11
211 10.0 
12
108 22.0 
13
137 10.0 138 18.0 
14
95 26.0 
15
103 15.0 
16
116 11.0 
17
108 28.0 
18
203 13.0 121 13.0 
19
108 17.0 
20
108 12.0 
21
116 15.0 
22
136 8.0 149 1.0 
23
128 16.0 130 4.0 196 4.0 208 16.0 
24
204 20.0 124 20.0 
25
138 9.0 
26
213 20.0 
27
108 18.0 
28
108 18.0 
29
106 28.0 
30
203 17.0 207 7.0 121 5.0 123 12.0 127 7.0 
31
134 19.0 200 19.0 
32
145 20.0 149 14.0 151 2.0 175 2.0 124 2.0 
33
139 8.0 141 17.0 
34
218 19.0 
35
218 30.0 
36
116 17.0 
37
141 12.0 148 16.0 
38
196 25.0 127 25.0 
39
100 15.0 103 2.0 
40
203 8.0 123 8.0 
41
106 25.0 
42
213 7.0 
43
138 11.0 
44
116 26.0 
45
116 11.0 
46
92 19.0 104 5.0 
47
213 16.0 
48
206 23.0 125 23.0 
49
200 16.0 201 10.0 203 6.0 120 16.0 121 10.0 122 6.0 
50
211 22.0 
51
145 19.0 
52
108 31.0 
53
218 30.0 
54
128 11.0 208 11.0 
55
118 14.0 
56
139 4.0 
57
132 19.0 201 19.0 
58
132 23.0 201 23.0 
59
218 20.0 
60
218 15.0 
61
141 10.0 
62
108 29.0 
63
97 22.0 
64
141 18.0 
65
203 7.0 204 7.0 207 21.0 123 7.0 124 28.0 
66
91 12.0 97 6.0 99 7.0 155 5.0 196 5.0 
67

68
92 14.0 
69
207 12.0 126 12.0 
70
201 24.0 120 24.0 
71
118 22.0 
72
207 29.0 126 29.0 
73
106 23.0 
74
218 17.0 
75
118 17.0 
76
211 21.0 
77
116 27.0 
78
130 8.0 195 8.0 
79
132 14.0 198 14.0 
80
130 17.0 195 12.0 196 5.0 
81
203 12.0 204 7.0 120 19.0 
82
101 26.0 
83
218 30.0 
84
99 36.0 
85
108 24.0 
86
141 35.0 
87
101 8.0 102 19.0 
88
145 20.0 
89
108 23.0 
90
196 3.0 207 5.0 127 8.0 
91
149 27.0 
92
213 34.0 
93
137 4.0 139 17.0 
94
116 22.0 
95
136 17.0 
96
196 12.0 127 12.0 
97
108 19.0 
98
100 3.0 
99
203 21.0 121 21.0 
100
138 10.0 
101
149 30.0 
102
95 14.0 97 2.0 
103
100 11.0 
104
116 15.0 
105
207 26.0 127 26.0 
106
213 18.0 
107
128 23.0 208 23.0 
108
218 30.0 
109
116 18.0 
110
218 19.0 
111
95 10.0 
112
201 18.0 203 1.0 120 18.0 123 1.0 
113
136 20.0 
114
211 25.0 
115
116 18.0 
116
118 24.0 
117
92 20.0 103 3.0 
118
136 22.0 138 2.0 
119
103 13.0 
120
213 22.0 
121
118 22.0 
122
108 31.0 
123
97 22.0 
124
211 22.0 
125
116 25.0 118 3.0 
126
204 28.0 122 28.0 
127
104 19.0 
128
218 14.0 
129
102 29.0 
130
132 19.0 200 19.0 
131
145 8.0 
132
213 19.0 
133
211 20.0 
134
100 19.0 
135
130 15.0 196 15.0 
136
211 30.0 
137
134 11.0 200 11.0 
138
101 16.0 
139
97 15.0 
140
100 14.0 
141
130 24.0 198 24.0 
142
206 27.0 125 27.0 
143
134 5.0 201 6.0 121 1.0 
144
139 30.0 
145
149 12.0 
146
108 23.0 
147
218 12.0 
148
204 22.0 123 22.0 
149
211 18.0 
150
218 32.0 
151
149 16.0 
152
211 21.0 
153
97 11.0 102 2.0 
154
211 36.0 
155
106 11.0 118 13.0 
156
108 20.0 
157
116 14.0 
158
218 19.0 
159
100 19.0 
160
148 34.0 
161
196 27.0 126 5.0 127 22.0 
162
118 22.0 
163
104 26.0 
164
218 15.0 
165
139 19.0 
166
211 17.0 
167
218 23.0 
168
108 24.0 
169
108 18.0 
170
141 8.0 
171
213 26.0 
172
145 14.0 
173
211 14.0 
174
139 22.0 
175
211 9.0 
176
137 23.0 
177
103 17.0 
178
97 22.0 
179
132 9.0 200 31.0 120 22.0 
180
134 15.0 203 15.0 
181
116 24.0 
182
118 19.0 
183
91 17.0 
184
211 17.0 
185
116 16.0 
186
132 16.0 198 12.0 200 4.0 
187
218 13.0 
188
136 33.0 
189
118 15.0 
190
92 27.0 
191
218 20.0 
192
204 16.0 122 16.0 
193
116 20.0 
194
108 25.0 
195
100 19.0 
196
118 29.0 
197
108 15.0 
198
145 19.0 
199
211 17.0 
