LP information:
0
102 3.0 
1
97 10.0 
2
216 6.0 
3
221 10.0 
4
221 28.0 
5
91 15.0 
6
108 25.0 
7
221 25.0 
8
136 28.0 
9
222 3.0 
10
132 11.0 200 11.0 
11
216 16.0 
12
108 18.0 
13
137 20.0 
14
98 28.0 
15
96 8.0 
16
117 13.0 
17
114 22.0 
18
206 17.0 122 17.0 
19
119 13.0 
20
110 13.0 
21
115 19.0 
22
137 9.0 
23
207 10.0 125 10.0 
24
207 23.0 125 23.0 
25
145 16.0 
26
219 23.0 
27
110 20.0 114 1.0 
28
110 17.0 
29
107 34.0 
30
206 6.0 207 19.0 122 6.0 127 19.0 
31
132 24.0 202 24.0 
32
147 31.0 
33
141 28.0 
34
215 15.0 
35
224 30.0 
36
108 13.0 
37
147 7.0 149 16.0 
38
128 10.0 133 25.0 198 35.0 
39
100 15.0 
40
200 21.0 120 21.0 
41
108 29.0 
42
214 10.0 
43
145 10.0 
44
119 32.0 
45
108 15.0 
46
103 29.0 
47
215 13.0 
48
196 14.0 126 14.0 
49
206 22.0 123 22.0 
50
221 23.0 
51
136 21.0 
52
110 26.0 
53
222 30.0 
54
207 5.0 208 13.0 124 18.0 
55
119 14.0 
56
142 12.0 
57
131 22.0 200 20.0 201 2.0 
58
130 22.0 195 22.0 
59
221 14.0 
60
224 25.0 
61

62
113 24.0 
63
97 35.0 
64
135 21.0 
65
209 28.0 124 6.0 125 22.0 
66
104 24.0 
67
119 9.0 
68
99 14.0 
69
209 19.0 127 19.0 
70
134 15.0 201 15.0 
71
110 26.0 
72
129 22.0 209 22.0 
73
110 40.0 
74
214 29.0 
75
110 11.0 
76
221 21.0 
77
110 40.0 
78
130 20.0 197 20.0 
79
133 12.0 200 12.0 
80
198 16.0 127 16.0 
81
202 17.0 206 2.0 122 17.0 126 2.0 
82
99 20.0 
83
219 24.0 
84
92 27.0 
85
119 31.0 
86
141 24.0 
87
99 30.0 
88
142 24.0 
89
110 18.0 
90
128 26.0 209 26.0 
91
143 27.0 
92
213 19.0 
93
147 21.0 
94
114 6.0 
95
136 12.0 
96
128 14.0 208 14.0 
97
110 19.0 
98
92 17.0 
99
201 22.0 121 22.0 
100
137 11.0 
101
145 31.0 
102
97 14.0 
103
91 10.0 
104
114 18.0 
105
128 19.0 196 25.0 125 6.0 
106
216 6.0 222 17.0 
107
132 12.0 197 12.0 207 19.0 126 19.0 
108
222 35.0 
109
119 23.0 
110
218 26.0 
111
91 23.0 
112
203 16.0 123 16.0 
113
142 24.0 
114
222 25.0 
115
108 31.0 
116
110 31.0 
117
92 10.0 97 7.0 100 11.0 
118
136 23.0 
119
101 5.0 
120
215 16.0 
121
114 35.0 
122
119 8.0 
123
96 17.0 
124
221 18.0 
125
119 30.0 
126
207 30.0 123 18.0 126 12.0 
127
94 22.0 
128
221 20.0 
129
100 20.0 
130
132 19.0 198 19.0 
131
141 18.0 144 7.0 145 7.0 
132
224 22.0 
133
214 21.0 
134
100 16.0 
135
128 26.0 196 25.0 198 1.0 
136
214 26.0 
137
134 14.0 201 14.0 
138
102 15.0 
139
95 12.0 
140
94 12.0 
141
128 10.0 209 10.0 
142
195 15.0 125 15.0 
143
203 16.0 120 16.0 
144
135 35.0 
145
137 15.0 
146
116 24.0 
147
222 4.0 
148
200 22.0 120 22.0 
149
221 19.0 
150
218 27.0 
151
137 17.0 142 1.0 
152
216 8.0 
153
90 6.0 
154
216 28.0 
155
119 18.0 
156
119 32.0 
157
117 22.0 
158
216 17.0 
159
90 23.0 
160
142 23.0 
161
196 24.0 126 24.0 
162
110 22.0 
163
102 22.0 
164
214 19.0 
165
145 24.0 
166
218 14.0 
167
213 23.0 
168
105 26.0 
169
119 20.0 
170
147 12.0 
171
224 31.0 
172
136 6.0 
173
222 24.0 
174
137 23.0 
175
221 8.0 
176
149 31.0 
177
100 9.0 103 27.0 
178
91 23.0 
179
134 22.0 202 22.0 
180
201 21.0 120 21.0 
181
108 16.0 
182
117 13.0 
183
101 17.0 
184
221 10.0 
185
110 14.0 
186
129 14.0 131 3.0 200 17.0 
187
218 19.0 
188
144 30.0 
189
110 16.0 
190
98 9.0 
191
213 19.0 
192
134 13.0 201 16.0 120 3.0 
193
117 20.0 
194
110 21.0 
195
100 12.0 
196
112 11.0 117 12.0 
197
114 26.0 115 2.0 
198
142 22.0 
199
213 19.0 

Final Solution:
0
95 3.0 
1
95 10.0 
2
218 6.0 
3
222 10.0 
4
219 28.0 
5
95 15.0 
6
110 25.0 
7
219 3.0 222 22.0 
8
142 18.0 144 10.0 
9
222 3.0 
10
134 11.0 200 11.0 
11
218 16.0 
12
108 10.0 115 8.0 
13
143 20.0 
14
96 12.0 101 16.0 
15
100 8.0 
16
115 13.0 
17
115 22.0 
18
202 5.0 206 12.0 121 17.0 
19
108 13.0 
20
110 3.000000000000014 119 9.999999999999986 
21
110 19.0 
22
137 7.0 138 2.0 
23
131 10.0 196 10.0 
24
207 23.0 125 23.0 
25
137 15.0 142 1.0 
26
218 23.0 
27
115 21.0 
28
110 17.0 
29
119 34.0 
30
206 1.0 207 24.0 122 25.0 
31
132 24.0 198 7.0 199 3.0 202 14.0 
32
135 7.0 148 24.0 
33
143 28.0 
34
214 2.0 219 13.0 
35
214 30.0 
36
119 13.0 
37
146 23.0 
38
128 35.0 209 35.0 
39
97 15.0 
40
132 11.0 134 10.0 202 21.0 
41
119 29.0 
42
219 10.0 
43
135 10.0 
44
114 31.999999999999993 
45
110 15.0 
46
97 29.0 
47
213 13.0 
48
129 11.0 130 3.0 195 3.0 209 11.0 
49
206 22.0 121 2.0 124 20.0 
50
214 23.0 
51
135 21.0 
52
108 26.0 
53
214 30.0 
54
207 9.0 208 9.0 126 18.0 
55
119 14.0 
56
144 12.0 
57
3 1.0 131 10.0 172 1.0 197 9.0 202 12.0 121 12.0 
58
130 5.0 131 17.0 195 5.0 200 17.0 
59
219 14.0 
60
213 6.000000000000014 216 18.999999999999986 
61

62
110 24.0 
63
91 33.0 101 2.0 
64
144 21.0 
65
207 28.0 125 12.0 126 16.0 
66
95 24.0 
67
115 9.0 
68
95 14.0 
69
129 4.0 131 15.0 196 15.0 209 4.0 
70
134 15.0 199 15.0 
71
117 26.0 
72
130 21.0 195 21.0 207 1.0 126 1.0 
73
108 40.0 
74
218 29.0 
75
117 11.0 
76
218 21.0 
77
119 40.0 
78
130 20.0 195 20.0 
79
132 12.0 202 12.0 
80
129 3.0 131 13.0 195 3.0 198 13.0 
81
202 1.0 204 18.0 121 19.0 
82
99 10.0 101 10.0 
83
213 24.0 
84
98 27.0 
85
108 31.0 
86
138 24.0 
87
99 30.0 
88
138 24.0 
89
108 18.0 
90
128 26.0 208 26.0 
91
142 19.0 143 8.0 
92
222 19.0 
93
141 21.0 
94
119 6.0 
95
148 12.0 
96
133 14.0 198 14.0 
97
108 19.0 
98
96 17.0 
99
200 22.0 120 22.0 
100
141 11.0 
101
137 31.0 
102
97 14.0 
103
99 10.0 
104
119 18.0 
105
131 25.0 196 25.0 
106
214 23.0 
107
130 31.0 195 31.0 
108
218 35.0 
109
119 23.0 
110
213 26.0 
111
100 23.0 
112
132 12.0 133 4.0 198 16.0 
113
142 24.0 
114
224 25.0 
115
108 31.0 
116
119 31.0 
117
97 28.0 
118
146 23.0 
119
95 5.0 
120
216 16.0 
121
117 35.0 
122
119 8.0 
123
100 7.0 102 10.0 
124
219 18.0 
125
117 30.0 
126
128 15.0 206 15.0 208 15.0 125 15.0 
127
94 8.0 95 14.0 
128
216 20.0 
129
94 20.0 
130
132 19.0 197 19.0 
131
145 24.0 148 8.0 
132
222 22.0 
133
213 21.0 
134
102 16.0 
135
129 26.0 209 26.0 
136
219 26.0 
137
134 14.0 202 14.0 
138
95 15.0 
139
100 12.0 
140
97 12.0 
141
133 10.0 199 10.0 
142
207 15.0 126 15.0 
143
204 16.0 120 16.0 
144
144 35.0 
145
142 15.0 
146
119 24.0 
147
214 4.0 
148
133 22.0 199 22.0 
149
219 19.0 
150
222 27.0 
151
141 18.0 
152
214 4.0 224 4.0 
153
103 6.0 
154
216 28.0 
155
108 18.0 
156
108 32.0 
157
117 22.0 
158
216 17.0 
159
96 21.0 97 2.0 
160
137 23.0 
161
128 24.0 209 24.0 
162
115 22.0 
163
94 22.0 
164
219 19.0 
165
137 24.0 
166
222 14.0 
167
222 23.0 
168
108 26.0 
169
117 20.0 
170
135 12.0 
171
213 30.0 218 1.0 
172
148 6.0 
173
213 2.999999999999986 224 21.000000000000014 
174
142 23.0 
175
213 8.0 
176
143 31.0 
177
101 22.0 103 14.0 
178
98 23.0 
179
132 22.0 197 22.0 
180
202 21.0 122 21.0 
181
108 10.0 117 6.0 
182
115 13.0 
183
91 17.0 
184
222 10.0 
185
115 14.0 
186
130 17.0 195 17.0 
187
218 19.0 
188
145 26.0 146 4.0 
189
110 16.0 
190
102 9.0 
191
214 19.0 
192
204 16.0 120 12.0 122 4.0 
193
110 20.0 
194
108 21.0 
195
102 12.0 
196
108 5.0 114 18.0 
197
115 28.0 
198
144 22.0 
199
213 19.0 
