LP information:
0
104 14.0 
1
90 16.0 96 2.0 
2
218 11.0 
3
222 9.0 
4
218 25.0 
5
97 26.0 
6
108 14.0 
7
218 26.0 
8
145 16.0 
9
218 16.0 
10
130 11.0 195 11.0 
11
218 30.0 
12
108 17.0 
13
145 15.0 
14
98 27.0 
15
95 10.0 101 4.0 
16
119 17.0 
17
108 16.0 
18
201 28.0 120 28.0 
19
108 11.0 
20
108 7.0 
21
108 25.0 
22
138 10.0 
23
195 20.0 125 20.0 
24
130 5.0 195 19.0 124 14.0 
25
141 20.0 
26
218 23.0 
27
108 19.0 
28
108 20.0 
29
108 20.0 
30
203 24.0 121 24.0 
31
132 28.0 203 28.0 
32
145 28.0 
33
138 25.0 
34
218 19.0 
35
218 41.0 
36
108 23.0 
37
145 18.0 
38
131 30.0 196 1.0 197 29.0 
39
99 24.0 
40
132 18.0 203 18.0 
41
108 26.0 
42
218 16.0 
43
145 17.0 
44
112 29.0 
45
108 19.000000000000114 119 2.9999999999998863 
46
97 32.0 
47
218 16.0 
48
195 10.0 125 10.0 
49
202 19.0 120 19.0 
50
218 24.0 
51
138 22.0 145 12.0 
52
108 26.0 
53
218 25.0 
54
203 16.0 123 16.0 
55
119 17.0 
56
145 2.0 
57
133 18.0 202 18.0 
58
130 27.0 195 27.0 
59
218 18.0 
60
218 25.0 
61
138 11.0 
62
108 24.0 
63
92 32.0 
64
145 20.0 
65
203 34.0 123 34.0 
66
91 34.0 92 2.0 
67
112 6.0 
68
99 21.0 
69
128 15.0 208 15.0 
70
134 17.0 203 17.0 
71
108 24.0 
72
195 18.0 126 18.0 
73
108 33.0 
74
218 22.0 
75
108 2.0 
76
218 9.0 
77
115 8.9999999999999 119 22.0000000000001 
78
133 16.0 198 16.0 
79
133 21.0 198 21.0 
80
195 29.0 127 29.0 
81
202 14.0 121 14.0 
82
94 25.0 99 2.0 
83
218 32.0 
84
90 8.0 97 10.0 
85
108 22.0 
86
138 31.0 
87
100 31.0 
88
145 9.0 
89
108 16.0 
90
129 1.0 195 1.0 
91
137 25.0 
92
218 37.0 
93
138 20.0 
94
117 19.0 
95
137 15.0 
96
130 7.0 195 7.0 
97
108 13.0 
98
98 9.0 
99
203 20.0 120 20.0 
100
138 8.0 
101
145 23.0 
102
103 15.0 
103
90 24.0 
104
108 14.0 
105
195 16.0 125 16.0 
106
218 15.0 
107
131 9.0 195 16.0 196 9.0 126 16.0 
108
218 36.0 
109
119 16.0 
110
218 8.0 
111
101 15.0 
112
132 22.0 203 22.0 
113
137 23.0 
114
218 13.0 
115
108 27.0 
116
108 29.0 
117
100 12.0 
118
145 24.0 
119
101 19.0 
120
213 9.0 222 9.0 
121
112 27.0 
122
119 18.0 
123
102 14.0 
124
218 26.0 
125
113 30.0 
126
203 32.0 122 32.0 
127
103 27.0 
128
222 11.0 
129
95 3.0 100 18.0 
130
202 20.0 120 20.0 
131
138 23.0 
132
222 16.0 
133
214 21.0 
134
98 16.0 
135
207 23.0 127 23.0 
136
214 17.0 
137
133 9.0 203 9.0 
138
96 11.0 
139
99 14.0 
140
93 6.0 98 1.0 
141
128 15.0 208 15.0 
142
195 9.0 125 9.0 
143
134 9.0 203 14.0 123 5.0 
144
138 24.0 
145
138 8.0 
146
108 20.0 
147
218 13.0 
148
133 20.0 203 20.0 
149
218 12.0 
150
214 22.0 
151
138 19.0 
152
216 14.0 
153
93 11.0 102 1.0 
154
216 24.0 
155
108 17.0 
156
108 19.0 
157
108 28.0 
158
218 9.0 
159
96 7.0 
160
138 30.0 
161
195 34.0 125 34.0 
162
119 24.0 
163
92 18.0 
164
218 17.0 
165
138 8.0 146 17.0 
166
218 22.0 
167
218 12.0 
168
108 28.0 
169
108 22.0 
170
147 12.0 
171
218 28.0 
172
138 15.0 
173
218 23.0 
174
137 22.0 
175
218 6.0 
176
137 26.0 
177
102 26.0 
178
96 19.0 
179
202 24.0 122 24.0 
180
134 19.0 201 3.0 202 16.0 
181
108 18.0 
182
116 25.0 
183
90 18.0 
184
214 19.0 
185
117 10.0 
186
129 24.0 195 24.0 
187
218 15.0 
188
145 23.0 
189
108 23.0 
190
103 13.0 
191
218 29.0 
192
134 26.0 203 26.0 
193
108 23.0 
194
108 20.0 
195
99 10.0 102 15.0 
196
108 19.0 
197
108 15.0 
198
145 21.0 
199
222 17.0 

Final Solution:
0
96 14.0 
1
95 18.0 
2
218 11.0 
3
214 9.0 
4
222 25.0 
5
96 24.0 98 2.0 
6
112 14.0 
7
222 26.0 
8
141 16.0 
9
219 3.0 222 13.0 
10
130 4.0 134 7.0 15 4.0 34 4.0 200 7.0 
11
213 30.0 
12
113 17.0 
13
138 15.0 
14
98 3.0 101 19.0 103 5.0 
15
101 14.0 
16
15 1.0 112 1.0 117 2.0 119 13.0 130 1.0 157 1.0 
17
108 7.0 114 9.0 
18
202 4.0 205 24.0 121 28.0 
19
117 11.0 
20
119 7.0 
21
108 25.0 
22
135 10.0 
23
205 5.0 207 15.0 125 5.0 127 15.0 
24
130 3.0 195 3.0 206 16.0 126 16.0 
25
146 20.0 
26
216 23.0 
27
108 19.0 
28
108 20.0 
29
108 4.0 119 16.0 
30
203 24.0 121 9.0 122 15.0 
31
132 25.0 133 3.0 197 25.0 203 3.0 
32
135 5.0 145 23.0 
33
141 25.0 
34
218 11.0 223 8.0 
35
223 41.0 
36
113 23.0 
37
145 18.0 
38
128 4.0 131 26.0 197 30.0 
39
101 24.0 
40
133 9.0 201 9.0 202 9.0 122 9.0 
41
108 26.0 
42
213 8.0 214 8.0 
43
147 17.0 
44
112 29.0 
45
117 22.0 
46
98 32.0 
47
218 16.0 
48
205 10.0 125 10.0 
49
201 4.0 205 15.0 121 4.0 125 15.0 
50
218 11.0 222 13.0 
51
136 34.0 
52
112 26.0 
53
218 25.0 
54
207 16.0 125 1.0 127 15.0 
55
119 17.0 
56
146 2.0 
57
201 18.0 121 18.0 
58
134 27.0 201 27.0 
59
216 18.0 
60
214 25.0 
61
135 11.0 
62
112 24.0 
63
97 16.0 98 16.0 
64
145 20.0 
65
206 34.0 126 34.0 
66
91 33.0 92 3.0 
67
112 6.0 
68
98 21.0 
69
131 11.0 197 11.0 206 4.0 126 4.0 
70
205 17.0 123 17.0 
71
108 24.0 
72
128 18.0 197 18.0 
73
108 33.0 
74
216 22.0 
75
119 2.0 
76
213 9.0 
77
115 22.0 116 9.0 
78
128 13.0 195 13.0 207 3.0 127 3.0 
79
133 5.0 134 7.0 200 12.0 203 9.0 123 9.0 
80
133 29.0 198 29.0 
81
206 14.0 126 14.0 
82
91 25.0 101 2.0 
83
213 32.0 
84
97 18.0 
85
119 22.0 
86
138 12.0 139 19.0 
87
95 31.0 
88
145 9.0 
89
113 16.0 
90
198 1.0 127 1.0 
91
141 25.0 
92
223 37.0 
93
141 20.0 
94
114 19.0 
95
138 15.0 
96
130 3.0 133 4.0 197 3.0 198 4.0 
97
113 13.0 
98
92 9.0 
99
205 20.0 123 10.0 125 10.0 
100
139 8.0 
101
136 23.0 
102
101 15.0 
103
96 12.0 160 12.0 201 12.0 
104
108 14.0 
105
207 16.0 127 16.0 
106
214 15.0 
107
130 25.0 197 25.0 
108
218 36.0 
109
117 16.0 
110
218 8.0 
111
93 15.0 
112
132 22.0 200 11.0 202 11.0 
113
136 3.0 137 20.0 
114
216 13.0 
115
117 27.0 
116
119 29.0 
117
98 12.0 
118
139 24.0 
119
92 19.0 
120
211 18.0 
121
117 27.0 
122
117 18.0 
123
98 14.0 
124
211 26.0 
125
114 30.0 
126
206 32.0 126 32.0 
127
103 27.0 
128
218 11.0 
129
102 21.0 
130
134 20.0 201 20.0 
131
146 23.0 
132
216 16.0 
133
218 21.0 
134
102 16.0 
135
130 23.0 197 23.0 
136
211 17.0 
137
134 9.0 200 9.0 
138
95 1.0 97 10.0 
139
93 14.0 
140
93 7.0 
141
128 15.0 197 15.0 
142
205 9.0 125 9.0 
143
203 14.0 123 14.0 
144
139 24.0 
145
138 8.0 
146
116 19.0 119 1.0 
147
214 13.0 
148
201 20.0 121 20.0 
149
213 12.0 
150
218 22.0 
151
135 19.0 
152
211 14.0 
153
92 12.0 
154
211 24.0 
155
117 17.0 
156
114 19.0 
157
108 28.0 
158
216 9.0 
159
92 7.0 
160
137 30.0 
161
130 34.0 195 34.0 
162
119 24.0 
163
103 18.0 
164
219 17.0 
165
147 25.0 
166
218 22.0 
167
213 12.0 
168
119 28.0 
169
116 22.0 
170
141 12.0 
171
214 28.0 
172
136 10.0 146 5.0 
173
222 23.0 
174
139 22.0 
175
218 6.0 
176
136 26.0 
177
101 26.0 
178
97 6.0 102 13.0 
179
132 3.0 198 3.0 201 21.0 121 21.0 
180
134 19.0 201 19.0 
181
119 18.0 
182
115 25.0 
183
91 17.0 93 1.0 
184
213 5.0 223 14.0 
185
117 10.0 
186
131 13.0 134 11.0 198 13.0 200 11.0 
187
213 13.0 216 2.0 
188
147 23.0 
189
119 23.0 
190
93 13.0 
191
213 29.0 
192
202 26.0 122 26.0 
193
114 23.0 
194
106 20.0 
195
91 25.0 
196
113 19.0 
197
113 12.0 115 3.0 
198
147 21.0 
199
216 17.0 
