LP information:
0
104 12.0 
1
91 13.0 
2
219 11.0 
3
212 11.0 
4
224 27.0 
5
98 3.0 104 17.0 
6
108 23.0 
7
217 28.0 
8
141 21.0 
9
216 11.0 
10
129 11.0 200 11.0 
11
217 21.0 
12
111 18.0 
13
136 18.0 
14
97 12.0 100 18.0 
15
100 19.0 
16
114 17.0 
17
108 23.0 
18
200 3.0 203 18.0 120 21.0 
19
108 14.0 
20
105 13.0 
21
109 13.0 
22
137 13.0 
23
206 20.0 125 20.0 
24
204 21.0 124 21.0 
25
140 20.0 
26
219 12.000000000000014 221 10.999999999999986 
27
108 18.0 
28
114 15.0 
29
107 21.0 
30
203 24.0 121 24.0 
31
203 21.0 120 21.0 
32
140 6.0 147 22.0 
33
140 27.0 
34
221 23.0 
35
224 30.0 
36
108 11.0 
37
141 24.0 
38
207 26.0 208 2.0 127 28.0 
39
99 19.0 
40
132 19.0 203 19.0 
41
108 23.0 
42
218 13.0 
43
138 16.0 
44
114 29.0 
45
105 12.0 
46
98 25.0 
47
224 10.0 
48
206 11.0 125 11.0 
49
203 20.0 120 20.0 
50
219 30.0 
51
137 25.0 
52
111 29.0 
53
214 29.0 
54
203 10.0 122 10.0 
55
114 20.0 
56
137 11.0 
57
131 24.0 197 24.0 
58
130 23.0 201 23.0 
59
215 8.0 218 9.0 
60
219 21.0 
61
141 10.0 
62
106 26.0 
63
90 29.0 
64
141 19.0 
65
206 27.0 124 27.0 
66
92 26.0 
67
117 10.0 
68
90 17.0 91 1.0 
69
206 18.0 126 18.0 
70
203 15.0 122 15.0 
71
114 20.0 
72
206 25.0 126 25.0 
73
107 22.99999999999997 114 2.0000000000000284 
74
215 22.0 
75
108 10.0 
76
221 16.0 
77
114 29.0 
78
198 7.0 208 6.0 127 13.0 
79
132 19.0 203 19.0 
80
208 21.0 127 21.0 
81
203 23.0 121 9.0 123 14.0 
82
93 22.0 
83
219 25.0 
84
99 29.0 
85
106 21.0 
86
140 27.0 
87
97 29.0 
88
140 21.0 
89
114 21.0 
90
128 11.0 198 11.0 
91
138 26.0 
92
221 30.0 
93
137 20.0 
94
117 16.0 
95
137 17.0 
96
207 10.0 127 10.0 
97
107 16.0 
98
91 11.0 
99
206 21.0 123 21.0 
100
140 11.0 
101
140 26.0 
102
103 16.0 
103
101 13.0 
104
105 15.0 
105
206 23.0 125 23.0 
106
224 21.0 
107
206 28.0 126 28.0 
108
216 26.0 
109
114 21.0 
110
219 16.0 
111
91 14.0 
112
132 22.0 203 22.0 
113
137 18.0 
114
224 19.0 
115
108 6.000000000000028 114 17.99999999999997 
116
106 29.0 
117
101 20.0 
118
136 24.0 
119
102 14.0 
120
215 20.0 
121
111 25.0 
122
119 18.0 
123
93 5.0 97 14.0 
124
217 21.0 
125
119 27.0 
126
206 29.0 125 29.0 
127
91 23.0 
128
215 14.0 
129
95 19.0 
130
133 21.0 201 21.0 
131
141 20.0 
132
216 11.0 217 10.0 
133
218 20.0 
134
104 15.0 
135
130 22.0 198 22.0 
136
212 22.0 
137
133 17.0 203 17.0 
138
103 11.0 
139
91 17.0 
140
93 2.0 102 11.0 
141
128 18.0 208 18.0 
142
206 17.0 125 17.0 
143
134 16.0 203 16.0 
144
140 28.0 
145
137 11.0 
146
119 23.0 
147
218 10.0 
148
134 20.0 203 20.0 
149
217 21.0 
150
224 24.0 
151
135 14.0 
152
224 18.0 
153
103 8.0 104 4.0 
154
224 26.0 
155
108 24.0 
156
107 28.0 
157
109 20.0 
158
218 11.0 
159
97 16.0 
160
138 30.0 
161
206 30.0 126 30.0 
162
117 19.0 
163
91 22.0 
164
219 13.0 
165
138 25.0 
166
224 17.0 
167
221 16.0 
168
105 24.0 
169
107 12.000000000000043 113 3.9999999999999574 
170
137 12.0 
171
216 28.0 
172
137 12.0 
173
212 21.0 
174
138 20.0 
175
217 14.0 
176
137 26.0 
177
95 27.0 
178
99 24.0 
179
131 14.0 132 11.0 201 25.0 
180
134 18.0 203 18.0 
181
107 15.0 
182
111 21.0 
183
90 18.0 
184
219 15.0 
185
111 17.0 
186
129 13.0 130 1.0 133 6.0 198 20.0 
187
221 14.0 
188
136 27.0 137 1.0 
189
110 15.0 
190
98 16.0 
191
219 20.0 
192
134 18.0 203 18.0 
193
108 14.0 117 9.0 
194
115 22.0 
195
100 25.0 
196
108 27.0 
197
116 21.0 
198
137 18.0 142 1.0 
199
214 21.0 

Final Solution:
0
93 12.0 
1
93 13.0 
2
216 8.0 217 3.0 
3
219 10.0 224 1.0 
4
217 27.0 
5
92 20.0 
6
107 12.0 108 11.0 
7
218 7.0 219 21.0 
8
142 21.0 
9
214 11.0 
10
1 6.0 129 11.0 171 6.0 197 5.0 
11
219 21.0 
12
107 18.0 
13
137 18.0 
14
100 10.0 102 13.0 103 7.0 
15
102 19.0 
16
111 17.0 
17
106 2.0 114 21.0 
18
204 21.0 121 14.0 122 7.0 
19
107 11.0 119 3.0 
20
108 13.0 
21
108 13.0 
22
147 13.0 
23
206 20.0 125 20.0 
24
128 21.0 208 21.0 
25
142 20.0 
26
219 23.0 
27
109 18.0 
28
111 15.0 
29
109 21.0 
30
204 21.0 206 3.0 122 21.0 126 3.0 
31
203 21.0 122 21.0 
32
137 28.0 
33
147 27.0 
34
214 23.0 
35
212 23.0 218 7.0 
36
119 11.0 
37
147 24.0 
38
128 28.0 197 2.0 198 25.0 208 1.0 
39
101 19.0 
40
133 10.0 198 10.0 203 9.0 123 9.0 
41
119 23.0 
42
219 13.0 
43
136 10.0 147 6.0 
44
114 29.0 
45
117 12.0 
46
91 25.0 
47
212 10.0 
48
208 11.0 127 11.0 
49
204 19.0 206 1.0 122 20.0 
50
212 30.0 
51
147 25.0 
52
107 29.0 
53
212 29.0 
54
206 3.0 207 7.0 123 3.0 127 7.0 
55
107 20.0 
56
147 11.0 
57
134 24.0 200 24.0 
58
132 20.0 134 3.0 198 20.0 201 3.0 
59
217 2.0 224 15.0 
60
224 21.0 
61
135 8.0 142 2.0 
62
109 4.0 115 22.0 
63
91 29.0 
64
141 19.0 
65
208 27.0 126 27.0 
66
91 4.0 98 8.0 99 14.0 
67
111 10.0 
68
91 15.0 93 3.0 
69
206 18.0 126 18.0 
70
134 2.0 203 15.0 122 13.0 
71
111 14.0 112 6.0 
72
197 25.0 127 25.0 
73
106 25.0 
74
218 22.0 
75
107 10.0 
76
214 1.0 218 15.0 
77
114 29.0 
78
207 13.0 127 13.0 
79
133 2.0 203 19.0 123 17.0 
80
207 21.0 127 21.0 
81
206 23.0 126 23.0 
82
90 18.0 102 4.0 
83
219 25.0 
84
98 29.0 
85
114 21.0 
86
136 2.0 138 25.0 
87
99 29.0 
88
138 12.0 140 9.0 
89
111 21.0 
90
133 11.0 198 11.0 
91
135 11.0 140 15.0 
92
212 10.0 221 20.0 
93
142 20.0 
94
117 16.0 
95
142 17.0 
96
132 5.0 198 10.0 127 5.0 
97
109 16.0 
98
91 11.0 
99
204 21.0 123 21.0 
100
135 11.0 
101
140 26.0 
102
103 16.0 
103
90 13.0 
104
108 15.0 
105
206 23.0 125 23.0 
106
214 21.0 
107
207 28.0 127 28.0 
108
217 26.0 
109
117 21.0 
110
214 16.0 
111
101 14.0 
112
133 6.0 134 16.0 198 6.0 200 6.0 201 10.0 
113
141 18.0 
114
221 19.0 
115
119 24.0 
116
119 29.0 
117
91 16.0 151 4.0 203 2.0000000000000018 207 1.9999999999999982 
118
136 24.0 
119
102 14.0 
120
224 20.0 
121
115 25.0 
122
117 18.0 
123
102 19.0 
124
218 21.0 
125
117 27.0 
126
207 29.0 126 29.0 
127
92 23.0 
128
224 14.0 
129
101 17.0 151 2.0 206 2.0 
130
133 21.0 198 21.0 
131
142 20.0 
132
217 21.0 
133
219 20.0 
134
100 15.0 
135
128 1.0 129 21.0 198 22.0 
136
214 22.0 
137
201 17.0 120 17.0 
138
97 11.0 
139
90 3.0 92 7.0 99 7.0 
140
98 13.0 
141
129 18.0 197 18.0 
142
208 17.0 127 17.0 
143
203 16.0 121 16.0 
144
141 28.0 
145
136 11.0 
146
106 23.0 
147
214 10.0 
148
201 20.0 121 20.0 
149
221 21.0 
150
221 24.0 
151
137 14.0 
152
216 18.0 
153
97 12.0 
154
214 26.0 
155
108 24.0 
156
119 28.0 
157
108 20.0 
158
216 11.0 
159
97 16.0 
160
138 30.0 
161
206 7.0 208 23.0 125 7.0 127 23.0 
162
117 19.0 
163
93 22.0 
164
212 13.0 
165
147 25.0 
166
219 17.0 
167
221 16.0 
168
108 4.0 109 6.0 112 14.0 
169
117 16.0 
170
137 12.0 
171
218 28.0 
172
137 12.0 
173
212 21.0 
174
135 20.0 
175
224 14.0 
176
138 21.0 141 5.0 
177
103 27.0 
178
97 11.0 102 13.0 
179
132 25.0 198 25.0 
180
203 18.0 122 18.0 
181
109 15.0 
182
119 21.0 
183
102 18.0 
184
224 15.0 
185
117 17.0 
186
200 20.0 120 20.0 
187
212 14.0 
188
137 16.0 138 12.0 
189
117 4.0 119 11.0 
190
90 16.0 
191
214 20.0 
192
134 5.0 204 18.0 120 13.0 
193
111 23.0 
194
109 22.0 
195
100 25.0 
196
109 27.0 
197
109 21.0 
198
147 19.0 
199
217 21.0 
