LP information:
0
38 12.5 42 16.5 
1
61 11.0 
2
128 24.5 130 6.5 3 24.5 7 6.5 
3
61 19.0 
4
77 13.0 86 3.5000000000000004 89 1.5 
5
10 6.5 63 14.5 78 6.5 111 14.5 
6
80 6.5 84 21.0 85 2.5 120 6.5 124 23.5 
7
136 21.0 13 21.0 
8
18 2.0 28 14.5 72 12.5 84 14.5 89 2.0 90 12.5 
9
0 3.5 13 14.5 53 14.5 54 3.5 
10
94 10.0 54 10.0 
11
146 21.0 
12
6 13.0 144 13.0 
13
124 11.0 
14
137 28.0 96 28.0 
15
89 21.0 
16
60 6.5 63 13.5 
17
94 20.0 
18
29 16.0 
19
132 19.5 125 3.5 

Final Solution:
0
42 19.0 43 10.0 
1
62 11.0 
2
19 31.0 42 31.0 
3
61 19.0 
4
88 18.0 
5
62 21.0 112 20.0 115 1.0 
6
85 30.0 123 30.0 
7
137 5.0 141 16.0 14 21.0 
8
19 1.0 61 28.0 88 1.0 94 28.0 
9
14 18.0 54 18.0 
10
94 10.0 54 10.0 
11
141 21.0 
12
2 13.0 141 13.0 
13
123 11.0 
14
137 8.0 138 20.0 97 28.0 
15
85 20.0 88 1.0 
16
61 3.0 62 17.0 
17
94 12.0 97 8.0 
18
19 16.0 
19
128 14.0 123 9.0 
