Network:
75 225 409

Commodity:
11 12 7 12 11 8 6 8 7 7 5 11 8 10 6 11 12 10 11 10 

Service Arc:
0 (0,0)->(4,3)
2 3 38 37 111 20 225 119 194 223 222 157 178 154 3 3 3 3 3 3 3 3 2 3 3 3
1 (0,1)->(4,4)
4 3 64 37 111 0 225 83 163 183 231 199 204 120 3 3 2 3 3 3 3 3 2 3 3 3
2 (0,2)->(4,5)
4 3 64 37 73 0 187 83 189 183 172 189 204 100 3 3 2 3 3 3 3 2 2 3 3 2
3 (0,3)->(4,6)
5 3 64 37 43 0 173 111 210 193 149 189 166 108 3 3 2 3 3 3 3 2 2 3 3 2
4 (0,4)->(4,7)
6 3 80 37 43 0 151 127 210 146 138 189 152 111 3 3 2 3 3 3 3 2 2 3 3 2
5 (0,5)->(4,8)
5 3 58 37 43 0 151 127 196 146 148 190 130 111 3 3 2 3 2 3 3 2 3 3 3 2
6 (0,6)->(4,9)
5 3 58 37 53 23 161 106 149 117 188 190 120 90 3 3 3 3 2 3 3 3 3 3 3 2
7 (0,7)->(4,10)
5 3 58 20 53 23 141 136 132 120 198 210 130 115 3 3 3 3 2 3 3 3 3 3 3 3
8 (0,8)->(4,11)
6 3 58 50 53 43 112 166 203 92 198 199 130 166 3 3 3 3 3 3 3 3 3 3 3 3
9 (0,9)->(4,12)
5 3 29 60 53 43 99 163 203 122 177 170 101 209 3 3 3 3 3 3 3 3 3 3 3 3
10 (0,10)->(4,13)
4 3 16 57 57 43 125 116 171 116 171 154 69 206 3 3 3 3 3 3 3 3 3 3 2 3
11 (0,11)->(4,14)
4 3 38 57 68 43 106 116 158 167 192 127 95 206 3 2 3 3 3 3 3 3 3 3 2 3
12 (0,12)->(4,0)
4 3 38 57 68 43 106 136 180 195 192 127 106 206 3 2 3 3 3 3 3 3 3 3 2 3
13 (0,13)->(4,1)
3 3 38 77 68 43 106 163 227 240 222 106 106 204 3 2 3 3 3 3 3 3 3 3 2 3
14 (0,14)->(4,2)
3 3 38 77 111 43 199 142 217 250 222 156 125 194 3 3 3 3 3 3 3 3 3 3 3 3
15 (0,0)->(1,4)
3 4 38 37 50 62 225 119 194 223 171 170 117 173 3 3 3 3 3 3 3 3 3 3 3 3
16 (0,1)->(1,5)
3 4 64 37 50 46 225 83 163 183 205 196 143 162 3 3 2 3 3 3 3 3 3 3 3 3
17 (0,2)->(1,6)
3 4 64 37 50 46 187 83 189 183 217 214 143 146 3 3 2 3 3 3 3 3 3 3 3 3
18 (0,3)->(1,7)
3 4 64 37 50 74 173 111 210 193 194 230 143 154 3 3 2 3 3 3 3 3 3 3 3 3
19 (0,4)->(1,8)
4 4 80 37 50 90 151 127 210 146 183 250 159 185 3 3 2 3 3 3 3 3 3 3 3 3
20 (0,5)->(1,9)
4 4 58 37 50 90 151 127 196 146 183 223 137 201 3 3 2 3 2 3 3 3 3 3 3 3
21 (0,6)->(1,10)
2 4 58 37 50 63 161 106 149 117 184 193 127 180 3 3 3 3 2 3 3 3 3 3 3 3
22 (0,7)->(1,11)
3 4 58 20 30 63 141 136 132 120 210 193 127 155 3 3 3 3 2 3 3 3 3 3 3 3
23 (0,8)->(1,12)
3 4 58 50 30 63 112 166 203 92 210 193 107 206 3 3 3 3 3 3 3 3 3 3 3 3
24 (0,9)->(1,13)
2 4 29 60 30 63 99 163 203 122 185 117 78 229 3 3 3 3 3 3 3 3 3 3 3 3
25 (0,10)->(1,14)
1 4 16 57 30 16 125 116 171 116 154 93 46 226 3 3 3 3 3 3 3 2 3 3 2 3
26 (0,11)->(1,0)
2 4 38 57 0 16 106 116 158 167 153 63 68 179 3 2 3 3 3 3 3 2 3 3 2 3
27 (0,12)->(1,1)
2 4 38 57 0 16 106 136 180 195 153 90 38 179 3 2 3 3 3 3 3 2 3 3 1 3
28 (0,13)->(1,2)
3 4 38 77 0 43 106 163 227 240 200 92 38 177 3 2 3 3 3 3 3 3 3 3 1 3
29 (0,14)->(1,3)
3 4 38 77 50 62 199 142 217 250 200 176 57 194 3 3 3 3 3 3 3 3 3 3 2 3
30 (1,0)->(2,4)
1 4 0 16 95 10 153 63 68 179 172 153 142 99 3 2 3 3 2 3 3 3 3 3 2 3
31 (1,1)->(2,5)
1 4 0 16 95 10 153 90 38 179 140 176 163 69 3 2 3 3 1 3 3 3 3 3 2 3
32 (1,2)->(2,6)
1 4 0 43 92 10 200 92 38 177 108 227 163 96 3 3 3 3 1 3 3 2 3 3 2 3
33 (1,3)->(2,7)
4 4 50 62 92 64 200 176 57 194 130 227 253 115 3 3 3 3 2 3 3 2 3 3 3 3
34 (1,4)->(2,8)
5 4 50 62 92 64 171 170 117 173 177 256 253 146 3 3 3 3 3 3 3 2 3 3 3 3
35 (1,5)->(2,9)
6 4 50 46 139 93 205 196 143 162 167 244 253 110 3 3 3 3 3 3 3 2 3 3 3 2
36 (1,6)->(2,10)
5 4 50 46 129 83 217 214 143 146 163 234 262 139 3 3 3 3 3 3 3 3 3 3 3 2
37 (1,7)->(2,11)
4 4 50 74 106 83 194 230 143 154 162 194 222 157 3 3 3 3 3 3 3 3 3 3 3 2
38 (1,8)->(2,12)
3 4 50 90 95 83 183 250 159 185 188 183 199 173 3 3 3 3 3 3 3 3 3 3 3 2
39 (1,9)->(2,13)
3 4 50 90 95 83 183 223 137 201 209 193 188 173 3 3 3 3 3 3 3 3 3 3 3 2
40 (1,10)->(2,14)
2 4 50 63 116 93 184 193 127 180 209 201 198 169 3 3 3 3 3 3 3 3 3 3 3 3
41 (1,11)->(2,0)
3 4 30 63 116 93 210 193 127 155 225 204 199 179 3 3 3 3 3 3 3 3 3 3 3 3
42 (1,12)->(2,1)
3 4 30 63 116 93 210 193 107 206 178 175 199 199 3 3 3 3 3 3 3 3 3 3 3 3
43 (1,13)->(2,2)
2 4 30 63 91 64 185 117 78 229 151 130 199 199 3 3 3 3 3 3 3 3 3 3 3 3
44 (1,14)->(2,3)
1 4 30 16 74 40 154 93 46 226 172 102 178 123 3 2 3 3 2 3 3 3 3 3 3 3
45 (1,0)->(0,5)
1 5 0 16 58 37 153 63 68 179 151 127 196 146 3 2 3 3 2 3 3 3 2 3 2 3
46 (1,1)->(0,6)
1 5 0 16 58 37 153 90 38 179 161 106 149 117 3 2 3 3 1 3 3 3 3 3 2 3
47 (1,2)->(0,7)
1 5 0 43 58 20 200 92 38 177 141 136 132 120 3 3 3 3 1 3 3 3 3 3 2 3
48 (1,3)->(0,8)
3 5 50 62 58 50 200 176 57 194 112 166 203 92 3 3 3 3 2 3 3 3 3 3 3 3
49 (1,4)->(0,9)
4 5 50 62 29 60 171 170 117 173 99 163 203 122 3 3 3 3 3 3 3 3 3 3 3 3
50 (1,5)->(0,10)
3 5 50 46 16 57 205 196 143 162 125 116 171 116 3 3 3 3 3 3 3 3 3 3 3 3
51 (1,6)->(0,11)
2 5 50 46 38 57 217 214 143 146 106 116 158 167 3 3 3 3 3 3 3 2 3 3 3 3
52 (1,7)->(0,12)
2 5 50 74 38 57 194 230 143 154 106 136 180 195 3 3 3 3 3 3 3 2 3 3 3 3
53 (1,8)->(0,13)
3 5 50 90 38 77 183 250 159 185 106 163 227 240 3 3 3 3 3 3 3 2 3 3 3 3
54 (1,9)->(0,14)
3 5 50 90 38 77 183 223 137 201 199 142 217 250 3 3 3 3 3 3 3 3 3 3 3 3
55 (1,10)->(0,0)
1 5 50 63 38 37 184 193 127 180 225 119 194 223 3 3 3 3 3 3 3 3 3 3 3 3
56 (1,11)->(0,1)
0 5 30 63 64 37 210 193 127 155 225 83 163 183 3 3 3 3 3 3 3 3 2 3 3 3
57 (1,12)->(0,2)
0 5 30 63 64 37 210 193 107 206 187 83 189 183 3 3 3 3 3 3 3 3 2 3 3 3
58 (1,13)->(0,3)
0 5 30 63 64 37 185 117 78 229 173 111 210 193 3 3 3 3 3 3 3 3 2 3 3 3
59 (1,14)->(0,4)
1 5 30 16 80 37 154 93 46 226 151 127 210 146 3 2 3 3 2 3 3 3 2 3 3 3
60 (2,0)->(3,3)
4 3 116 93 29 74 225 204 199 179 122 164 213 207 3 3 3 3 3 3 3 3 2 3 3 3
61 (2,1)->(3,4)
4 3 116 93 29 74 178 175 199 199 112 143 213 210 3 3 3 3 3 3 3 3 2 3 3 3
62 (2,2)->(3,5)
3 3 91 64 19 53 151 130 199 199 122 158 188 181 3 3 3 3 3 3 3 3 3 3 3 3
63 (2,3)->(3,6)
4 3 74 40 19 72 172 102 178 123 102 179 204 136 3 3 3 3 3 3 3 3 3 3 3 3
64 (2,4)->(3,7)
6 3 95 10 19 93 172 153 142 99 102 212 225 102 3 3 3 3 2 3 3 3 3 3 3 3
65 (2,5)->(3,8)
6 3 95 10 19 106 140 176 163 69 83 212 225 103 3 3 3 3 2 3 3 2 3 3 3 2
66 (2,6)->(3,9)
6 3 92 10 0 106 108 227 163 96 87 165 184 116 3 2 3 3 2 3 3 2 3 3 3 2
67 (2,7)->(3,10)
8 3 92 64 0 106 130 227 253 115 68 165 135 170 3 2 3 3 3 3 3 1 3 3 2 2
68 (2,8)->(3,11)
8 3 92 64 0 106 177 256 253 146 68 143 135 170 3 2 3 3 3 3 3 1 3 3 2 2
69 (2,9)->(3,12)
9 3 139 93 0 84 167 244 253 110 87 160 182 199 3 2 3 3 3 2 3 2 3 3 2 2
70 (2,10)->(3,13)
8 3 129 83 19 74 163 234 262 139 190 179 182 190 3 3 3 3 3 2 3 3 3 3 2 3
71 (2,11)->(3,14)
7 3 106 83 29 74 162 194 222 157 190 145 178 180 3 3 3 3 3 2 3 3 3 3 3 3
72 (2,12)->(3,0)
5 3 95 83 29 63 188 183 199 173 190 109 177 200 3 3 3 3 3 2 3 3 2 3 3 3
73 (2,13)->(3,1)
5 3 95 83 29 63 209 193 188 173 152 117 177 189 3 3 3 3 3 2 3 3 2 3 3 3
74 (2,14)->(3,2)
5 3 116 93 29 71 209 201 198 169 122 148 202 199 3 3 3 3 3 3 3 3 2 3 3 3
75 (2,0)->(0,4)
5 4 116 93 80 37 225 204 199 179 151 127 210 146 3 3 3 3 3 3 3 3 2 3 3 3
76 (2,1)->(0,5)
5 4 116 93 58 37 178 175 199 199 151 127 196 146 3 3 3 3 3 3 3 3 2 3 2 3
77 (2,2)->(0,6)
4 4 91 64 58 37 151 130 199 199 161 106 149 117 3 3 3 3 3 3 3 3 3 3 2 3
78 (2,3)->(0,7)
4 4 74 40 58 20 172 102 178 123 141 136 132 120 3 3 3 3 3 3 3 3 3 3 2 3
79 (2,4)->(0,8)
5 4 95 10 58 50 172 153 142 99 112 166 203 92 3 3 3 3 2 3 3 3 3 3 3 3
80 (2,5)->(0,9)
5 4 95 10 29 60 140 176 163 69 99 163 203 122 3 3 3 3 2 3 3 3 3 3 3 3
81 (2,6)->(0,10)
4 4 92 10 16 57 108 227 163 96 125 116 171 116 3 2 3 3 2 3 3 3 3 3 3 3
82 (2,7)->(0,11)
5 4 92 64 38 57 130 227 253 115 106 116 158 167 3 2 3 3 3 3 3 2 3 3 3 3
83 (2,8)->(0,12)
6 4 92 64 38 57 177 256 253 146 106 136 180 195 3 2 3 3 3 3 3 2 3 3 3 3
84 (2,9)->(0,13)
7 4 139 93 38 77 167 244 253 110 106 163 227 240 3 2 3 3 3 2 3 2 3 3 3 3
85 (2,10)->(0,14)
7 4 129 83 38 77 163 234 262 139 199 142 217 250 3 3 3 3 3 2 3 3 3 3 3 3
86 (2,11)->(0,0)
4 4 106 83 38 37 162 194 222 157 225 119 194 223 3 3 3 3 3 2 3 3 3 3 3 3
87 (2,12)->(0,1)
4 4 95 83 64 37 188 183 199 173 225 83 163 183 3 3 3 3 3 2 3 3 2 3 3 3
88 (2,13)->(0,2)
4 4 95 83 64 37 209 193 188 173 187 83 189 183 3 3 3 3 3 2 3 3 2 3 3 3
89 (2,14)->(0,3)
5 4 116 93 64 37 209 201 198 169 173 111 210 193 3 3 3 3 3 3 3 3 2 3 3 3
90 (3,0)->(1,5)
4 5 29 63 50 46 190 109 177 200 205 196 143 162 3 3 2 3 3 3 3 3 3 3 3 3
91 (3,1)->(1,6)
3 5 29 63 50 46 152 117 177 189 217 214 143 146 3 3 2 3 3 3 3 3 3 3 3 3
92 (3,2)->(1,7)
4 5 29 71 50 74 122 148 202 199 194 230 143 154 3 3 2 3 3 3 3 3 3 3 3 3
93 (3,3)->(1,8)
5 5 29 74 50 90 122 164 213 207 183 250 159 185 3 3 2 3 3 3 3 3 3 3 3 3
94 (3,4)->(1,9)
5 5 29 74 50 90 112 143 213 210 183 223 137 201 3 3 2 3 3 3 3 3 3 3 3 3
95 (3,5)->(1,10)
2 5 19 53 50 63 122 158 188 181 184 193 127 180 3 3 3 3 3 3 3 3 3 3 3 3
96 (3,6)->(1,11)
3 5 19 72 30 63 102 179 204 136 210 193 127 155 3 3 3 3 3 3 3 3 3 3 3 3
97 (3,7)->(1,12)
3 5 19 93 30 63 102 212 225 102 210 193 107 206 3 3 3 3 3 3 3 3 3 3 3 3
98 (3,8)->(1,13)
3 5 19 106 30 63 83 212 225 103 185 117 78 229 3 2 3 3 3 2 3 3 3 3 3 3
99 (3,9)->(1,14)
1 5 0 106 30 16 87 165 184 116 154 93 46 226 3 2 3 3 3 2 3 2 3 3 2 3
100 (3,10)->(1,0)
1 5 0 106 0 16 68 165 135 170 153 63 68 179 3 1 3 3 2 2 3 2 3 3 2 3
101 (3,11)->(1,1)
2 5 0 106 0 16 68 143 135 170 153 90 38 179 3 1 3 3 2 2 3 2 3 3 1 3
102 (3,12)->(1,2)
3 5 0 84 0 43 87 160 182 199 200 92 38 177 3 2 3 3 2 2 3 3 3 3 1 3
103 (3,13)->(1,3)
5 5 19 74 50 62 190 179 182 190 200 176 57 194 3 3 3 3 2 3 3 3 3 3 2 3
104 (3,14)->(1,4)
6 5 29 74 50 62 190 145 178 180 171 170 117 173 3 3 3 3 3 3 3 3 3 3 3 3
105 (3,0)->(4,4)
1 4 29 63 111 0 190 109 177 200 231 199 204 120 3 3 2 3 3 3 3 3 2 3 3 3
106 (3,1)->(4,5)
1 4 29 63 73 0 152 117 177 189 172 189 204 100 3 3 2 3 3 3 3 2 2 3 3 2
107 (3,2)->(4,6)
0 4 29 71 43 0 122 148 202 199 149 189 166 108 3 3 2 3 3 3 3 2 2 3 3 2
108 (3,3)->(4,7)
0 4 29 74 43 0 122 164 213 207 138 189 152 111 3 3 2 3 3 3 3 2 2 3 3 2
109 (3,4)->(4,8)
0 4 29 74 43 0 112 143 213 210 148 190 130 111 3 3 2 3 3 3 3 2 3 3 3 2
110 (3,5)->(4,9)
1 4 19 53 53 23 122 158 188 181 188 190 120 90 3 3 3 3 3 3 3 3 3 3 3 2
111 (3,6)->(4,10)
1 4 19 72 53 23 102 179 204 136 198 210 130 115 3 3 3 3 3 3 3 3 3 3 3 3
112 (3,7)->(4,11)
1 4 19 93 53 43 102 212 225 102 198 199 130 166 3 3 3 3 3 3 3 3 3 3 3 3
113 (3,8)->(4,12)
1 4 19 106 53 43 83 212 225 103 177 170 101 209 3 2 3 3 3 2 3 3 3 3 3 3
114 (3,9)->(4,13)
1 4 0 106 57 43 87 165 184 116 171 154 69 206 3 2 3 3 3 2 3 3 3 3 2 3
115 (3,10)->(4,14)
2 4 0 106 68 43 68 165 135 170 192 127 95 206 3 1 3 3 2 2 3 3 3 3 2 3
116 (3,11)->(4,0)
2 4 0 106 68 43 68 143 135 170 192 127 106 206 3 1 3 3 2 2 3 3 3 3 2 3
117 (3,12)->(4,1)
2 4 0 84 68 43 87 160 182 199 222 106 106 204 3 2 3 3 2 2 3 3 3 3 2 3
118 (3,13)->(4,2)
2 4 19 74 111 43 190 179 182 190 222 156 125 194 3 3 3 3 2 3 3 3 3 3 3 3
119 (3,14)->(4,3)
2 4 29 74 111 20 190 145 178 180 222 157 178 154 3 3 3 3 3 3 3 3 2 3 3 3
120 (4,0)->(2,5)
4 5 68 43 95 10 192 127 106 206 140 176 163 69 3 3 3 3 2 3 3 3 3 3 2 3
121 (4,1)->(2,6)
3 5 68 43 92 10 222 106 106 204 108 227 163 96 3 3 3 3 2 3 3 2 3 3 2 3
122 (4,2)->(2,7)
5 5 111 43 92 64 222 156 125 194 130 227 253 115 3 3 3 3 3 3 3 2 3 3 3 3
123 (4,3)->(2,8)
6 5 111 20 92 64 222 157 178 154 177 256 253 146 3 3 2 3 3 3 3 2 3 3 3 3
124 (4,4)->(2,9)
7 5 111 0 139 93 231 199 204 120 167 244 253 110 3 3 2 3 3 3 3 2 3 3 3 2
125 (4,5)->(2,10)
6 5 73 0 129 83 172 189 204 100 163 234 262 139 3 2 2 3 3 2 3 3 3 3 3 2
126 (4,6)->(2,11)
4 5 43 0 106 83 149 189 166 108 162 194 222 157 3 2 2 3 3 2 3 3 3 3 3 2
127 (4,7)->(2,12)
4 5 43 0 95 83 138 189 152 111 188 183 199 173 3 2 2 3 3 2 3 3 3 3 3 2
128 (4,8)->(2,13)
4 5 43 0 95 83 148 190 130 111 209 193 188 173 3 2 3 3 3 2 3 3 3 3 3 2
129 (4,9)->(2,14)
4 5 53 23 116 93 188 190 120 90 209 201 198 169 3 3 3 3 3 2 3 3 3 3 3 3
130 (4,10)->(2,0)
3 5 53 23 116 93 198 210 130 115 225 204 199 179 3 3 3 3 3 3 3 3 3 3 3 3
131 (4,11)->(2,1)
4 5 53 43 116 93 198 199 130 166 178 175 199 199 3 3 3 3 3 3 3 3 3 3 3 3
132 (4,12)->(2,2)
3 5 53 43 91 64 177 170 101 209 151 130 199 199 3 3 3 3 3 3 3 3 3 3 3 3
133 (4,13)->(2,3)
3 5 57 43 74 40 171 154 69 206 172 102 178 123 3 3 3 3 2 3 3 3 3 3 3 3
134 (4,14)->(2,4)
4 5 68 43 95 10 192 127 95 206 172 153 142 99 3 3 3 3 2 3 3 3 3 3 2 3
135 (4,0)->(3,4)
4 4 68 43 29 74 192 127 106 206 112 143 213 210 3 3 3 3 2 3 3 3 2 3 3 3
136 (4,1)->(3,5)
2 4 68 43 19 53 222 106 106 204 122 158 188 181 3 3 3 3 2 3 3 3 3 3 3 3
137 (4,2)->(3,6)
4 4 111 43 19 72 222 156 125 194 102 179 204 136 3 3 3 3 3 3 3 3 3 3 3 3
138 (4,3)->(3,7)
4 4 111 20 19 93 222 157 178 154 102 212 225 102 3 3 2 3 3 3 3 3 3 3 3 3
139 (4,4)->(3,8)
6 4 111 0 19 106 231 199 204 120 83 212 225 103 3 3 2 3 3 3 3 2 3 3 3 2
140 (4,5)->(3,9)
4 4 73 0 0 106 172 189 204 100 87 165 184 116 3 2 2 3 3 2 3 2 3 3 3 2
141 (4,6)->(3,10)
5 4 43 0 0 106 149 189 166 108 68 165 135 170 3 2 2 3 3 2 3 1 3 3 2 2
142 (4,7)->(3,11)
6 4 43 0 0 106 138 189 152 111 68 143 135 170 3 2 2 3 3 2 3 1 3 3 2 2
143 (4,8)->(3,12)
5 4 43 0 0 84 148 190 130 111 87 160 182 199 3 2 3 3 3 2 3 2 3 3 2 2
144 (4,9)->(3,13)
5 4 53 23 19 74 188 190 120 90 190 179 182 190 3 3 3 3 3 2 3 3 3 3 2 3
145 (4,10)->(3,14)
5 4 53 23 29 74 198 210 130 115 190 145 178 180 3 3 3 3 3 3 3 3 3 3 3 3
146 (4,11)->(3,0)
4 4 53 43 29 63 198 199 130 166 190 109 177 200 3 3 3 3 3 3 3 3 2 3 3 3
147 (4,12)->(3,1)
3 4 53 43 29 63 177 170 101 209 152 117 177 189 3 3 3 3 3 3 3 3 2 3 3 3
148 (4,13)->(3,2)
3 4 57 43 29 71 171 154 69 206 122 148 202 199 3 3 3 3 2 3 3 3 2 3 3 3
149 (4,14)->(3,3)
4 4 68 43 29 74 192 127 95 206 122 164 213 207 3 3 3 3 2 3 3 3 2 3 3 3

Commodity k & Service arc:
0
0 (0,0)->(4,3)
0 0 0
1 (0,1)->(4,4)
0 0 0
2 (0,2)->(4,5)
0 0 0
3 (0,3)->(4,6)
0 0 0
4 (0,4)->(4,7)
0 0 0
5 (0,5)->(4,8)
0 0 0
6 (0,6)->(4,9)
0 0 0
7 (0,7)->(4,10)
0 0 0
8 (0,8)->(4,11)
0 0 1
9 (0,9)->(4,12)
0 0 1
10 (0,10)->(4,13)
0 0 1
11 (0,11)->(4,14)
0 0 0
12 (0,12)->(4,0)
0 0 0
13 (0,13)->(4,1)
0 0 0
14 (0,14)->(4,2)
0 0 0
15 (0,0)->(1,4)
0 0 0
16 (0,1)->(1,5)
0 0 0
17 (0,2)->(1,6)
0 0 0
18 (0,3)->(1,7)
0 0 0
19 (0,4)->(1,8)
0 0 0
20 (0,5)->(1,9)
0 0 0
21 (0,6)->(1,10)
0 0 0
22 (0,7)->(1,11)
0 0 0
23 (0,8)->(1,12)
0 0 0
24 (0,9)->(1,13)
0 0 0
25 (0,10)->(1,14)
0 0 0
26 (0,11)->(1,0)
0 0 0
27 (0,12)->(1,1)
0 0 0
28 (0,13)->(1,2)
0 0 0
29 (0,14)->(1,3)
0 0 0
30 (1,0)->(2,4)
0 0 0
31 (1,1)->(2,5)
0 0 0
32 (1,2)->(2,6)
0 0 0
33 (1,3)->(2,7)
1 1 1
34 (1,4)->(2,8)
1 1 1
35 (1,5)->(2,9)
1 1 1
36 (1,6)->(2,10)
1 1 1
37 (1,7)->(2,11)
1 1 1
38 (1,8)->(2,12)
1 1 1
39 (1,9)->(2,13)
1 1 1
40 (1,10)->(2,14)
1 1 1
41 (1,11)->(2,0)
1 1 1
42 (1,12)->(2,1)
1 1 1
43 (1,13)->(2,2)
1 1 1
44 (1,14)->(2,3)
1 1 1
45 (1,0)->(0,5)
0 0 0
46 (1,1)->(0,6)
0 0 0
47 (1,2)->(0,7)
0 0 0
48 (1,3)->(0,8)
1 0 1
49 (1,4)->(0,9)
1 0 1
50 (1,5)->(0,10)
1 0 1
51 (1,6)->(0,11)
1 0 0
52 (1,7)->(0,12)
1 0 0
53 (1,8)->(0,13)
1 0 0
54 (1,9)->(0,14)
1 0 0
55 (1,10)->(0,0)
1 0 0
56 (1,11)->(0,1)
1 0 0
57 (1,12)->(0,2)
1 0 0
58 (1,13)->(0,3)
1 0 0
59 (1,14)->(0,4)
1 0 0
60 (2,0)->(3,3)
0 0 0
61 (2,1)->(3,4)
0 0 0
62 (2,2)->(3,5)
0 0 0
63 (2,3)->(3,6)
0 0 0
64 (2,4)->(3,7)
0 0 0
65 (2,5)->(3,8)
0 0 0
66 (2,6)->(3,9)
0 0 0
67 (2,7)->(3,10)
0 0 0
68 (2,8)->(3,11)
0 0 0
69 (2,9)->(3,12)
0 0 0
70 (2,10)->(3,13)
0 0 0
71 (2,11)->(3,14)
0 0 0
72 (2,12)->(3,0)
0 0 0
73 (2,13)->(3,1)
0 0 0
74 (2,14)->(3,2)
0 0 0
75 (2,0)->(0,4)
0 0 0
76 (2,1)->(0,5)
0 0 0
77 (2,2)->(0,6)
0 0 0
78 (2,3)->(0,7)
0 0 0
79 (2,4)->(0,8)
0 0 0
80 (2,5)->(0,9)
0 0 0
81 (2,6)->(0,10)
0 0 0
82 (2,7)->(0,11)
0 0 0
83 (2,8)->(0,12)
0 0 0
84 (2,9)->(0,13)
0 0 0
85 (2,10)->(0,14)
0 0 0
86 (2,11)->(0,0)
0 0 0
87 (2,12)->(0,1)
0 0 0
88 (2,13)->(0,2)
0 0 0
89 (2,14)->(0,3)
0 0 0
90 (3,0)->(1,5)
0 0 0
91 (3,1)->(1,6)
0 0 0
92 (3,2)->(1,7)
0 0 0
93 (3,3)->(1,8)
0 0 0
94 (3,4)->(1,9)
0 0 0
95 (3,5)->(1,10)
0 0 0
96 (3,6)->(1,11)
0 0 0
97 (3,7)->(1,12)
0 0 0
98 (3,8)->(1,13)
0 0 0
99 (3,9)->(1,14)
0 0 0
100 (3,10)->(1,0)
0 0 0
101 (3,11)->(1,1)
0 0 0
102 (3,12)->(1,2)
0 0 0
103 (3,13)->(1,3)
0 0 0
104 (3,14)->(1,4)
0 0 0
105 (3,0)->(4,4)
0 0 0
106 (3,1)->(4,5)
0 0 0
107 (3,2)->(4,6)
0 0 0
108 (3,3)->(4,7)
0 0 0
109 (3,4)->(4,8)
0 0 0
110 (3,5)->(4,9)
0 0 0
111 (3,6)->(4,10)
0 0 0
112 (3,7)->(4,11)
0 0 0
113 (3,8)->(4,12)
0 0 0
114 (3,9)->(4,13)
0 0 0
115 (3,10)->(4,14)
0 0 0
116 (3,11)->(4,0)
0 0 0
117 (3,12)->(4,1)
0 0 0
118 (3,13)->(4,2)
0 0 0
119 (3,14)->(4,3)
0 0 0
120 (4,0)->(2,5)
0 0 0
121 (4,1)->(2,6)
0 0 0
122 (4,2)->(2,7)
0 1 0
123 (4,3)->(2,8)
0 1 0
124 (4,4)->(2,9)
0 1 0
125 (4,5)->(2,10)
0 1 0
126 (4,6)->(2,11)
0 1 0
127 (4,7)->(2,12)
0 1 0
128 (4,8)->(2,13)
0 1 0
129 (4,9)->(2,14)
0 1 0
130 (4,10)->(2,0)
0 1 0
131 (4,11)->(2,1)
0 1 1
132 (4,12)->(2,2)
0 1 1
133 (4,13)->(2,3)
0 1 1
134 (4,14)->(2,4)
0 0 0
135 (4,0)->(3,4)
0 0 0
136 (4,1)->(3,5)
0 0 0
137 (4,2)->(3,6)
0 0 0
138 (4,3)->(3,7)
0 0 0
139 (4,4)->(3,8)
0 0 0
140 (4,5)->(3,9)
0 0 0
141 (4,6)->(3,10)
0 0 0
142 (4,7)->(3,11)
0 0 0
143 (4,8)->(3,12)
0 0 0
144 (4,9)->(3,13)
0 0 0
145 (4,10)->(3,14)
0 0 0
146 (4,11)->(3,0)
0 0 0
147 (4,12)->(3,1)
0 0 0
148 (4,13)->(3,2)
0 0 0
149 (4,14)->(3,3)
0 0 0
1
0 (0,0)->(4,3)
0 0 0
1 (0,1)->(4,4)
0 0 1
2 (0,2)->(4,5)
0 0 1
3 (0,3)->(4,6)
0 0 1
4 (0,4)->(4,7)
0 0 1
5 (0,5)->(4,8)
0 0 1
6 (0,6)->(4,9)
0 0 0
7 (0,7)->(4,10)
0 0 0
8 (0,8)->(4,11)
0 0 0
9 (0,9)->(4,12)
0 0 0
10 (0,10)->(4,13)
0 0 0
11 (0,11)->(4,14)
0 0 0
12 (0,12)->(4,0)
0 0 0
13 (0,13)->(4,1)
0 0 0
14 (0,14)->(4,2)
0 0 0
15 (0,0)->(1,4)
0 0 0
16 (0,1)->(1,5)
0 0 0
17 (0,2)->(1,6)
0 0 0
18 (0,3)->(1,7)
0 0 0
19 (0,4)->(1,8)
0 0 0
20 (0,5)->(1,9)
0 0 0
21 (0,6)->(1,10)
0 0 0
22 (0,7)->(1,11)
0 0 0
23 (0,8)->(1,12)
0 0 0
24 (0,9)->(1,13)
0 0 0
25 (0,10)->(1,14)
0 0 0
26 (0,11)->(1,0)
0 0 0
27 (0,12)->(1,1)
0 0 0
28 (0,13)->(1,2)
0 0 0
29 (0,14)->(1,3)
0 0 0
30 (1,0)->(2,4)
0 0 0
31 (1,1)->(2,5)
0 0 0
32 (1,2)->(2,6)
0 0 0
33 (1,3)->(2,7)
0 0 0
34 (1,4)->(2,8)
0 0 0
35 (1,5)->(2,9)
0 0 0
36 (1,6)->(2,10)
0 0 0
37 (1,7)->(2,11)
0 0 0
38 (1,8)->(2,12)
0 0 0
39 (1,9)->(2,13)
0 0 0
40 (1,10)->(2,14)
0 0 0
41 (1,11)->(2,0)
0 0 0
42 (1,12)->(2,1)
0 0 0
43 (1,13)->(2,2)
0 0 0
44 (1,14)->(2,3)
0 0 0
45 (1,0)->(0,5)
0 0 0
46 (1,1)->(0,6)
0 0 0
47 (1,2)->(0,7)
0 0 0
48 (1,3)->(0,8)
0 0 0
49 (1,4)->(0,9)
0 0 0
50 (1,5)->(0,10)
0 0 0
51 (1,6)->(0,11)
0 0 0
52 (1,7)->(0,12)
0 0 0
53 (1,8)->(0,13)
0 0 0
54 (1,9)->(0,14)
0 0 0
55 (1,10)->(0,0)
0 0 0
56 (1,11)->(0,1)
0 0 0
57 (1,12)->(0,2)
0 0 0
58 (1,13)->(0,3)
0 0 0
59 (1,14)->(0,4)
0 0 0
60 (2,0)->(3,3)
1 1 1
61 (2,1)->(3,4)
1 1 1
62 (2,2)->(3,5)
1 1 1
63 (2,3)->(3,6)
1 1 1
64 (2,4)->(3,7)
1 1 1
65 (2,5)->(3,8)
1 1 1
66 (2,6)->(3,9)
1 1 1
67 (2,7)->(3,10)
1 1 1
68 (2,8)->(3,11)
1 1 1
69 (2,9)->(3,12)
1 1 1
70 (2,10)->(3,13)
0 0 0
71 (2,11)->(3,14)
0 0 0
72 (2,12)->(3,0)
1 1 1
73 (2,13)->(3,1)
1 1 1
74 (2,14)->(3,2)
1 1 1
75 (2,0)->(0,4)
1 0 1
76 (2,1)->(0,5)
1 0 1
77 (2,2)->(0,6)
1 0 0
78 (2,3)->(0,7)
1 0 0
79 (2,4)->(0,8)
1 0 0
80 (2,5)->(0,9)
1 0 0
81 (2,6)->(0,10)
1 0 0
82 (2,7)->(0,11)
1 0 0
83 (2,8)->(0,12)
1 0 0
84 (2,9)->(0,13)
1 0 0
85 (2,10)->(0,14)
0 0 0
86 (2,11)->(0,0)
0 0 0
87 (2,12)->(0,1)
1 0 1
88 (2,13)->(0,2)
1 0 1
89 (2,14)->(0,3)
1 0 1
90 (3,0)->(1,5)
0 0 0
91 (3,1)->(1,6)
0 0 0
92 (3,2)->(1,7)
0 0 0
93 (3,3)->(1,8)
0 0 0
94 (3,4)->(1,9)
0 0 0
95 (3,5)->(1,10)
0 0 0
96 (3,6)->(1,11)
0 0 0
97 (3,7)->(1,12)
0 0 0
98 (3,8)->(1,13)
0 0 0
99 (3,9)->(1,14)
0 0 0
100 (3,10)->(1,0)
0 0 0
101 (3,11)->(1,1)
0 0 0
102 (3,12)->(1,2)
0 0 0
103 (3,13)->(1,3)
0 0 0
104 (3,14)->(1,4)
0 0 0
105 (3,0)->(4,4)
0 0 0
106 (3,1)->(4,5)
0 0 0
107 (3,2)->(4,6)
0 0 0
108 (3,3)->(4,7)
0 0 0
109 (3,4)->(4,8)
0 0 0
110 (3,5)->(4,9)
0 0 0
111 (3,6)->(4,10)
0 0 0
112 (3,7)->(4,11)
0 0 0
113 (3,8)->(4,12)
0 0 0
114 (3,9)->(4,13)
0 0 0
115 (3,10)->(4,14)
0 0 0
116 (3,11)->(4,0)
0 0 0
117 (3,12)->(4,1)
0 0 0
118 (3,13)->(4,2)
0 0 0
119 (3,14)->(4,3)
0 0 0
120 (4,0)->(2,5)
0 0 0
121 (4,1)->(2,6)
0 0 0
122 (4,2)->(2,7)
0 0 0
123 (4,3)->(2,8)
0 0 0
124 (4,4)->(2,9)
0 0 0
125 (4,5)->(2,10)
0 0 0
126 (4,6)->(2,11)
0 0 0
127 (4,7)->(2,12)
0 0 0
128 (4,8)->(2,13)
0 0 0
129 (4,9)->(2,14)
0 0 0
130 (4,10)->(2,0)
0 0 0
131 (4,11)->(2,1)
0 0 0
132 (4,12)->(2,2)
0 0 0
133 (4,13)->(2,3)
0 0 0
134 (4,14)->(2,4)
0 0 0
135 (4,0)->(3,4)
0 1 0
136 (4,1)->(3,5)
0 1 0
137 (4,2)->(3,6)
0 1 0
138 (4,3)->(3,7)
0 1 0
139 (4,4)->(3,8)
0 1 1
140 (4,5)->(3,9)
0 1 1
141 (4,6)->(3,10)
0 1 1
142 (4,7)->(3,11)
0 1 1
143 (4,8)->(3,12)
0 1 1
144 (4,9)->(3,13)
0 0 0
145 (4,10)->(3,14)
0 0 0
146 (4,11)->(3,0)
0 1 0
147 (4,12)->(3,1)
0 1 0
148 (4,13)->(3,2)
0 1 0
149 (4,14)->(3,3)
0 1 0
2
0 (0,0)->(4,3)
0 0 0
1 (0,1)->(4,4)
1 0 1
2 (0,2)->(4,5)
1 0 1
3 (0,3)->(4,6)
1 0 1
4 (0,4)->(4,7)
1 0 1
5 (0,5)->(4,8)
1 0 1
6 (0,6)->(4,9)
1 0 1
7 (0,7)->(4,10)
1 0 1
8 (0,8)->(4,11)
1 0 1
9 (0,9)->(4,12)
0 0 0
10 (0,10)->(4,13)
0 0 0
11 (0,11)->(4,14)
0 0 0
12 (0,12)->(4,0)
0 0 0
13 (0,13)->(4,1)
0 0 0
14 (0,14)->(4,2)
0 0 0
15 (0,0)->(1,4)
0 0 0
16 (0,1)->(1,5)
1 0 1
17 (0,2)->(1,6)
1 0 1
18 (0,3)->(1,7)
1 0 1
19 (0,4)->(1,8)
1 0 1
20 (0,5)->(1,9)
1 0 1
21 (0,6)->(1,10)
1 0 1
22 (0,7)->(1,11)
1 0 1
23 (0,8)->(1,12)
1 0 1
24 (0,9)->(1,13)
0 0 0
25 (0,10)->(1,14)
0 0 0
26 (0,11)->(1,0)
0 0 0
27 (0,12)->(1,1)
0 0 0
28 (0,13)->(1,2)
0 0 0
29 (0,14)->(1,3)
0 0 0
30 (1,0)->(2,4)
0 0 0
31 (1,1)->(2,5)
0 0 0
32 (1,2)->(2,6)
0 0 0
33 (1,3)->(2,7)
0 0 0
34 (1,4)->(2,8)
0 0 0
35 (1,5)->(2,9)
0 1 1
36 (1,6)->(2,10)
0 1 1
37 (1,7)->(2,11)
0 1 1
38 (1,8)->(2,12)
0 1 1
39 (1,9)->(2,13)
0 1 1
40 (1,10)->(2,14)
0 1 1
41 (1,11)->(2,0)
0 1 1
42 (1,12)->(2,1)
0 1 1
43 (1,13)->(2,2)
0 0 0
44 (1,14)->(2,3)
0 0 0
45 (1,0)->(0,5)
0 0 0
46 (1,1)->(0,6)
0 0 0
47 (1,2)->(0,7)
0 0 0
48 (1,3)->(0,8)
0 0 0
49 (1,4)->(0,9)
0 0 0
50 (1,5)->(0,10)
0 0 0
51 (1,6)->(0,11)
0 0 0
52 (1,7)->(0,12)
0 0 0
53 (1,8)->(0,13)
0 0 0
54 (1,9)->(0,14)
0 0 0
55 (1,10)->(0,0)
0 0 0
56 (1,11)->(0,1)
0 0 0
57 (1,12)->(0,2)
0 0 0
58 (1,13)->(0,3)
0 0 0
59 (1,14)->(0,4)
0 0 0
60 (2,0)->(3,3)
0 0 0
61 (2,1)->(3,4)
0 0 0
62 (2,2)->(3,5)
0 0 0
63 (2,3)->(3,6)
0 0 0
64 (2,4)->(3,7)
0 0 0
65 (2,5)->(3,8)
0 0 0
66 (2,6)->(3,9)
0 0 0
67 (2,7)->(3,10)
0 0 0
68 (2,8)->(3,11)
0 0 0
69 (2,9)->(3,12)
0 0 0
70 (2,10)->(3,13)
0 0 0
71 (2,11)->(3,14)
0 0 0
72 (2,12)->(3,0)
0 0 0
73 (2,13)->(3,1)
0 0 0
74 (2,14)->(3,2)
0 0 0
75 (2,0)->(0,4)
0 0 0
76 (2,1)->(0,5)
0 0 0
77 (2,2)->(0,6)
0 0 0
78 (2,3)->(0,7)
0 0 0
79 (2,4)->(0,8)
0 0 0
80 (2,5)->(0,9)
0 0 0
81 (2,6)->(0,10)
0 0 0
82 (2,7)->(0,11)
0 0 0
83 (2,8)->(0,12)
0 0 0
84 (2,9)->(0,13)
0 0 0
85 (2,10)->(0,14)
0 0 0
86 (2,11)->(0,0)
0 0 0
87 (2,12)->(0,1)
0 0 0
88 (2,13)->(0,2)
0 0 0
89 (2,14)->(0,3)
0 0 0
90 (3,0)->(1,5)
0 0 0
91 (3,1)->(1,6)
0 0 0
92 (3,2)->(1,7)
0 0 0
93 (3,3)->(1,8)
0 0 0
94 (3,4)->(1,9)
0 0 0
95 (3,5)->(1,10)
0 0 0
96 (3,6)->(1,11)
0 0 0
97 (3,7)->(1,12)
0 0 0
98 (3,8)->(1,13)
0 0 0
99 (3,9)->(1,14)
0 0 0
100 (3,10)->(1,0)
0 0 0
101 (3,11)->(1,1)
0 0 0
102 (3,12)->(1,2)
0 0 0
103 (3,13)->(1,3)
0 0 0
104 (3,14)->(1,4)
0 0 0
105 (3,0)->(4,4)
0 0 0
106 (3,1)->(4,5)
0 0 0
107 (3,2)->(4,6)
0 0 0
108 (3,3)->(4,7)
0 0 0
109 (3,4)->(4,8)
0 0 0
110 (3,5)->(4,9)
0 0 0
111 (3,6)->(4,10)
0 0 0
112 (3,7)->(4,11)
0 0 0
113 (3,8)->(4,12)
0 0 0
114 (3,9)->(4,13)
0 0 0
115 (3,10)->(4,14)
0 0 0
116 (3,11)->(4,0)
0 0 0
117 (3,12)->(4,1)
0 0 0
118 (3,13)->(4,2)
0 0 0
119 (3,14)->(4,3)
0 0 0
120 (4,0)->(2,5)
0 0 0
121 (4,1)->(2,6)
0 0 0
122 (4,2)->(2,7)
0 0 0
123 (4,3)->(2,8)
0 0 0
124 (4,4)->(2,9)
0 1 1
125 (4,5)->(2,10)
0 1 1
126 (4,6)->(2,11)
0 1 1
127 (4,7)->(2,12)
0 1 1
128 (4,8)->(2,13)
0 1 1
129 (4,9)->(2,14)
0 1 1
130 (4,10)->(2,0)
0 1 1
131 (4,11)->(2,1)
0 1 1
132 (4,12)->(2,2)
0 0 0
133 (4,13)->(2,3)
0 0 0
134 (4,14)->(2,4)
0 0 0
135 (4,0)->(3,4)
0 0 0
136 (4,1)->(3,5)
0 0 0
137 (4,2)->(3,6)
0 0 0
138 (4,3)->(3,7)
0 0 0
139 (4,4)->(3,8)
0 0 0
140 (4,5)->(3,9)
0 0 0
141 (4,6)->(3,10)
0 0 0
142 (4,7)->(3,11)
0 0 0
143 (4,8)->(3,12)
0 0 0
144 (4,9)->(3,13)
0 0 0
145 (4,10)->(3,14)
0 0 0
146 (4,11)->(3,0)
0 0 0
147 (4,12)->(3,1)
0 0 0
148 (4,13)->(3,2)
0 0 0
149 (4,14)->(3,3)
0 0 0
3
0 (0,0)->(4,3)
0 0 0
1 (0,1)->(4,4)
0 0 0
2 (0,2)->(4,5)
0 0 0
3 (0,3)->(4,6)
0 0 0
4 (0,4)->(4,7)
0 0 0
5 (0,5)->(4,8)
0 0 0
6 (0,6)->(4,9)
0 0 0
7 (0,7)->(4,10)
0 0 0
8 (0,8)->(4,11)
0 0 1
9 (0,9)->(4,12)
0 0 1
10 (0,10)->(4,13)
0 0 1
11 (0,11)->(4,14)
0 0 1
12 (0,12)->(4,0)
0 0 1
13 (0,13)->(4,1)
0 0 0
14 (0,14)->(4,2)
0 0 0
15 (0,0)->(1,4)
0 0 0
16 (0,1)->(1,5)
0 0 0
17 (0,2)->(1,6)
0 0 0
18 (0,3)->(1,7)
0 0 0
19 (0,4)->(1,8)
0 0 0
20 (0,5)->(1,9)
0 0 0
21 (0,6)->(1,10)
0 0 0
22 (0,7)->(1,11)
0 0 0
23 (0,8)->(1,12)
0 0 0
24 (0,9)->(1,13)
0 0 0
25 (0,10)->(1,14)
0 0 0
26 (0,11)->(1,0)
0 0 0
27 (0,12)->(1,1)
0 0 0
28 (0,13)->(1,2)
0 0 0
29 (0,14)->(1,3)
0 0 0
30 (1,0)->(2,4)
0 0 0
31 (1,1)->(2,5)
0 0 0
32 (1,2)->(2,6)
0 0 0
33 (1,3)->(2,7)
0 0 0
34 (1,4)->(2,8)
0 0 0
35 (1,5)->(2,9)
0 0 0
36 (1,6)->(2,10)
0 0 0
37 (1,7)->(2,11)
0 0 0
38 (1,8)->(2,12)
0 0 0
39 (1,9)->(2,13)
0 0 0
40 (1,10)->(2,14)
0 0 0
41 (1,11)->(2,0)
0 0 0
42 (1,12)->(2,1)
0 0 0
43 (1,13)->(2,2)
0 0 0
44 (1,14)->(2,3)
0 0 0
45 (1,0)->(0,5)
0 0 0
46 (1,1)->(0,6)
0 0 0
47 (1,2)->(0,7)
0 0 0
48 (1,3)->(0,8)
0 0 0
49 (1,4)->(0,9)
0 0 0
50 (1,5)->(0,10)
0 0 0
51 (1,6)->(0,11)
0 0 0
52 (1,7)->(0,12)
0 0 0
53 (1,8)->(0,13)
0 0 0
54 (1,9)->(0,14)
0 0 0
55 (1,10)->(0,0)
0 0 0
56 (1,11)->(0,1)
0 0 0
57 (1,12)->(0,2)
0 0 0
58 (1,13)->(0,3)
0 0 0
59 (1,14)->(0,4)
0 0 0
60 (2,0)->(3,3)
1 1 1
61 (2,1)->(3,4)
1 1 1
62 (2,2)->(3,5)
0 0 0
63 (2,3)->(3,6)
0 0 0
64 (2,4)->(3,7)
1 1 1
65 (2,5)->(3,8)
1 1 1
66 (2,6)->(3,9)
1 1 1
67 (2,7)->(3,10)
1 1 1
68 (2,8)->(3,11)
1 1 1
69 (2,9)->(3,12)
1 1 1
70 (2,10)->(3,13)
1 1 1
71 (2,11)->(3,14)
1 1 1
72 (2,12)->(3,0)
1 1 1
73 (2,13)->(3,1)
1 1 1
74 (2,14)->(3,2)
1 1 1
75 (2,0)->(0,4)
1 0 0
76 (2,1)->(0,5)
1 0 0
77 (2,2)->(0,6)
0 0 0
78 (2,3)->(0,7)
0 0 0
79 (2,4)->(0,8)
1 0 1
80 (2,5)->(0,9)
1 0 1
81 (2,6)->(0,10)
1 0 1
82 (2,7)->(0,11)
1 0 1
83 (2,8)->(0,12)
1 0 1
84 (2,9)->(0,13)
1 0 0
85 (2,10)->(0,14)
1 0 0
86 (2,11)->(0,0)
1 0 0
87 (2,12)->(0,1)
1 0 0
88 (2,13)->(0,2)
1 0 0
89 (2,14)->(0,3)
1 0 0
90 (3,0)->(1,5)
0 0 0
91 (3,1)->(1,6)
0 0 0
92 (3,2)->(1,7)
0 0 0
93 (3,3)->(1,8)
0 0 0
94 (3,4)->(1,9)
0 0 0
95 (3,5)->(1,10)
0 0 0
96 (3,6)->(1,11)
0 0 0
97 (3,7)->(1,12)
0 0 0
98 (3,8)->(1,13)
0 0 0
99 (3,9)->(1,14)
0 0 0
100 (3,10)->(1,0)
0 0 0
101 (3,11)->(1,1)
0 0 0
102 (3,12)->(1,2)
0 0 0
103 (3,13)->(1,3)
0 0 0
104 (3,14)->(1,4)
0 0 0
105 (3,0)->(4,4)
0 0 0
106 (3,1)->(4,5)
0 0 0
107 (3,2)->(4,6)
0 0 0
108 (3,3)->(4,7)
0 0 0
109 (3,4)->(4,8)
0 0 0
110 (3,5)->(4,9)
0 0 0
111 (3,6)->(4,10)
0 0 0
112 (3,7)->(4,11)
0 0 0
113 (3,8)->(4,12)
0 0 0
114 (3,9)->(4,13)
0 0 0
115 (3,10)->(4,14)
0 0 0
116 (3,11)->(4,0)
0 0 0
117 (3,12)->(4,1)
0 0 0
118 (3,13)->(4,2)
0 0 0
119 (3,14)->(4,3)
0 0 0
120 (4,0)->(2,5)
0 0 0
121 (4,1)->(2,6)
0 0 0
122 (4,2)->(2,7)
0 0 0
123 (4,3)->(2,8)
0 0 0
124 (4,4)->(2,9)
0 0 0
125 (4,5)->(2,10)
0 0 0
126 (4,6)->(2,11)
0 0 0
127 (4,7)->(2,12)
0 0 0
128 (4,8)->(2,13)
0 0 0
129 (4,9)->(2,14)
0 0 0
130 (4,10)->(2,0)
0 0 0
131 (4,11)->(2,1)
0 0 0
132 (4,12)->(2,2)
0 0 0
133 (4,13)->(2,3)
0 0 0
134 (4,14)->(2,4)
0 0 0
135 (4,0)->(3,4)
0 1 1
136 (4,1)->(3,5)
0 0 0
137 (4,2)->(3,6)
0 0 0
138 (4,3)->(3,7)
0 1 0
139 (4,4)->(3,8)
0 1 0
140 (4,5)->(3,9)
0 1 0
141 (4,6)->(3,10)
0 1 0
142 (4,7)->(3,11)
0 1 0
143 (4,8)->(3,12)
0 1 0
144 (4,9)->(3,13)
0 1 0
145 (4,10)->(3,14)
0 1 0
146 (4,11)->(3,0)
0 1 1
147 (4,12)->(3,1)
0 1 1
148 (4,13)->(3,2)
0 1 1
149 (4,14)->(3,3)
0 1 1
4
0 (0,0)->(4,3)
0 0 0
1 (0,1)->(4,4)
0 0 0
2 (0,2)->(4,5)
0 0 0
3 (0,3)->(4,6)
0 0 0
4 (0,4)->(4,7)
0 0 0
5 (0,5)->(4,8)
0 0 0
6 (0,6)->(4,9)
0 0 0
7 (0,7)->(4,10)
0 0 0
8 (0,8)->(4,11)
0 0 0
9 (0,9)->(4,12)
0 0 0
10 (0,10)->(4,13)
0 0 0
11 (0,11)->(4,14)
0 0 0
12 (0,12)->(4,0)
0 0 0
13 (0,13)->(4,1)
0 0 0
14 (0,14)->(4,2)
0 0 0
15 (0,0)->(1,4)
0 0 0
16 (0,1)->(1,5)
0 0 0
17 (0,2)->(1,6)
0 0 0
18 (0,3)->(1,7)
0 0 0
19 (0,4)->(1,8)
0 0 0
20 (0,5)->(1,9)
0 0 0
21 (0,6)->(1,10)
0 0 0
22 (0,7)->(1,11)
0 0 0
23 (0,8)->(1,12)
0 0 0
24 (0,9)->(1,13)
0 0 0
25 (0,10)->(1,14)
0 0 0
26 (0,11)->(1,0)
0 0 0
27 (0,12)->(1,1)
0 0 0
28 (0,13)->(1,2)
0 0 0
29 (0,14)->(1,3)
0 0 0
30 (1,0)->(2,4)
0 0 0
31 (1,1)->(2,5)
0 0 0
32 (1,2)->(2,6)
0 0 0
33 (1,3)->(2,7)
0 0 0
34 (1,4)->(2,8)
0 0 0
35 (1,5)->(2,9)
0 0 0
36 (1,6)->(2,10)
0 0 0
37 (1,7)->(2,11)
0 0 0
38 (1,8)->(2,12)
0 0 0
39 (1,9)->(2,13)
0 0 0
40 (1,10)->(2,14)
0 0 0
41 (1,11)->(2,0)
0 0 0
42 (1,12)->(2,1)
0 0 0
43 (1,13)->(2,2)
0 0 0
44 (1,14)->(2,3)
0 0 0
45 (1,0)->(0,5)
0 1 1
46 (1,1)->(0,6)
0 1 1
47 (1,2)->(0,7)
0 0 0
48 (1,3)->(0,8)
0 0 0
49 (1,4)->(0,9)
0 0 0
50 (1,5)->(0,10)
0 1 0
51 (1,6)->(0,11)
0 1 0
52 (1,7)->(0,12)
0 1 0
53 (1,8)->(0,13)
0 1 0
54 (1,9)->(0,14)
0 1 0
55 (1,10)->(0,0)
0 1 0
56 (1,11)->(0,1)
0 1 0
57 (1,12)->(0,2)
0 1 0
58 (1,13)->(0,3)
0 1 0
59 (1,14)->(0,4)
0 1 1
60 (2,0)->(3,3)
1 0 0
61 (2,1)->(3,4)
1 0 0
62 (2,2)->(3,5)
1 0 0
63 (2,3)->(3,6)
0 0 0
64 (2,4)->(3,7)
0 0 0
65 (2,5)->(3,8)
0 0 0
66 (2,6)->(3,9)
1 0 1
67 (2,7)->(3,10)
1 0 1
68 (2,8)->(3,11)
1 0 1
69 (2,9)->(3,12)
1 0 0
70 (2,10)->(3,13)
1 0 0
71 (2,11)->(3,14)
1 0 0
72 (2,12)->(3,0)
1 0 0
73 (2,13)->(3,1)
1 0 0
74 (2,14)->(3,2)
1 0 0
75 (2,0)->(0,4)
1 1 1
76 (2,1)->(0,5)
1 1 1
77 (2,2)->(0,6)
1 1 1
78 (2,3)->(0,7)
0 0 0
79 (2,4)->(0,8)
0 0 0
80 (2,5)->(0,9)
0 0 0
81 (2,6)->(0,10)
1 1 1
82 (2,7)->(0,11)
1 1 1
83 (2,8)->(0,12)
1 1 1
84 (2,9)->(0,13)
1 1 1
85 (2,10)->(0,14)
1 1 1
86 (2,11)->(0,0)
1 1 1
87 (2,12)->(0,1)
1 1 1
88 (2,13)->(0,2)
1 1 1
89 (2,14)->(0,3)
1 1 1
90 (3,0)->(1,5)
0 0 0
91 (3,1)->(1,6)
0 0 0
92 (3,2)->(1,7)
0 0 0
93 (3,3)->(1,8)
0 0 0
94 (3,4)->(1,9)
0 0 0
95 (3,5)->(1,10)
0 0 0
96 (3,6)->(1,11)
0 0 0
97 (3,7)->(1,12)
0 0 0
98 (3,8)->(1,13)
0 0 0
99 (3,9)->(1,14)
0 0 1
100 (3,10)->(1,0)
0 0 1
101 (3,11)->(1,1)
0 0 1
102 (3,12)->(1,2)
0 0 0
103 (3,13)->(1,3)
0 0 0
104 (3,14)->(1,4)
0 0 0
105 (3,0)->(4,4)
0 0 0
106 (3,1)->(4,5)
0 0 0
107 (3,2)->(4,6)
0 0 0
108 (3,3)->(4,7)
0 0 0
109 (3,4)->(4,8)
0 0 0
110 (3,5)->(4,9)
0 0 0
111 (3,6)->(4,10)
0 0 0
112 (3,7)->(4,11)
0 0 0
113 (3,8)->(4,12)
0 0 0
114 (3,9)->(4,13)
0 0 0
115 (3,10)->(4,14)
0 0 0
116 (3,11)->(4,0)
0 0 0
117 (3,12)->(4,1)
0 0 0
118 (3,13)->(4,2)
0 0 0
119 (3,14)->(4,3)
0 0 0
120 (4,0)->(2,5)
0 0 0
121 (4,1)->(2,6)
0 0 0
122 (4,2)->(2,7)
0 0 0
123 (4,3)->(2,8)
0 0 0
124 (4,4)->(2,9)
0 0 0
125 (4,5)->(2,10)
0 0 0
126 (4,6)->(2,11)
0 0 0
127 (4,7)->(2,12)
0 0 0
128 (4,8)->(2,13)
0 0 0
129 (4,9)->(2,14)
0 0 0
130 (4,10)->(2,0)
0 0 0
131 (4,11)->(2,1)
0 0 0
132 (4,12)->(2,2)
0 0 0
133 (4,13)->(2,3)
0 0 0
134 (4,14)->(2,4)
0 0 0
135 (4,0)->(3,4)
0 0 0
136 (4,1)->(3,5)
0 0 0
137 (4,2)->(3,6)
0 0 0
138 (4,3)->(3,7)
0 0 0
139 (4,4)->(3,8)
0 0 0
140 (4,5)->(3,9)
0 0 0
141 (4,6)->(3,10)
0 0 0
142 (4,7)->(3,11)
0 0 0
143 (4,8)->(3,12)
0 0 0
144 (4,9)->(3,13)
0 0 0
145 (4,10)->(3,14)
0 0 0
146 (4,11)->(3,0)
0 0 0
147 (4,12)->(3,1)
0 0 0
148 (4,13)->(3,2)
0 0 0
149 (4,14)->(3,3)
0 0 0
5
0 (0,0)->(4,3)
0 0 0
1 (0,1)->(4,4)
0 0 0
2 (0,2)->(4,5)
0 0 0
3 (0,3)->(4,6)
0 0 0
4 (0,4)->(4,7)
0 0 0
5 (0,5)->(4,8)
0 0 0
6 (0,6)->(4,9)
0 1 1
7 (0,7)->(4,10)
0 1 1
8 (0,8)->(4,11)
0 1 1
9 (0,9)->(4,12)
0 1 1
10 (0,10)->(4,13)
0 1 1
11 (0,11)->(4,14)
0 1 1
12 (0,12)->(4,0)
0 1 1
13 (0,13)->(4,1)
0 1 1
14 (0,14)->(4,2)
0 1 1
15 (0,0)->(1,4)
0 0 0
16 (0,1)->(1,5)
0 0 0
17 (0,2)->(1,6)
0 0 0
18 (0,3)->(1,7)
0 0 0
19 (0,4)->(1,8)
0 0 0
20 (0,5)->(1,9)
0 0 0
21 (0,6)->(1,10)
0 0 0
22 (0,7)->(1,11)
0 0 0
23 (0,8)->(1,12)
0 0 0
24 (0,9)->(1,13)
0 0 0
25 (0,10)->(1,14)
0 0 0
26 (0,11)->(1,0)
0 0 0
27 (0,12)->(1,1)
0 0 0
28 (0,13)->(1,2)
0 0 0
29 (0,14)->(1,3)
0 0 0
30 (1,0)->(2,4)
0 0 0
31 (1,1)->(2,5)
0 0 0
32 (1,2)->(2,6)
0 0 0
33 (1,3)->(2,7)
0 0 0
34 (1,4)->(2,8)
0 0 0
35 (1,5)->(2,9)
0 0 0
36 (1,6)->(2,10)
0 0 0
37 (1,7)->(2,11)
0 0 0
38 (1,8)->(2,12)
0 0 0
39 (1,9)->(2,13)
0 0 0
40 (1,10)->(2,14)
0 0 0
41 (1,11)->(2,0)
0 0 0
42 (1,12)->(2,1)
0 0 0
43 (1,13)->(2,2)
0 0 0
44 (1,14)->(2,3)
0 0 0
45 (1,0)->(0,5)
0 0 0
46 (1,1)->(0,6)
0 0 0
47 (1,2)->(0,7)
0 0 0
48 (1,3)->(0,8)
0 0 0
49 (1,4)->(0,9)
0 0 0
50 (1,5)->(0,10)
0 0 0
51 (1,6)->(0,11)
0 0 0
52 (1,7)->(0,12)
0 0 0
53 (1,8)->(0,13)
0 0 0
54 (1,9)->(0,14)
0 0 0
55 (1,10)->(0,0)
0 0 0
56 (1,11)->(0,1)
0 0 0
57 (1,12)->(0,2)
0 0 0
58 (1,13)->(0,3)
0 0 0
59 (1,14)->(0,4)
0 0 0
60 (2,0)->(3,3)
0 0 0
61 (2,1)->(3,4)
0 0 0
62 (2,2)->(3,5)
1 0 1
63 (2,3)->(3,6)
1 0 1
64 (2,4)->(3,7)
1 0 1
65 (2,5)->(3,8)
1 0 1
66 (2,6)->(3,9)
1 0 1
67 (2,7)->(3,10)
1 0 1
68 (2,8)->(3,11)
1 0 1
69 (2,9)->(3,12)
1 0 1
70 (2,10)->(3,13)
1 0 1
71 (2,11)->(3,14)
0 0 0
72 (2,12)->(3,0)
0 0 0
73 (2,13)->(3,1)
0 0 0
74 (2,14)->(3,2)
0 0 0
75 (2,0)->(0,4)
0 0 0
76 (2,1)->(0,5)
0 0 0
77 (2,2)->(0,6)
1 0 1
78 (2,3)->(0,7)
1 0 1
79 (2,4)->(0,8)
1 0 1
80 (2,5)->(0,9)
1 0 1
81 (2,6)->(0,10)
1 0 1
82 (2,7)->(0,11)
1 0 1
83 (2,8)->(0,12)
1 0 1
84 (2,9)->(0,13)
1 0 1
85 (2,10)->(0,14)
1 0 1
86 (2,11)->(0,0)
0 0 0
87 (2,12)->(0,1)
0 0 0
88 (2,13)->(0,2)
0 0 0
89 (2,14)->(0,3)
0 0 0
90 (3,0)->(1,5)
0 0 0
91 (3,1)->(1,6)
0 0 0
92 (3,2)->(1,7)
0 0 0
93 (3,3)->(1,8)
0 0 0
94 (3,4)->(1,9)
0 0 0
95 (3,5)->(1,10)
0 0 0
96 (3,6)->(1,11)
0 0 0
97 (3,7)->(1,12)
0 0 0
98 (3,8)->(1,13)
0 0 0
99 (3,9)->(1,14)
0 0 0
100 (3,10)->(1,0)
0 0 0
101 (3,11)->(1,1)
0 0 0
102 (3,12)->(1,2)
0 0 0
103 (3,13)->(1,3)
0 0 0
104 (3,14)->(1,4)
0 0 0
105 (3,0)->(4,4)
0 0 0
106 (3,1)->(4,5)
0 0 0
107 (3,2)->(4,6)
0 0 0
108 (3,3)->(4,7)
0 0 0
109 (3,4)->(4,8)
0 0 0
110 (3,5)->(4,9)
0 1 1
111 (3,6)->(4,10)
0 1 1
112 (3,7)->(4,11)
0 1 1
113 (3,8)->(4,12)
0 1 1
114 (3,9)->(4,13)
0 1 1
115 (3,10)->(4,14)
0 1 1
116 (3,11)->(4,0)
0 1 1
117 (3,12)->(4,1)
0 1 1
118 (3,13)->(4,2)
0 1 1
119 (3,14)->(4,3)
0 0 0
120 (4,0)->(2,5)
0 0 0
121 (4,1)->(2,6)
0 0 0
122 (4,2)->(2,7)
0 0 0
123 (4,3)->(2,8)
0 0 0
124 (4,4)->(2,9)
0 0 0
125 (4,5)->(2,10)
0 0 0
126 (4,6)->(2,11)
0 0 0
127 (4,7)->(2,12)
0 0 0
128 (4,8)->(2,13)
0 0 0
129 (4,9)->(2,14)
0 0 0
130 (4,10)->(2,0)
0 0 0
131 (4,11)->(2,1)
0 0 0
132 (4,12)->(2,2)
0 0 0
133 (4,13)->(2,3)
0 0 0
134 (4,14)->(2,4)
0 0 0
135 (4,0)->(3,4)
0 0 0
136 (4,1)->(3,5)
0 0 0
137 (4,2)->(3,6)
0 0 0
138 (4,3)->(3,7)
0 0 0
139 (4,4)->(3,8)
0 0 0
140 (4,5)->(3,9)
0 0 0
141 (4,6)->(3,10)
0 0 0
142 (4,7)->(3,11)
0 0 0
143 (4,8)->(3,12)
0 0 0
144 (4,9)->(3,13)
0 0 0
145 (4,10)->(3,14)
0 0 0
146 (4,11)->(3,0)
0 0 0
147 (4,12)->(3,1)
0 0 0
148 (4,13)->(3,2)
0 0 0
149 (4,14)->(3,3)
0 0 0
6
0 (0,0)->(4,3)
0 0 0
1 (0,1)->(4,4)
0 0 0
2 (0,2)->(4,5)
0 0 0
3 (0,3)->(4,6)
0 0 0
4 (0,4)->(4,7)
0 0 0
5 (0,5)->(4,8)
0 0 0
6 (0,6)->(4,9)
0 0 0
7 (0,7)->(4,10)
0 0 0
8 (0,8)->(4,11)
0 0 0
9 (0,9)->(4,12)
0 0 0
10 (0,10)->(4,13)
0 0 0
11 (0,11)->(4,14)
0 0 0
12 (0,12)->(4,0)
0 0 0
13 (0,13)->(4,1)
0 0 0
14 (0,14)->(4,2)
0 0 0
15 (0,0)->(1,4)
0 0 0
16 (0,1)->(1,5)
0 0 0
17 (0,2)->(1,6)
0 0 0
18 (0,3)->(1,7)
0 0 0
19 (0,4)->(1,8)
0 0 0
20 (0,5)->(1,9)
0 0 0
21 (0,6)->(1,10)
0 0 0
22 (0,7)->(1,11)
0 0 0
23 (0,8)->(1,12)
0 0 0
24 (0,9)->(1,13)
0 0 0
25 (0,10)->(1,14)
0 0 0
26 (0,11)->(1,0)
0 0 0
27 (0,12)->(1,1)
0 0 0
28 (0,13)->(1,2)
0 0 0
29 (0,14)->(1,3)
0 0 0
30 (1,0)->(2,4)
0 0 0
31 (1,1)->(2,5)
0 0 0
32 (1,2)->(2,6)
0 0 0
33 (1,3)->(2,7)
0 0 0
34 (1,4)->(2,8)
0 0 0
35 (1,5)->(2,9)
0 0 0
36 (1,6)->(2,10)
0 0 0
37 (1,7)->(2,11)
0 0 0
38 (1,8)->(2,12)
0 0 0
39 (1,9)->(2,13)
0 0 0
40 (1,10)->(2,14)
0 0 0
41 (1,11)->(2,0)
0 0 0
42 (1,12)->(2,1)
0 0 0
43 (1,13)->(2,2)
0 0 0
44 (1,14)->(2,3)
0 0 0
45 (1,0)->(0,5)
0 0 0
46 (1,1)->(0,6)
0 0 0
47 (1,2)->(0,7)
0 0 0
48 (1,3)->(0,8)
0 1 0
49 (1,4)->(0,9)
0 1 0
50 (1,5)->(0,10)
0 1 0
51 (1,6)->(0,11)
0 1 0
52 (1,7)->(0,12)
0 1 0
53 (1,8)->(0,13)
0 1 1
54 (1,9)->(0,14)
0 1 1
55 (1,10)->(0,0)
0 0 0
56 (1,11)->(0,1)
0 0 0
57 (1,12)->(0,2)
0 0 0
58 (1,13)->(0,3)
0 0 0
59 (1,14)->(0,4)
0 0 0
60 (2,0)->(3,3)
0 0 0
61 (2,1)->(3,4)
0 0 0
62 (2,2)->(3,5)
0 0 0
63 (2,3)->(3,6)
0 0 0
64 (2,4)->(3,7)
0 0 0
65 (2,5)->(3,8)
0 0 0
66 (2,6)->(3,9)
0 0 0
67 (2,7)->(3,10)
0 0 0
68 (2,8)->(3,11)
0 0 0
69 (2,9)->(3,12)
0 0 0
70 (2,10)->(3,13)
0 0 0
71 (2,11)->(3,14)
0 0 0
72 (2,12)->(3,0)
0 0 0
73 (2,13)->(3,1)
0 0 0
74 (2,14)->(3,2)
0 0 0
75 (2,0)->(0,4)
0 0 0
76 (2,1)->(0,5)
0 0 0
77 (2,2)->(0,6)
0 0 0
78 (2,3)->(0,7)
0 0 0
79 (2,4)->(0,8)
0 1 1
80 (2,5)->(0,9)
0 1 1
81 (2,6)->(0,10)
0 1 1
82 (2,7)->(0,11)
0 1 1
83 (2,8)->(0,12)
0 1 1
84 (2,9)->(0,13)
0 1 1
85 (2,10)->(0,14)
0 1 1
86 (2,11)->(0,0)
0 0 0
87 (2,12)->(0,1)
0 0 0
88 (2,13)->(0,2)
0 0 0
89 (2,14)->(0,3)
0 0 0
90 (3,0)->(1,5)
0 0 0
91 (3,1)->(1,6)
0 0 0
92 (3,2)->(1,7)
0 0 0
93 (3,3)->(1,8)
0 0 1
94 (3,4)->(1,9)
0 0 1
95 (3,5)->(1,10)
0 0 0
96 (3,6)->(1,11)
0 0 0
97 (3,7)->(1,12)
0 0 0
98 (3,8)->(1,13)
0 0 0
99 (3,9)->(1,14)
0 0 0
100 (3,10)->(1,0)
0 0 0
101 (3,11)->(1,1)
0 0 0
102 (3,12)->(1,2)
0 0 0
103 (3,13)->(1,3)
0 0 0
104 (3,14)->(1,4)
0 0 0
105 (3,0)->(4,4)
0 0 0
106 (3,1)->(4,5)
0 0 0
107 (3,2)->(4,6)
0 0 0
108 (3,3)->(4,7)
0 0 0
109 (3,4)->(4,8)
0 0 0
110 (3,5)->(4,9)
0 0 0
111 (3,6)->(4,10)
0 0 0
112 (3,7)->(4,11)
0 0 0
113 (3,8)->(4,12)
0 0 0
114 (3,9)->(4,13)
0 0 0
115 (3,10)->(4,14)
0 0 0
116 (3,11)->(4,0)
0 0 0
117 (3,12)->(4,1)
0 0 0
118 (3,13)->(4,2)
0 0 0
119 (3,14)->(4,3)
0 0 0
120 (4,0)->(2,5)
1 0 1
121 (4,1)->(2,6)
1 0 1
122 (4,2)->(2,7)
1 0 1
123 (4,3)->(2,8)
1 0 1
124 (4,4)->(2,9)
1 0 1
125 (4,5)->(2,10)
1 0 1
126 (4,6)->(2,11)
0 0 0
127 (4,7)->(2,12)
0 0 0
128 (4,8)->(2,13)
0 0 0
129 (4,9)->(2,14)
0 0 0
130 (4,10)->(2,0)
0 0 0
131 (4,11)->(2,1)
0 0 0
132 (4,12)->(2,2)
0 0 0
133 (4,13)->(2,3)
0 0 0
134 (4,14)->(2,4)
1 0 1
135 (4,0)->(3,4)
1 0 1
136 (4,1)->(3,5)
1 0 0
137 (4,2)->(3,6)
1 0 0
138 (4,3)->(3,7)
1 0 0
139 (4,4)->(3,8)
1 0 0
140 (4,5)->(3,9)
1 0 0
141 (4,6)->(3,10)
0 0 0
142 (4,7)->(3,11)
0 0 0
143 (4,8)->(3,12)
0 0 0
144 (4,9)->(3,13)
0 0 0
145 (4,10)->(3,14)
0 0 0
146 (4,11)->(3,0)
0 0 0
147 (4,12)->(3,1)
0 0 0
148 (4,13)->(3,2)
0 0 0
149 (4,14)->(3,3)
1 0 1
7
0 (0,0)->(4,3)
1 0 2
1 (0,1)->(4,4)
1 0 1
2 (0,2)->(4,5)
1 0 1
3 (0,3)->(4,6)
1 0 1
4 (0,4)->(4,7)
1 0 1
5 (0,5)->(4,8)
0 0 0
6 (0,6)->(4,9)
0 0 0
7 (0,7)->(4,10)
0 0 0
8 (0,8)->(4,11)
0 0 0
9 (0,9)->(4,12)
0 0 0
10 (0,10)->(4,13)
0 0 0
11 (0,11)->(4,14)
1 0 2
12 (0,12)->(4,0)
1 0 2
13 (0,13)->(4,1)
1 0 2
14 (0,14)->(4,2)
1 0 2
15 (0,0)->(1,4)
1 0 1
16 (0,1)->(1,5)
1 0 0
17 (0,2)->(1,6)
1 0 0
18 (0,3)->(1,7)
1 0 0
19 (0,4)->(1,8)
1 0 0
20 (0,5)->(1,9)
0 0 0
21 (0,6)->(1,10)
0 0 0
22 (0,7)->(1,11)
0 0 0
23 (0,8)->(1,12)
0 0 0
24 (0,9)->(1,13)
0 0 0
25 (0,10)->(1,14)
0 0 0
26 (0,11)->(1,0)
1 0 1
27 (0,12)->(1,1)
1 0 1
28 (0,13)->(1,2)
1 0 1
29 (0,14)->(1,3)
1 0 1
30 (1,0)->(2,4)
0 0 1
31 (1,1)->(2,5)
0 0 1
32 (1,2)->(2,6)
0 0 1
33 (1,3)->(2,7)
0 0 1
34 (1,4)->(2,8)
0 0 1
35 (1,5)->(2,9)
0 0 0
36 (1,6)->(2,10)
0 0 0
37 (1,7)->(2,11)
0 0 0
38 (1,8)->(2,12)
0 0 0
39 (1,9)->(2,13)
0 0 0
40 (1,10)->(2,14)
0 0 0
41 (1,11)->(2,0)
0 0 0
42 (1,12)->(2,1)
0 0 0
43 (1,13)->(2,2)
0 0 0
44 (1,14)->(2,3)
0 0 0
45 (1,0)->(0,5)
0 0 0
46 (1,1)->(0,6)
0 0 0
47 (1,2)->(0,7)
0 0 0
48 (1,3)->(0,8)
0 0 0
49 (1,4)->(0,9)
0 0 0
50 (1,5)->(0,10)
0 0 0
51 (1,6)->(0,11)
0 0 0
52 (1,7)->(0,12)
0 0 0
53 (1,8)->(0,13)
0 0 0
54 (1,9)->(0,14)
0 0 0
55 (1,10)->(0,0)
0 0 0
56 (1,11)->(0,1)
0 0 0
57 (1,12)->(0,2)
0 0 0
58 (1,13)->(0,3)
0 0 0
59 (1,14)->(0,4)
0 0 0
60 (2,0)->(3,3)
0 1 0
61 (2,1)->(3,4)
0 1 0
62 (2,2)->(3,5)
0 1 0
63 (2,3)->(3,6)
0 1 0
64 (2,4)->(3,7)
0 1 2
65 (2,5)->(3,8)
0 1 2
66 (2,6)->(3,9)
0 1 2
67 (2,7)->(3,10)
0 1 2
68 (2,8)->(3,11)
0 1 2
69 (2,9)->(3,12)
0 0 0
70 (2,10)->(3,13)
0 0 0
71 (2,11)->(3,14)
0 0 0
72 (2,12)->(3,0)
0 0 0
73 (2,13)->(3,1)
0 0 0
74 (2,14)->(3,2)
0 0 0
75 (2,0)->(0,4)
0 0 0
76 (2,1)->(0,5)
0 0 0
77 (2,2)->(0,6)
0 0 0
78 (2,3)->(0,7)
0 0 0
79 (2,4)->(0,8)
0 0 0
80 (2,5)->(0,9)
0 0 0
81 (2,6)->(0,10)
0 0 0
82 (2,7)->(0,11)
0 0 0
83 (2,8)->(0,12)
0 0 0
84 (2,9)->(0,13)
0 0 0
85 (2,10)->(0,14)
0 0 0
86 (2,11)->(0,0)
0 0 0
87 (2,12)->(0,1)
0 0 0
88 (2,13)->(0,2)
0 0 0
89 (2,14)->(0,3)
0 0 0
90 (3,0)->(1,5)
0 0 0
91 (3,1)->(1,6)
0 0 0
92 (3,2)->(1,7)
0 0 0
93 (3,3)->(1,8)
0 0 0
94 (3,4)->(1,9)
0 0 0
95 (3,5)->(1,10)
0 0 0
96 (3,6)->(1,11)
0 0 0
97 (3,7)->(1,12)
0 0 0
98 (3,8)->(1,13)
0 0 0
99 (3,9)->(1,14)
0 0 0
100 (3,10)->(1,0)
0 0 0
101 (3,11)->(1,1)
0 0 0
102 (3,12)->(1,2)
0 0 0
103 (3,13)->(1,3)
0 0 0
104 (3,14)->(1,4)
0 0 0
105 (3,0)->(4,4)
0 0 0
106 (3,1)->(4,5)
0 0 0
107 (3,2)->(4,6)
0 0 0
108 (3,3)->(4,7)
0 0 0
109 (3,4)->(4,8)
0 0 0
110 (3,5)->(4,9)
0 0 0
111 (3,6)->(4,10)
0 0 0
112 (3,7)->(4,11)
0 0 0
113 (3,8)->(4,12)
0 0 0
114 (3,9)->(4,13)
0 0 0
115 (3,10)->(4,14)
0 0 0
116 (3,11)->(4,0)
0 0 0
117 (3,12)->(4,1)
0 0 0
118 (3,13)->(4,2)
0 0 0
119 (3,14)->(4,3)
0 0 0
120 (4,0)->(2,5)
0 0 1
121 (4,1)->(2,6)
0 0 1
122 (4,2)->(2,7)
0 0 1
123 (4,3)->(2,8)
0 0 1
124 (4,4)->(2,9)
0 0 0
125 (4,5)->(2,10)
0 0 0
126 (4,6)->(2,11)
0 0 0
127 (4,7)->(2,12)
0 0 0
128 (4,8)->(2,13)
0 0 0
129 (4,9)->(2,14)
0 0 0
130 (4,10)->(2,0)
0 0 0
131 (4,11)->(2,1)
0 0 0
132 (4,12)->(2,2)
0 0 0
133 (4,13)->(2,3)
0 0 0
134 (4,14)->(2,4)
0 0 1
135 (4,0)->(3,4)
0 1 1
136 (4,1)->(3,5)
0 1 1
137 (4,2)->(3,6)
0 1 1
138 (4,3)->(3,7)
0 1 1
139 (4,4)->(3,8)
0 1 1
140 (4,5)->(3,9)
0 1 1
141 (4,6)->(3,10)
0 1 1
142 (4,7)->(3,11)
0 1 1
143 (4,8)->(3,12)
0 0 0
144 (4,9)->(3,13)
0 0 0
145 (4,10)->(3,14)
0 0 0
146 (4,11)->(3,0)
0 0 0
147 (4,12)->(3,1)
0 0 0
148 (4,13)->(3,2)
0 0 0
149 (4,14)->(3,3)
0 1 1
8
0 (0,0)->(4,3)
0 0 0
1 (0,1)->(4,4)
0 0 0
2 (0,2)->(4,5)
0 0 0
3 (0,3)->(4,6)
0 0 0
4 (0,4)->(4,7)
0 0 0
5 (0,5)->(4,8)
0 0 0
6 (0,6)->(4,9)
0 0 0
7 (0,7)->(4,10)
0 0 0
8 (0,8)->(4,11)
0 0 0
9 (0,9)->(4,12)
0 0 0
10 (0,10)->(4,13)
0 0 0
11 (0,11)->(4,14)
0 0 0
12 (0,12)->(4,0)
0 0 0
13 (0,13)->(4,1)
0 0 0
14 (0,14)->(4,2)
0 0 0
15 (0,0)->(1,4)
0 1 1
16 (0,1)->(1,5)
0 1 1
17 (0,2)->(1,6)
0 1 1
18 (0,3)->(1,7)
0 1 1
19 (0,4)->(1,8)
0 1 1
20 (0,5)->(1,9)
0 1 1
21 (0,6)->(1,10)
0 0 0
22 (0,7)->(1,11)
0 0 0
23 (0,8)->(1,12)
0 0 0
24 (0,9)->(1,13)
0 0 0
25 (0,10)->(1,14)
0 0 0
26 (0,11)->(1,0)
0 0 0
27 (0,12)->(1,1)
0 0 0
28 (0,13)->(1,2)
0 1 1
29 (0,14)->(1,3)
0 1 1
30 (1,0)->(2,4)
0 0 0
31 (1,1)->(2,5)
0 0 0
32 (1,2)->(2,6)
0 0 0
33 (1,3)->(2,7)
0 0 0
34 (1,4)->(2,8)
0 0 0
35 (1,5)->(2,9)
0 0 0
36 (1,6)->(2,10)
0 0 0
37 (1,7)->(2,11)
0 0 0
38 (1,8)->(2,12)
0 0 0
39 (1,9)->(2,13)
0 0 0
40 (1,10)->(2,14)
0 0 0
41 (1,11)->(2,0)
0 0 0
42 (1,12)->(2,1)
0 0 0
43 (1,13)->(2,2)
0 0 0
44 (1,14)->(2,3)
0 0 0
45 (1,0)->(0,5)
0 0 0
46 (1,1)->(0,6)
0 0 0
47 (1,2)->(0,7)
0 0 0
48 (1,3)->(0,8)
0 0 0
49 (1,4)->(0,9)
0 0 0
50 (1,5)->(0,10)
0 0 0
51 (1,6)->(0,11)
0 0 0
52 (1,7)->(0,12)
0 0 0
53 (1,8)->(0,13)
0 0 0
54 (1,9)->(0,14)
0 0 0
55 (1,10)->(0,0)
0 0 0
56 (1,11)->(0,1)
0 0 0
57 (1,12)->(0,2)
0 0 0
58 (1,13)->(0,3)
0 0 0
59 (1,14)->(0,4)
0 0 0
60 (2,0)->(3,3)
1 0 1
61 (2,1)->(3,4)
1 0 1
62 (2,2)->(3,5)
0 0 0
63 (2,3)->(3,6)
0 0 0
64 (2,4)->(3,7)
0 0 0
65 (2,5)->(3,8)
0 0 0
66 (2,6)->(3,9)
0 0 0
67 (2,7)->(3,10)
0 0 0
68 (2,8)->(3,11)
0 0 0
69 (2,9)->(3,12)
1 0 1
70 (2,10)->(3,13)
1 0 1
71 (2,11)->(3,14)
1 0 1
72 (2,12)->(3,0)
1 0 1
73 (2,13)->(3,1)
1 0 1
74 (2,14)->(3,2)
1 0 1
75 (2,0)->(0,4)
1 0 1
76 (2,1)->(0,5)
1 0 1
77 (2,2)->(0,6)
0 0 0
78 (2,3)->(0,7)
0 0 0
79 (2,4)->(0,8)
0 0 0
80 (2,5)->(0,9)
0 0 0
81 (2,6)->(0,10)
0 0 0
82 (2,7)->(0,11)
0 0 0
83 (2,8)->(0,12)
0 0 0
84 (2,9)->(0,13)
1 0 1
85 (2,10)->(0,14)
1 0 1
86 (2,11)->(0,0)
1 0 1
87 (2,12)->(0,1)
1 0 1
88 (2,13)->(0,2)
1 0 1
89 (2,14)->(0,3)
1 0 1
90 (3,0)->(1,5)
0 1 1
91 (3,1)->(1,6)
0 1 1
92 (3,2)->(1,7)
0 1 1
93 (3,3)->(1,8)
0 1 1
94 (3,4)->(1,9)
0 1 1
95 (3,5)->(1,10)
0 0 0
96 (3,6)->(1,11)
0 0 0
97 (3,7)->(1,12)
0 0 0
98 (3,8)->(1,13)
0 0 0
99 (3,9)->(1,14)
0 0 0
100 (3,10)->(1,0)
0 0 0
101 (3,11)->(1,1)
0 0 0
102 (3,12)->(1,2)
0 1 1
103 (3,13)->(1,3)
0 1 1
104 (3,14)->(1,4)
0 1 1
105 (3,0)->(4,4)
0 0 0
106 (3,1)->(4,5)
0 0 0
107 (3,2)->(4,6)
0 0 0
108 (3,3)->(4,7)
0 0 0
109 (3,4)->(4,8)
0 0 0
110 (3,5)->(4,9)
0 0 0
111 (3,6)->(4,10)
0 0 0
112 (3,7)->(4,11)
0 0 0
113 (3,8)->(4,12)
0 0 0
114 (3,9)->(4,13)
0 0 0
115 (3,10)->(4,14)
0 0 0
116 (3,11)->(4,0)
0 0 0
117 (3,12)->(4,1)
0 0 0
118 (3,13)->(4,2)
0 0 0
119 (3,14)->(4,3)
0 0 0
120 (4,0)->(2,5)
0 0 0
121 (4,1)->(2,6)
0 0 0
122 (4,2)->(2,7)
0 0 0
123 (4,3)->(2,8)
0 0 0
124 (4,4)->(2,9)
0 0 0
125 (4,5)->(2,10)
0 0 0
126 (4,6)->(2,11)
0 0 0
127 (4,7)->(2,12)
0 0 0
128 (4,8)->(2,13)
0 0 0
129 (4,9)->(2,14)
0 0 0
130 (4,10)->(2,0)
0 0 0
131 (4,11)->(2,1)
0 0 0
132 (4,12)->(2,2)
0 0 0
133 (4,13)->(2,3)
0 0 0
134 (4,14)->(2,4)
0 0 0
135 (4,0)->(3,4)
0 0 0
136 (4,1)->(3,5)
0 0 0
137 (4,2)->(3,6)
0 0 0
138 (4,3)->(3,7)
0 0 0
139 (4,4)->(3,8)
0 0 0
140 (4,5)->(3,9)
0 0 0
141 (4,6)->(3,10)
0 0 0
142 (4,7)->(3,11)
0 0 0
143 (4,8)->(3,12)
0 0 0
144 (4,9)->(3,13)
0 0 0
145 (4,10)->(3,14)
0 0 0
146 (4,11)->(3,0)
0 0 0
147 (4,12)->(3,1)
0 0 0
148 (4,13)->(3,2)
0 0 0
149 (4,14)->(3,3)
0 0 0
9
0 (0,0)->(4,3)
0 1 2
1 (0,1)->(4,4)
0 0 0
2 (0,2)->(4,5)
0 0 0
3 (0,3)->(4,6)
0 0 0
4 (0,4)->(4,7)
0 0 0
5 (0,5)->(4,8)
0 0 0
6 (0,6)->(4,9)
0 0 0
7 (0,7)->(4,10)
0 0 0
8 (0,8)->(4,11)
0 1 1
9 (0,9)->(4,12)
0 1 1
10 (0,10)->(4,13)
0 1 1
11 (0,11)->(4,14)
0 1 2
12 (0,12)->(4,0)
0 1 2
13 (0,13)->(4,1)
0 1 2
14 (0,14)->(4,2)
0 1 2
15 (0,0)->(1,4)
0 0 0
16 (0,1)->(1,5)
0 0 0
17 (0,2)->(1,6)
0 0 0
18 (0,3)->(1,7)
0 0 0
19 (0,4)->(1,8)
0 0 0
20 (0,5)->(1,9)
0 0 0
21 (0,6)->(1,10)
0 0 0
22 (0,7)->(1,11)
0 0 0
23 (0,8)->(1,12)
0 0 0
24 (0,9)->(1,13)
0 0 0
25 (0,10)->(1,14)
0 0 0
26 (0,11)->(1,0)
0 0 0
27 (0,12)->(1,1)
0 0 0
28 (0,13)->(1,2)
0 0 0
29 (0,14)->(1,3)
0 0 0
30 (1,0)->(2,4)
0 0 0
31 (1,1)->(2,5)
0 0 0
32 (1,2)->(2,6)
0 0 0
33 (1,3)->(2,7)
1 0 2
34 (1,4)->(2,8)
1 0 2
35 (1,5)->(2,9)
1 0 2
36 (1,6)->(2,10)
1 0 2
37 (1,7)->(2,11)
1 0 2
38 (1,8)->(2,12)
1 0 0
39 (1,9)->(2,13)
1 0 0
40 (1,10)->(2,14)
1 0 0
41 (1,11)->(2,0)
0 0 0
42 (1,12)->(2,1)
0 0 0
43 (1,13)->(2,2)
0 0 0
44 (1,14)->(2,3)
0 0 0
45 (1,0)->(0,5)
0 0 0
46 (1,1)->(0,6)
0 0 0
47 (1,2)->(0,7)
0 0 0
48 (1,3)->(0,8)
1 0 1
49 (1,4)->(0,9)
1 0 1
50 (1,5)->(0,10)
1 0 1
51 (1,6)->(0,11)
1 0 1
52 (1,7)->(0,12)
1 0 1
53 (1,8)->(0,13)
1 0 1
54 (1,9)->(0,14)
1 0 1
55 (1,10)->(0,0)
1 0 1
56 (1,11)->(0,1)
0 0 0
57 (1,12)->(0,2)
0 0 0
58 (1,13)->(0,3)
0 0 0
59 (1,14)->(0,4)
0 0 0
60 (2,0)->(3,3)
0 0 0
61 (2,1)->(3,4)
0 0 0
62 (2,2)->(3,5)
0 0 0
63 (2,3)->(3,6)
0 0 0
64 (2,4)->(3,7)
0 0 0
65 (2,5)->(3,8)
0 0 0
66 (2,6)->(3,9)
0 0 0
67 (2,7)->(3,10)
0 0 1
68 (2,8)->(3,11)
0 0 1
69 (2,9)->(3,12)
0 0 1
70 (2,10)->(3,13)
0 0 1
71 (2,11)->(3,14)
0 0 1
72 (2,12)->(3,0)
0 0 0
73 (2,13)->(3,1)
0 0 0
74 (2,14)->(3,2)
0 0 0
75 (2,0)->(0,4)
0 0 0
76 (2,1)->(0,5)
0 0 0
77 (2,2)->(0,6)
0 0 0
78 (2,3)->(0,7)
0 0 0
79 (2,4)->(0,8)
0 0 0
80 (2,5)->(0,9)
0 0 0
81 (2,6)->(0,10)
0 0 0
82 (2,7)->(0,11)
0 0 1
83 (2,8)->(0,12)
0 0 1
84 (2,9)->(0,13)
0 0 1
85 (2,10)->(0,14)
0 0 1
86 (2,11)->(0,0)
0 0 1
87 (2,12)->(0,1)
0 0 0
88 (2,13)->(0,2)
0 0 0
89 (2,14)->(0,3)
0 0 0
90 (3,0)->(1,5)
0 0 0
91 (3,1)->(1,6)
0 0 0
92 (3,2)->(1,7)
0 0 0
93 (3,3)->(1,8)
0 0 0
94 (3,4)->(1,9)
0 0 0
95 (3,5)->(1,10)
0 0 0
96 (3,6)->(1,11)
0 0 0
97 (3,7)->(1,12)
0 0 0
98 (3,8)->(1,13)
0 0 0
99 (3,9)->(1,14)
0 0 0
100 (3,10)->(1,0)
0 0 0
101 (3,11)->(1,1)
0 0 0
102 (3,12)->(1,2)
0 0 0
103 (3,13)->(1,3)
0 0 0
104 (3,14)->(1,4)
0 0 0
105 (3,0)->(4,4)
0 0 0
106 (3,1)->(4,5)
0 0 0
107 (3,2)->(4,6)
0 0 0
108 (3,3)->(4,7)
0 0 0
109 (3,4)->(4,8)
0 0 0
110 (3,5)->(4,9)
0 0 0
111 (3,6)->(4,10)
0 0 0
112 (3,7)->(4,11)
0 1 0
113 (3,8)->(4,12)
0 1 0
114 (3,9)->(4,13)
0 1 0
115 (3,10)->(4,14)
0 1 1
116 (3,11)->(4,0)
0 1 1
117 (3,12)->(4,1)
0 1 1
118 (3,13)->(4,2)
0 1 1
119 (3,14)->(4,3)
0 1 1
120 (4,0)->(2,5)
0 0 0
121 (4,1)->(2,6)
0 0 0
122 (4,2)->(2,7)
0 0 0
123 (4,3)->(2,8)
0 0 0
124 (4,4)->(2,9)
0 0 0
125 (4,5)->(2,10)
0 0 0
126 (4,6)->(2,11)
0 0 0
127 (4,7)->(2,12)
0 0 0
128 (4,8)->(2,13)
0 0 0
129 (4,9)->(2,14)
0 0 0
130 (4,10)->(2,0)
0 0 0
131 (4,11)->(2,1)
0 0 0
132 (4,12)->(2,2)
0 0 0
133 (4,13)->(2,3)
0 0 0
134 (4,14)->(2,4)
0 0 0
135 (4,0)->(3,4)
0 0 0
136 (4,1)->(3,5)
0 0 0
137 (4,2)->(3,6)
0 0 0
138 (4,3)->(3,7)
0 0 0
139 (4,4)->(3,8)
0 0 0
140 (4,5)->(3,9)
0 0 0
141 (4,6)->(3,10)
0 0 0
142 (4,7)->(3,11)
0 0 0
143 (4,8)->(3,12)
0 0 0
144 (4,9)->(3,13)
0 0 0
145 (4,10)->(3,14)
0 0 0
146 (4,11)->(3,0)
0 0 0
147 (4,12)->(3,1)
0 0 0
148 (4,13)->(3,2)
0 0 0
149 (4,14)->(3,3)
0 0 0
10
0 (0,0)->(4,3)
0 0 0
1 (0,1)->(4,4)
0 0 0
2 (0,2)->(4,5)
0 0 0
3 (0,3)->(4,6)
0 0 0
4 (0,4)->(4,7)
0 0 0
5 (0,5)->(4,8)
0 0 0
6 (0,6)->(4,9)
0 0 0
7 (0,7)->(4,10)
0 0 0
8 (0,8)->(4,11)
0 0 0
9 (0,9)->(4,12)
0 0 0
10 (0,10)->(4,13)
0 0 0
11 (0,11)->(4,14)
0 0 0
12 (0,12)->(4,0)
0 0 0
13 (0,13)->(4,1)
0 0 0
14 (0,14)->(4,2)
0 0 0
15 (0,0)->(1,4)
0 0 0
16 (0,1)->(1,5)
0 0 0
17 (0,2)->(1,6)
0 0 0
18 (0,3)->(1,7)
0 0 0
19 (0,4)->(1,8)
0 0 0
20 (0,5)->(1,9)
0 0 0
21 (0,6)->(1,10)
0 0 0
22 (0,7)->(1,11)
0 0 0
23 (0,8)->(1,12)
0 0 0
24 (0,9)->(1,13)
0 0 0
25 (0,10)->(1,14)
0 0 0
26 (0,11)->(1,0)
0 0 0
27 (0,12)->(1,1)
0 0 0
28 (0,13)->(1,2)
0 0 0
29 (0,14)->(1,3)
0 0 0
30 (1,0)->(2,4)
0 0 0
31 (1,1)->(2,5)
0 0 0
32 (1,2)->(2,6)
0 0 0
33 (1,3)->(2,7)
0 0 0
34 (1,4)->(2,8)
0 0 1
35 (1,5)->(2,9)
0 0 1
36 (1,6)->(2,10)
0 0 1
37 (1,7)->(2,11)
0 0 0
38 (1,8)->(2,12)
0 0 0
39 (1,9)->(2,13)
0 0 0
40 (1,10)->(2,14)
0 0 0
41 (1,11)->(2,0)
0 0 0
42 (1,12)->(2,1)
0 0 0
43 (1,13)->(2,2)
0 0 0
44 (1,14)->(2,3)
0 0 0
45 (1,0)->(0,5)
0 0 0
46 (1,1)->(0,6)
0 0 0
47 (1,2)->(0,7)
0 0 0
48 (1,3)->(0,8)
0 0 0
49 (1,4)->(0,9)
0 1 1
50 (1,5)->(0,10)
0 1 1
51 (1,6)->(0,11)
0 1 1
52 (1,7)->(0,12)
0 1 1
53 (1,8)->(0,13)
0 1 1
54 (1,9)->(0,14)
0 1 1
55 (1,10)->(0,0)
0 0 0
56 (1,11)->(0,1)
0 0 0
57 (1,12)->(0,2)
0 0 0
58 (1,13)->(0,3)
0 0 0
59 (1,14)->(0,4)
0 0 0
60 (2,0)->(3,3)
0 0 0
61 (2,1)->(3,4)
0 0 0
62 (2,2)->(3,5)
0 0 0
63 (2,3)->(3,6)
0 0 0
64 (2,4)->(3,7)
0 0 0
65 (2,5)->(3,8)
0 0 0
66 (2,6)->(3,9)
0 0 0
67 (2,7)->(3,10)
0 0 0
68 (2,8)->(3,11)
0 0 0
69 (2,9)->(3,12)
0 0 0
70 (2,10)->(3,13)
0 0 0
71 (2,11)->(3,14)
0 0 0
72 (2,12)->(3,0)
0 0 0
73 (2,13)->(3,1)
0 0 0
74 (2,14)->(3,2)
0 0 0
75 (2,0)->(0,4)
0 0 0
76 (2,1)->(0,5)
0 0 0
77 (2,2)->(0,6)
0 0 0
78 (2,3)->(0,7)
0 0 0
79 (2,4)->(0,8)
0 0 0
80 (2,5)->(0,9)
0 1 0
81 (2,6)->(0,10)
0 1 0
82 (2,7)->(0,11)
0 1 0
83 (2,8)->(0,12)
0 1 2
84 (2,9)->(0,13)
0 1 2
85 (2,10)->(0,14)
0 1 2
86 (2,11)->(0,0)
0 0 0
87 (2,12)->(0,1)
0 0 0
88 (2,13)->(0,2)
0 0 0
89 (2,14)->(0,3)
0 0 0
90 (3,0)->(1,5)
1 0 2
91 (3,1)->(1,6)
1 0 2
92 (3,2)->(1,7)
1 0 1
93 (3,3)->(1,8)
1 0 1
94 (3,4)->(1,9)
1 0 1
95 (3,5)->(1,10)
0 0 0
96 (3,6)->(1,11)
0 0 0
97 (3,7)->(1,12)
0 0 0
98 (3,8)->(1,13)
0 0 0
99 (3,9)->(1,14)
0 0 0
100 (3,10)->(1,0)
0 0 0
101 (3,11)->(1,1)
0 0 0
102 (3,12)->(1,2)
0 0 0
103 (3,13)->(1,3)
0 0 0
104 (3,14)->(1,4)
1 0 2
105 (3,0)->(4,4)
1 0 1
106 (3,1)->(4,5)
1 0 1
107 (3,2)->(4,6)
1 0 0
108 (3,3)->(4,7)
1 0 0
109 (3,4)->(4,8)
1 0 0
110 (3,5)->(4,9)
0 0 0
111 (3,6)->(4,10)
0 0 0
112 (3,7)->(4,11)
0 0 0
113 (3,8)->(4,12)
0 0 0
114 (3,9)->(4,13)
0 0 0
115 (3,10)->(4,14)
0 0 0
116 (3,11)->(4,0)
0 0 0
117 (3,12)->(4,1)
0 0 0
118 (3,13)->(4,2)
0 0 0
119 (3,14)->(4,3)
1 0 1
120 (4,0)->(2,5)
0 0 0
121 (4,1)->(2,6)
0 0 0
122 (4,2)->(2,7)
0 0 0
123 (4,3)->(2,8)
0 0 1
124 (4,4)->(2,9)
0 0 1
125 (4,5)->(2,10)
0 0 1
126 (4,6)->(2,11)
0 0 0
127 (4,7)->(2,12)
0 0 0
128 (4,8)->(2,13)
0 0 0
129 (4,9)->(2,14)
0 0 0
130 (4,10)->(2,0)
0 0 0
131 (4,11)->(2,1)
0 0 0
132 (4,12)->(2,2)
0 0 0
133 (4,13)->(2,3)
0 0 0
134 (4,14)->(2,4)
0 0 0
135 (4,0)->(3,4)
0 0 0
136 (4,1)->(3,5)
0 0 0
137 (4,2)->(3,6)
0 0 0
138 (4,3)->(3,7)
0 0 0
139 (4,4)->(3,8)
0 0 0
140 (4,5)->(3,9)
0 0 0
141 (4,6)->(3,10)
0 0 0
142 (4,7)->(3,11)
0 0 0
143 (4,8)->(3,12)
0 0 0
144 (4,9)->(3,13)
0 0 0
145 (4,10)->(3,14)
0 0 0
146 (4,11)->(3,0)
0 0 0
147 (4,12)->(3,1)
0 0 0
148 (4,13)->(3,2)
0 0 0
149 (4,14)->(3,3)
0 0 0
11
0 (0,0)->(4,3)
0 0 0
1 (0,1)->(4,4)
0 0 0
2 (0,2)->(4,5)
0 0 0
3 (0,3)->(4,6)
0 0 0
4 (0,4)->(4,7)
0 0 0
5 (0,5)->(4,8)
0 0 0
6 (0,6)->(4,9)
0 0 0
7 (0,7)->(4,10)
0 0 0
8 (0,8)->(4,11)
0 0 0
9 (0,9)->(4,12)
0 0 0
10 (0,10)->(4,13)
0 0 0
11 (0,11)->(4,14)
0 0 0
12 (0,12)->(4,0)
0 0 0
13 (0,13)->(4,1)
0 0 0
14 (0,14)->(4,2)
0 0 0
15 (0,0)->(1,4)
0 0 0
16 (0,1)->(1,5)
0 0 0
17 (0,2)->(1,6)
0 0 0
18 (0,3)->(1,7)
0 0 0
19 (0,4)->(1,8)
0 0 0
20 (0,5)->(1,9)
0 0 0
21 (0,6)->(1,10)
0 0 0
22 (0,7)->(1,11)
0 0 0
23 (0,8)->(1,12)
0 0 0
24 (0,9)->(1,13)
0 0 0
25 (0,10)->(1,14)
0 0 0
26 (0,11)->(1,0)
0 0 0
27 (0,12)->(1,1)
0 0 0
28 (0,13)->(1,2)
0 0 0
29 (0,14)->(1,3)
0 0 0
30 (1,0)->(2,4)
0 0 0
31 (1,1)->(2,5)
0 0 0
32 (1,2)->(2,6)
0 0 0
33 (1,3)->(2,7)
0 0 0
34 (1,4)->(2,8)
0 0 0
35 (1,5)->(2,9)
0 0 0
36 (1,6)->(2,10)
0 0 0
37 (1,7)->(2,11)
0 0 0
38 (1,8)->(2,12)
0 0 0
39 (1,9)->(2,13)
0 0 0
40 (1,10)->(2,14)
0 0 0
41 (1,11)->(2,0)
0 0 0
42 (1,12)->(2,1)
0 0 0
43 (1,13)->(2,2)
0 0 0
44 (1,14)->(2,3)
0 0 0
45 (1,0)->(0,5)
0 0 0
46 (1,1)->(0,6)
0 0 0
47 (1,2)->(0,7)
0 0 0
48 (1,3)->(0,8)
0 0 0
49 (1,4)->(0,9)
0 0 0
50 (1,5)->(0,10)
0 0 0
51 (1,6)->(0,11)
0 0 0
52 (1,7)->(0,12)
0 0 0
53 (1,8)->(0,13)
0 0 0
54 (1,9)->(0,14)
0 0 0
55 (1,10)->(0,0)
0 0 0
56 (1,11)->(0,1)
0 0 0
57 (1,12)->(0,2)
0 0 0
58 (1,13)->(0,3)
0 0 0
59 (1,14)->(0,4)
0 0 0
60 (2,0)->(3,3)
0 0 0
61 (2,1)->(3,4)
0 0 0
62 (2,2)->(3,5)
0 0 0
63 (2,3)->(3,6)
0 1 0
64 (2,4)->(3,7)
0 1 0
65 (2,5)->(3,8)
0 1 0
66 (2,6)->(3,9)
0 1 0
67 (2,7)->(3,10)
0 1 1
68 (2,8)->(3,11)
0 1 1
69 (2,9)->(3,12)
0 1 1
70 (2,10)->(3,13)
0 1 1
71 (2,11)->(3,14)
0 1 1
72 (2,12)->(3,0)
0 1 1
73 (2,13)->(3,1)
0 1 1
74 (2,14)->(3,2)
0 1 1
75 (2,0)->(0,4)
0 0 0
76 (2,1)->(0,5)
0 0 0
77 (2,2)->(0,6)
0 0 0
78 (2,3)->(0,7)
0 0 0
79 (2,4)->(0,8)
0 0 0
80 (2,5)->(0,9)
0 0 0
81 (2,6)->(0,10)
0 0 0
82 (2,7)->(0,11)
0 0 0
83 (2,8)->(0,12)
0 0 0
84 (2,9)->(0,13)
0 0 0
85 (2,10)->(0,14)
0 0 0
86 (2,11)->(0,0)
0 0 0
87 (2,12)->(0,1)
0 0 0
88 (2,13)->(0,2)
0 0 0
89 (2,14)->(0,3)
0 0 0
90 (3,0)->(1,5)
0 0 0
91 (3,1)->(1,6)
0 0 0
92 (3,2)->(1,7)
0 0 0
93 (3,3)->(1,8)
0 0 0
94 (3,4)->(1,9)
0 0 0
95 (3,5)->(1,10)
0 0 0
96 (3,6)->(1,11)
0 0 0
97 (3,7)->(1,12)
0 0 0
98 (3,8)->(1,13)
0 0 0
99 (3,9)->(1,14)
0 0 0
100 (3,10)->(1,0)
0 0 0
101 (3,11)->(1,1)
0 0 0
102 (3,12)->(1,2)
0 0 0
103 (3,13)->(1,3)
0 0 0
104 (3,14)->(1,4)
0 0 0
105 (3,0)->(4,4)
0 0 0
106 (3,1)->(4,5)
0 0 0
107 (3,2)->(4,6)
0 0 0
108 (3,3)->(4,7)
0 0 0
109 (3,4)->(4,8)
0 0 0
110 (3,5)->(4,9)
0 0 0
111 (3,6)->(4,10)
0 0 0
112 (3,7)->(4,11)
0 0 0
113 (3,8)->(4,12)
0 0 0
114 (3,9)->(4,13)
0 0 0
115 (3,10)->(4,14)
0 0 0
116 (3,11)->(4,0)
0 0 0
117 (3,12)->(4,1)
0 0 0
118 (3,13)->(4,2)
0 0 0
119 (3,14)->(4,3)
0 0 0
120 (4,0)->(2,5)
0 0 0
121 (4,1)->(2,6)
0 0 0
122 (4,2)->(2,7)
1 0 1
123 (4,3)->(2,8)
1 0 1
124 (4,4)->(2,9)
1 0 1
125 (4,5)->(2,10)
1 0 1
126 (4,6)->(2,11)
1 0 1
127 (4,7)->(2,12)
1 0 1
128 (4,8)->(2,13)
1 0 1
129 (4,9)->(2,14)
1 0 1
130 (4,10)->(2,0)
1 0 0
131 (4,11)->(2,1)
1 0 0
132 (4,12)->(2,2)
1 0 0
133 (4,13)->(2,3)
1 0 0
134 (4,14)->(2,4)
0 0 0
135 (4,0)->(3,4)
0 0 0
136 (4,1)->(3,5)
0 0 0
137 (4,2)->(3,6)
1 1 1
138 (4,3)->(3,7)
1 1 1
139 (4,4)->(3,8)
1 1 1
140 (4,5)->(3,9)
1 1 1
141 (4,6)->(3,10)
1 1 1
142 (4,7)->(3,11)
1 1 1
143 (4,8)->(3,12)
1 1 1
144 (4,9)->(3,13)
1 1 1
145 (4,10)->(3,14)
1 1 1
146 (4,11)->(3,0)
1 1 1
147 (4,12)->(3,1)
1 1 1
148 (4,13)->(3,2)
1 1 1
149 (4,14)->(3,3)
0 0 0
12
0 (0,0)->(4,3)
0 0 0
1 (0,1)->(4,4)
1 0 2
2 (0,2)->(4,5)
1 0 2
3 (0,3)->(4,6)
1 0 2
4 (0,4)->(4,7)
1 0 2
5 (0,5)->(4,8)
1 0 2
6 (0,6)->(4,9)
1 0 1
7 (0,7)->(4,10)
1 0 1
8 (0,8)->(4,11)
1 0 1
9 (0,9)->(4,12)
1 0 1
10 (0,10)->(4,13)
0 0 0
11 (0,11)->(4,14)
0 0 0
12 (0,12)->(4,0)
0 0 0
13 (0,13)->(4,1)
0 0 0
14 (0,14)->(4,2)
0 0 0
15 (0,0)->(1,4)
0 0 0
16 (0,1)->(1,5)
1 0 1
17 (0,2)->(1,6)
1 0 1
18 (0,3)->(1,7)
1 0 1
19 (0,4)->(1,8)
1 0 1
20 (0,5)->(1,9)
1 0 1
21 (0,6)->(1,10)
1 0 0
22 (0,7)->(1,11)
1 0 0
23 (0,8)->(1,12)
1 0 0
24 (0,9)->(1,13)
1 0 0
25 (0,10)->(1,14)
0 0 0
26 (0,11)->(1,0)
0 0 0
27 (0,12)->(1,1)
0 0 0
28 (0,13)->(1,2)
0 0 0
29 (0,14)->(1,3)
0 0 0
30 (1,0)->(2,4)
0 0 0
31 (1,1)->(2,5)
0 0 0
32 (1,2)->(2,6)
0 0 0
33 (1,3)->(2,7)
0 0 0
34 (1,4)->(2,8)
0 0 0
35 (1,5)->(2,9)
0 0 1
36 (1,6)->(2,10)
0 0 1
37 (1,7)->(2,11)
0 0 1
38 (1,8)->(2,12)
0 0 1
39 (1,9)->(2,13)
0 0 1
40 (1,10)->(2,14)
0 0 0
41 (1,11)->(2,0)
0 0 0
42 (1,12)->(2,1)
0 0 0
43 (1,13)->(2,2)
0 0 0
44 (1,14)->(2,3)
0 0 0
45 (1,0)->(0,5)
0 0 0
46 (1,1)->(0,6)
0 0 0
47 (1,2)->(0,7)
0 0 0
48 (1,3)->(0,8)
0 0 0
49 (1,4)->(0,9)
0 0 0
50 (1,5)->(0,10)
0 0 0
51 (1,6)->(0,11)
0 0 0
52 (1,7)->(0,12)
0 0 0
53 (1,8)->(0,13)
0 0 0
54 (1,9)->(0,14)
0 0 0
55 (1,10)->(0,0)
0 0 0
56 (1,11)->(0,1)
0 0 0
57 (1,12)->(0,2)
0 0 0
58 (1,13)->(0,3)
0 0 0
59 (1,14)->(0,4)
0 0 0
60 (2,0)->(3,3)
0 0 0
61 (2,1)->(3,4)
0 0 0
62 (2,2)->(3,5)
0 0 0
63 (2,3)->(3,6)
0 0 0
64 (2,4)->(3,7)
0 0 0
65 (2,5)->(3,8)
0 1 0
66 (2,6)->(3,9)
0 1 0
67 (2,7)->(3,10)
0 1 0
68 (2,8)->(3,11)
0 1 0
69 (2,9)->(3,12)
0 1 2
70 (2,10)->(3,13)
0 1 2
71 (2,11)->(3,14)
0 1 2
72 (2,12)->(3,0)
0 1 2
73 (2,13)->(3,1)
0 1 2
74 (2,14)->(3,2)
0 0 0
75 (2,0)->(0,4)
0 0 0
76 (2,1)->(0,5)
0 0 0
77 (2,2)->(0,6)
0 0 0
78 (2,3)->(0,7)
0 0 0
79 (2,4)->(0,8)
0 0 0
80 (2,5)->(0,9)
0 0 0
81 (2,6)->(0,10)
0 0 0
82 (2,7)->(0,11)
0 0 0
83 (2,8)->(0,12)
0 0 0
84 (2,9)->(0,13)
0 0 0
85 (2,10)->(0,14)
0 0 0
86 (2,11)->(0,0)
0 0 0
87 (2,12)->(0,1)
0 0 0
88 (2,13)->(0,2)
0 0 0
89 (2,14)->(0,3)
0 0 0
90 (3,0)->(1,5)
0 0 0
91 (3,1)->(1,6)
0 0 0
92 (3,2)->(1,7)
0 0 0
93 (3,3)->(1,8)
0 0 0
94 (3,4)->(1,9)
0 0 0
95 (3,5)->(1,10)
0 0 0
96 (3,6)->(1,11)
0 0 0
97 (3,7)->(1,12)
0 0 0
98 (3,8)->(1,13)
0 0 0
99 (3,9)->(1,14)
0 0 0
100 (3,10)->(1,0)
0 0 0
101 (3,11)->(1,1)
0 0 0
102 (3,12)->(1,2)
0 0 0
103 (3,13)->(1,3)
0 0 0
104 (3,14)->(1,4)
0 0 0
105 (3,0)->(4,4)
0 0 0
106 (3,1)->(4,5)
0 0 0
107 (3,2)->(4,6)
0 0 0
108 (3,3)->(4,7)
0 0 0
109 (3,4)->(4,8)
0 0 0
110 (3,5)->(4,9)
0 0 0
111 (3,6)->(4,10)
0 0 0
112 (3,7)->(4,11)
0 0 0
113 (3,8)->(4,12)
0 0 0
114 (3,9)->(4,13)
0 0 0
115 (3,10)->(4,14)
0 0 0
116 (3,11)->(4,0)
0 0 0
117 (3,12)->(4,1)
0 0 0
118 (3,13)->(4,2)
0 0 0
119 (3,14)->(4,3)
0 0 0
120 (4,0)->(2,5)
0 0 0
121 (4,1)->(2,6)
0 0 0
122 (4,2)->(2,7)
0 0 0
123 (4,3)->(2,8)
0 0 0
124 (4,4)->(2,9)
0 0 1
125 (4,5)->(2,10)
0 0 1
126 (4,6)->(2,11)
0 0 1
127 (4,7)->(2,12)
0 0 1
128 (4,8)->(2,13)
0 0 1
129 (4,9)->(2,14)
0 0 0
130 (4,10)->(2,0)
0 0 0
131 (4,11)->(2,1)
0 0 0
132 (4,12)->(2,2)
0 0 0
133 (4,13)->(2,3)
0 0 0
134 (4,14)->(2,4)
0 0 0
135 (4,0)->(3,4)
0 0 0
136 (4,1)->(3,5)
0 0 0
137 (4,2)->(3,6)
0 0 0
138 (4,3)->(3,7)
0 0 0
139 (4,4)->(3,8)
0 1 1
140 (4,5)->(3,9)
0 1 1
141 (4,6)->(3,10)
0 1 1
142 (4,7)->(3,11)
0 1 1
143 (4,8)->(3,12)
0 1 1
144 (4,9)->(3,13)
0 1 1
145 (4,10)->(3,14)
0 1 1
146 (4,11)->(3,0)
0 1 1
147 (4,12)->(3,1)
0 1 1
148 (4,13)->(3,2)
0 0 0
149 (4,14)->(3,3)
0 0 0
13
0 (0,0)->(4,3)
0 0 0
1 (0,1)->(4,4)
0 0 0
2 (0,2)->(4,5)
0 0 0
3 (0,3)->(4,6)
0 0 0
4 (0,4)->(4,7)
0 0 0
5 (0,5)->(4,8)
0 0 0
6 (0,6)->(4,9)
0 0 0
7 (0,7)->(4,10)
0 0 0
8 (0,8)->(4,11)
0 0 0
9 (0,9)->(4,12)
0 0 0
10 (0,10)->(4,13)
0 0 0
11 (0,11)->(4,14)
0 0 0
12 (0,12)->(4,0)
0 0 0
13 (0,13)->(4,1)
0 0 0
14 (0,14)->(4,2)
0 0 0
15 (0,0)->(1,4)
0 0 0
16 (0,1)->(1,5)
0 0 0
17 (0,2)->(1,6)
0 0 0
18 (0,3)->(1,7)
0 0 0
19 (0,4)->(1,8)
0 0 0
20 (0,5)->(1,9)
0 0 0
21 (0,6)->(1,10)
0 0 0
22 (0,7)->(1,11)
0 0 0
23 (0,8)->(1,12)
0 0 0
24 (0,9)->(1,13)
0 0 0
25 (0,10)->(1,14)
0 0 0
26 (0,11)->(1,0)
0 0 0
27 (0,12)->(1,1)
0 0 0
28 (0,13)->(1,2)
0 0 0
29 (0,14)->(1,3)
0 0 0
30 (1,0)->(2,4)
0 1 0
31 (1,1)->(2,5)
0 1 0
32 (1,2)->(2,6)
0 1 0
33 (1,3)->(2,7)
0 1 1
34 (1,4)->(2,8)
0 1 1
35 (1,5)->(2,9)
0 1 1
36 (1,6)->(2,10)
0 0 0
37 (1,7)->(2,11)
0 0 0
38 (1,8)->(2,12)
0 0 0
39 (1,9)->(2,13)
0 0 0
40 (1,10)->(2,14)
0 1 0
41 (1,11)->(2,0)
0 1 0
42 (1,12)->(2,1)
0 1 0
43 (1,13)->(2,2)
0 1 0
44 (1,14)->(2,3)
0 1 0
45 (1,0)->(0,5)
0 0 0
46 (1,1)->(0,6)
0 0 0
47 (1,2)->(0,7)
0 0 0
48 (1,3)->(0,8)
0 0 0
49 (1,4)->(0,9)
0 0 0
50 (1,5)->(0,10)
0 0 0
51 (1,6)->(0,11)
0 0 0
52 (1,7)->(0,12)
0 0 0
53 (1,8)->(0,13)
0 0 0
54 (1,9)->(0,14)
0 0 0
55 (1,10)->(0,0)
0 0 0
56 (1,11)->(0,1)
0 0 0
57 (1,12)->(0,2)
0 0 0
58 (1,13)->(0,3)
0 0 0
59 (1,14)->(0,4)
0 0 0
60 (2,0)->(3,3)
0 0 0
61 (2,1)->(3,4)
0 0 0
62 (2,2)->(3,5)
0 0 0
63 (2,3)->(3,6)
0 0 0
64 (2,4)->(3,7)
0 0 0
65 (2,5)->(3,8)
0 0 0
66 (2,6)->(3,9)
0 0 0
67 (2,7)->(3,10)
0 0 0
68 (2,8)->(3,11)
0 0 0
69 (2,9)->(3,12)
0 0 0
70 (2,10)->(3,13)
0 0 0
71 (2,11)->(3,14)
0 0 0
72 (2,12)->(3,0)
0 0 0
73 (2,13)->(3,1)
0 0 0
74 (2,14)->(3,2)
0 0 0
75 (2,0)->(0,4)
0 0 0
76 (2,1)->(0,5)
0 0 0
77 (2,2)->(0,6)
0 0 0
78 (2,3)->(0,7)
0 0 0
79 (2,4)->(0,8)
0 0 0
80 (2,5)->(0,9)
0 0 0
81 (2,6)->(0,10)
0 0 0
82 (2,7)->(0,11)
0 0 0
83 (2,8)->(0,12)
0 0 0
84 (2,9)->(0,13)
0 0 0
85 (2,10)->(0,14)
0 0 0
86 (2,11)->(0,0)
0 0 0
87 (2,12)->(0,1)
0 0 0
88 (2,13)->(0,2)
0 0 0
89 (2,14)->(0,3)
0 0 0
90 (3,0)->(1,5)
0 0 1
91 (3,1)->(1,6)
0 0 0
92 (3,2)->(1,7)
0 0 0
93 (3,3)->(1,8)
0 0 0
94 (3,4)->(1,9)
0 0 0
95 (3,5)->(1,10)
0 0 0
96 (3,6)->(1,11)
0 0 0
97 (3,7)->(1,12)
0 0 0
98 (3,8)->(1,13)
0 0 0
99 (3,9)->(1,14)
0 0 0
100 (3,10)->(1,0)
0 0 0
101 (3,11)->(1,1)
0 0 0
102 (3,12)->(1,2)
0 0 0
103 (3,13)->(1,3)
0 0 1
104 (3,14)->(1,4)
0 0 1
105 (3,0)->(4,4)
0 0 0
106 (3,1)->(4,5)
0 0 0
107 (3,2)->(4,6)
0 0 0
108 (3,3)->(4,7)
0 0 0
109 (3,4)->(4,8)
0 0 0
110 (3,5)->(4,9)
0 0 0
111 (3,6)->(4,10)
0 0 0
112 (3,7)->(4,11)
0 0 0
113 (3,8)->(4,12)
0 0 0
114 (3,9)->(4,13)
0 0 0
115 (3,10)->(4,14)
0 0 0
116 (3,11)->(4,0)
0 0 0
117 (3,12)->(4,1)
0 0 0
118 (3,13)->(4,2)
0 0 0
119 (3,14)->(4,3)
0 0 0
120 (4,0)->(2,5)
1 1 1
121 (4,1)->(2,6)
1 1 1
122 (4,2)->(2,7)
1 1 1
123 (4,3)->(2,8)
1 1 1
124 (4,4)->(2,9)
1 1 1
125 (4,5)->(2,10)
0 0 0
126 (4,6)->(2,11)
0 0 0
127 (4,7)->(2,12)
0 0 0
128 (4,8)->(2,13)
0 0 0
129 (4,9)->(2,14)
1 1 1
130 (4,10)->(2,0)
1 1 1
131 (4,11)->(2,1)
1 1 1
132 (4,12)->(2,2)
1 1 1
133 (4,13)->(2,3)
1 1 1
134 (4,14)->(2,4)
1 1 1
135 (4,0)->(3,4)
1 0 0
136 (4,1)->(3,5)
1 0 0
137 (4,2)->(3,6)
1 0 0
138 (4,3)->(3,7)
1 0 0
139 (4,4)->(3,8)
1 0 0
140 (4,5)->(3,9)
0 0 0
141 (4,6)->(3,10)
0 0 0
142 (4,7)->(3,11)
0 0 0
143 (4,8)->(3,12)
0 0 0
144 (4,9)->(3,13)
1 0 1
145 (4,10)->(3,14)
1 0 1
146 (4,11)->(3,0)
1 0 1
147 (4,12)->(3,1)
1 0 0
148 (4,13)->(3,2)
1 0 0
149 (4,14)->(3,3)
1 0 0
14
0 (0,0)->(4,3)
0 0 0
1 (0,1)->(4,4)
0 0 0
2 (0,2)->(4,5)
0 0 0
3 (0,3)->(4,6)
0 0 0
4 (0,4)->(4,7)
0 0 0
5 (0,5)->(4,8)
0 0 0
6 (0,6)->(4,9)
0 0 0
7 (0,7)->(4,10)
0 0 0
8 (0,8)->(4,11)
0 0 0
9 (0,9)->(4,12)
0 0 0
10 (0,10)->(4,13)
0 0 0
11 (0,11)->(4,14)
0 0 0
12 (0,12)->(4,0)
0 0 0
13 (0,13)->(4,1)
0 0 0
14 (0,14)->(4,2)
0 0 0
15 (0,0)->(1,4)
0 0 0
16 (0,1)->(1,5)
0 0 0
17 (0,2)->(1,6)
0 0 0
18 (0,3)->(1,7)
0 1 0
19 (0,4)->(1,8)
0 1 0
20 (0,5)->(1,9)
0 1 0
21 (0,6)->(1,10)
0 1 0
22 (0,7)->(1,11)
0 1 1
23 (0,8)->(1,12)
0 1 1
24 (0,9)->(1,13)
0 1 1
25 (0,10)->(1,14)
0 0 0
26 (0,11)->(1,0)
0 0 0
27 (0,12)->(1,1)
0 0 0
28 (0,13)->(1,2)
0 0 0
29 (0,14)->(1,3)
0 0 0
30 (1,0)->(2,4)
0 0 0
31 (1,1)->(2,5)
0 0 0
32 (1,2)->(2,6)
0 0 0
33 (1,3)->(2,7)
0 0 0
34 (1,4)->(2,8)
0 0 0
35 (1,5)->(2,9)
0 0 0
36 (1,6)->(2,10)
0 0 0
37 (1,7)->(2,11)
0 0 0
38 (1,8)->(2,12)
0 0 0
39 (1,9)->(2,13)
0 0 0
40 (1,10)->(2,14)
0 0 0
41 (1,11)->(2,0)
0 0 0
42 (1,12)->(2,1)
0 0 0
43 (1,13)->(2,2)
0 0 0
44 (1,14)->(2,3)
0 0 0
45 (1,0)->(0,5)
0 0 0
46 (1,1)->(0,6)
0 0 0
47 (1,2)->(0,7)
0 0 0
48 (1,3)->(0,8)
0 0 0
49 (1,4)->(0,9)
0 0 0
50 (1,5)->(0,10)
0 0 0
51 (1,6)->(0,11)
0 0 0
52 (1,7)->(0,12)
0 0 0
53 (1,8)->(0,13)
0 0 0
54 (1,9)->(0,14)
0 0 0
55 (1,10)->(0,0)
0 0 0
56 (1,11)->(0,1)
0 0 0
57 (1,12)->(0,2)
0 0 0
58 (1,13)->(0,3)
0 0 0
59 (1,14)->(0,4)
0 0 0
60 (2,0)->(3,3)
0 0 0
61 (2,1)->(3,4)
0 0 0
62 (2,2)->(3,5)
0 0 0
63 (2,3)->(3,6)
0 0 1
64 (2,4)->(3,7)
0 0 1
65 (2,5)->(3,8)
0 0 1
66 (2,6)->(3,9)
0 0 0
67 (2,7)->(3,10)
0 0 0
68 (2,8)->(3,11)
0 0 0
69 (2,9)->(3,12)
0 0 0
70 (2,10)->(3,13)
0 0 0
71 (2,11)->(3,14)
0 0 0
72 (2,12)->(3,0)
0 0 0
73 (2,13)->(3,1)
0 0 0
74 (2,14)->(3,2)
0 0 0
75 (2,0)->(0,4)
0 0 0
76 (2,1)->(0,5)
0 0 0
77 (2,2)->(0,6)
0 0 0
78 (2,3)->(0,7)
0 0 1
79 (2,4)->(0,8)
0 0 1
80 (2,5)->(0,9)
0 0 1
81 (2,6)->(0,10)
0 0 0
82 (2,7)->(0,11)
0 0 0
83 (2,8)->(0,12)
0 0 0
84 (2,9)->(0,13)
0 0 0
85 (2,10)->(0,14)
0 0 0
86 (2,11)->(0,0)
0 0 0
87 (2,12)->(0,1)
0 0 0
88 (2,13)->(0,2)
0 0 0
89 (2,14)->(0,3)
0 0 0
90 (3,0)->(1,5)
0 0 0
91 (3,1)->(1,6)
0 0 0
92 (3,2)->(1,7)
0 1 1
93 (3,3)->(1,8)
0 1 1
94 (3,4)->(1,9)
0 1 1
95 (3,5)->(1,10)
0 1 1
96 (3,6)->(1,11)
0 1 2
97 (3,7)->(1,12)
0 1 2
98 (3,8)->(1,13)
0 1 2
99 (3,9)->(1,14)
0 0 0
100 (3,10)->(1,0)
0 0 0
101 (3,11)->(1,1)
0 0 0
102 (3,12)->(1,2)
0 0 0
103 (3,13)->(1,3)
0 0 0
104 (3,14)->(1,4)
0 0 0
105 (3,0)->(4,4)
0 0 0
106 (3,1)->(4,5)
0 0 0
107 (3,2)->(4,6)
0 0 0
108 (3,3)->(4,7)
0 0 0
109 (3,4)->(4,8)
0 0 0
110 (3,5)->(4,9)
0 0 0
111 (3,6)->(4,10)
0 0 0
112 (3,7)->(4,11)
0 0 0
113 (3,8)->(4,12)
0 0 0
114 (3,9)->(4,13)
0 0 0
115 (3,10)->(4,14)
0 0 0
116 (3,11)->(4,0)
0 0 0
117 (3,12)->(4,1)
0 0 0
118 (3,13)->(4,2)
0 0 0
119 (3,14)->(4,3)
0 0 0
120 (4,0)->(2,5)
1 0 2
121 (4,1)->(2,6)
1 0 0
122 (4,2)->(2,7)
1 0 0
123 (4,3)->(2,8)
1 0 0
124 (4,4)->(2,9)
1 0 0
125 (4,5)->(2,10)
0 0 0
126 (4,6)->(2,11)
0 0 0
127 (4,7)->(2,12)
0 0 0
128 (4,8)->(2,13)
0 0 0
129 (4,9)->(2,14)
0 0 0
130 (4,10)->(2,0)
0 0 0
131 (4,11)->(2,1)
0 0 0
132 (4,12)->(2,2)
0 0 0
133 (4,13)->(2,3)
1 0 2
134 (4,14)->(2,4)
1 0 2
135 (4,0)->(3,4)
1 0 1
136 (4,1)->(3,5)
1 0 1
137 (4,2)->(3,6)
1 0 1
138 (4,3)->(3,7)
1 0 1
139 (4,4)->(3,8)
1 0 1
140 (4,5)->(3,9)
0 0 0
141 (4,6)->(3,10)
0 0 0
142 (4,7)->(3,11)
0 0 0
143 (4,8)->(3,12)
0 0 0
144 (4,9)->(3,13)
0 0 0
145 (4,10)->(3,14)
0 0 0
146 (4,11)->(3,0)
0 0 0
147 (4,12)->(3,1)
0 0 0
148 (4,13)->(3,2)
1 0 1
149 (4,14)->(3,3)
1 0 1
15
0 (0,0)->(4,3)
0 0 0
1 (0,1)->(4,4)
0 0 0
2 (0,2)->(4,5)
0 0 0
3 (0,3)->(4,6)
0 0 0
4 (0,4)->(4,7)
0 0 0
5 (0,5)->(4,8)
0 0 0
6 (0,6)->(4,9)
0 0 0
7 (0,7)->(4,10)
0 0 0
8 (0,8)->(4,11)
0 0 0
9 (0,9)->(4,12)
0 0 0
10 (0,10)->(4,13)
0 0 0
11 (0,11)->(4,14)
0 0 0
12 (0,12)->(4,0)
0 0 0
13 (0,13)->(4,1)
0 0 0
14 (0,14)->(4,2)
0 0 0
15 (0,0)->(1,4)
0 0 0
16 (0,1)->(1,5)
0 0 0
17 (0,2)->(1,6)
0 0 0
18 (0,3)->(1,7)
0 0 0
19 (0,4)->(1,8)
0 0 0
20 (0,5)->(1,9)
0 0 0
21 (0,6)->(1,10)
0 0 0
22 (0,7)->(1,11)
0 0 0
23 (0,8)->(1,12)
0 0 0
24 (0,9)->(1,13)
0 0 0
25 (0,10)->(1,14)
0 0 0
26 (0,11)->(1,0)
0 0 0
27 (0,12)->(1,1)
0 0 0
28 (0,13)->(1,2)
0 0 0
29 (0,14)->(1,3)
0 0 0
30 (1,0)->(2,4)
0 0 0
31 (1,1)->(2,5)
0 0 0
32 (1,2)->(2,6)
0 0 0
33 (1,3)->(2,7)
0 0 0
34 (1,4)->(2,8)
0 0 0
35 (1,5)->(2,9)
0 0 0
36 (1,6)->(2,10)
0 0 0
37 (1,7)->(2,11)
0 0 0
38 (1,8)->(2,12)
0 0 0
39 (1,9)->(2,13)
0 0 0
40 (1,10)->(2,14)
0 0 0
41 (1,11)->(2,0)
0 0 0
42 (1,12)->(2,1)
0 0 0
43 (1,13)->(2,2)
0 0 0
44 (1,14)->(2,3)
0 0 0
45 (1,0)->(0,5)
0 1 0
46 (1,1)->(0,6)
0 1 0
47 (1,2)->(0,7)
0 1 1
48 (1,3)->(0,8)
0 1 1
49 (1,4)->(0,9)
0 1 1
50 (1,5)->(0,10)
0 0 0
51 (1,6)->(0,11)
0 0 0
52 (1,7)->(0,12)
0 0 0
53 (1,8)->(0,13)
0 1 0
54 (1,9)->(0,14)
0 1 0
55 (1,10)->(0,0)
0 1 0
56 (1,11)->(0,1)
0 1 0
57 (1,12)->(0,2)
0 1 0
58 (1,13)->(0,3)
0 1 0
59 (1,14)->(0,4)
0 1 0
60 (2,0)->(3,3)
1 0 0
61 (2,1)->(3,4)
1 0 0
62 (2,2)->(3,5)
1 0 0
63 (2,3)->(3,6)
1 0 0
64 (2,4)->(3,7)
1 0 0
65 (2,5)->(3,8)
1 0 0
66 (2,6)->(3,9)
0 0 0
67 (2,7)->(3,10)
0 0 0
68 (2,8)->(3,11)
0 0 0
69 (2,9)->(3,12)
1 0 1
70 (2,10)->(3,13)
1 0 1
71 (2,11)->(3,14)
1 0 1
72 (2,12)->(3,0)
1 0 0
73 (2,13)->(3,1)
1 0 0
74 (2,14)->(3,2)
1 0 0
75 (2,0)->(0,4)
1 1 1
76 (2,1)->(0,5)
1 1 1
77 (2,2)->(0,6)
1 1 1
78 (2,3)->(0,7)
1 1 1
79 (2,4)->(0,8)
1 1 1
80 (2,5)->(0,9)
1 1 1
81 (2,6)->(0,10)
0 0 0
82 (2,7)->(0,11)
0 0 0
83 (2,8)->(0,12)
0 0 0
84 (2,9)->(0,13)
1 1 1
85 (2,10)->(0,14)
1 1 1
86 (2,11)->(0,0)
1 1 1
87 (2,12)->(0,1)
1 1 1
88 (2,13)->(0,2)
1 1 1
89 (2,14)->(0,3)
1 1 1
90 (3,0)->(1,5)
0 0 0
91 (3,1)->(1,6)
0 0 0
92 (3,2)->(1,7)
0 0 0
93 (3,3)->(1,8)
0 0 0
94 (3,4)->(1,9)
0 0 0
95 (3,5)->(1,10)
0 0 0
96 (3,6)->(1,11)
0 0 0
97 (3,7)->(1,12)
0 0 0
98 (3,8)->(1,13)
0 0 0
99 (3,9)->(1,14)
0 0 0
100 (3,10)->(1,0)
0 0 0
101 (3,11)->(1,1)
0 0 0
102 (3,12)->(1,2)
0 0 1
103 (3,13)->(1,3)
0 0 1
104 (3,14)->(1,4)
0 0 1
105 (3,0)->(4,4)
0 0 0
106 (3,1)->(4,5)
0 0 0
107 (3,2)->(4,6)
0 0 0
108 (3,3)->(4,7)
0 0 0
109 (3,4)->(4,8)
0 0 0
110 (3,5)->(4,9)
0 0 0
111 (3,6)->(4,10)
0 0 0
112 (3,7)->(4,11)
0 0 0
113 (3,8)->(4,12)
0 0 0
114 (3,9)->(4,13)
0 0 0
115 (3,10)->(4,14)
0 0 0
116 (3,11)->(4,0)
0 0 0
117 (3,12)->(4,1)
0 0 0
118 (3,13)->(4,2)
0 0 0
119 (3,14)->(4,3)
0 0 0
120 (4,0)->(2,5)
0 0 0
121 (4,1)->(2,6)
0 0 0
122 (4,2)->(2,7)
0 0 0
123 (4,3)->(2,8)
0 0 0
124 (4,4)->(2,9)
0 0 0
125 (4,5)->(2,10)
0 0 0
126 (4,6)->(2,11)
0 0 0
127 (4,7)->(2,12)
0 0 0
128 (4,8)->(2,13)
0 0 0
129 (4,9)->(2,14)
0 0 0
130 (4,10)->(2,0)
0 0 0
131 (4,11)->(2,1)
0 0 0
132 (4,12)->(2,2)
0 0 0
133 (4,13)->(2,3)
0 0 0
134 (4,14)->(2,4)
0 0 0
135 (4,0)->(3,4)
0 0 0
136 (4,1)->(3,5)
0 0 0
137 (4,2)->(3,6)
0 0 0
138 (4,3)->(3,7)
0 0 0
139 (4,4)->(3,8)
0 0 0
140 (4,5)->(3,9)
0 0 0
141 (4,6)->(3,10)
0 0 0
142 (4,7)->(3,11)
0 0 0
143 (4,8)->(3,12)
0 0 0
144 (4,9)->(3,13)
0 0 0
145 (4,10)->(3,14)
0 0 0
146 (4,11)->(3,0)
0 0 0
147 (4,12)->(3,1)
0 0 0
148 (4,13)->(3,2)
0 0 0
149 (4,14)->(3,3)
0 0 0
16
0 (0,0)->(4,3)
0 0 0
1 (0,1)->(4,4)
0 0 0
2 (0,2)->(4,5)
0 0 0
3 (0,3)->(4,6)
0 0 1
4 (0,4)->(4,7)
0 0 1
5 (0,5)->(4,8)
0 0 1
6 (0,6)->(4,9)
0 0 1
7 (0,7)->(4,10)
0 0 1
8 (0,8)->(4,11)
0 0 0
9 (0,9)->(4,12)
0 0 0
10 (0,10)->(4,13)
0 0 0
11 (0,11)->(4,14)
0 0 0
12 (0,12)->(4,0)
0 0 0
13 (0,13)->(4,1)
0 0 0
14 (0,14)->(4,2)
0 0 0
15 (0,0)->(1,4)
0 0 0
16 (0,1)->(1,5)
0 0 0
17 (0,2)->(1,6)
0 0 0
18 (0,3)->(1,7)
0 0 0
19 (0,4)->(1,8)
0 0 0
20 (0,5)->(1,9)
0 0 0
21 (0,6)->(1,10)
0 0 0
22 (0,7)->(1,11)
0 0 0
23 (0,8)->(1,12)
0 0 0
24 (0,9)->(1,13)
0 0 0
25 (0,10)->(1,14)
0 0 0
26 (0,11)->(1,0)
0 0 0
27 (0,12)->(1,1)
0 0 0
28 (0,13)->(1,2)
0 0 0
29 (0,14)->(1,3)
0 0 0
30 (1,0)->(2,4)
0 0 0
31 (1,1)->(2,5)
0 0 0
32 (1,2)->(2,6)
0 0 0
33 (1,3)->(2,7)
0 0 0
34 (1,4)->(2,8)
0 0 0
35 (1,5)->(2,9)
0 0 0
36 (1,6)->(2,10)
0 0 0
37 (1,7)->(2,11)
0 0 0
38 (1,8)->(2,12)
0 0 0
39 (1,9)->(2,13)
0 0 0
40 (1,10)->(2,14)
0 0 0
41 (1,11)->(2,0)
0 0 0
42 (1,12)->(2,1)
0 0 0
43 (1,13)->(2,2)
0 0 0
44 (1,14)->(2,3)
0 0 0
45 (1,0)->(0,5)
0 0 0
46 (1,1)->(0,6)
0 0 0
47 (1,2)->(0,7)
0 0 0
48 (1,3)->(0,8)
0 0 0
49 (1,4)->(0,9)
0 0 0
50 (1,5)->(0,10)
0 0 0
51 (1,6)->(0,11)
0 0 0
52 (1,7)->(0,12)
0 0 0
53 (1,8)->(0,13)
0 0 0
54 (1,9)->(0,14)
0 0 0
55 (1,10)->(0,0)
0 0 0
56 (1,11)->(0,1)
0 0 0
57 (1,12)->(0,2)
0 0 0
58 (1,13)->(0,3)
0 0 0
59 (1,14)->(0,4)
0 0 0
60 (2,0)->(3,3)
1 1 1
61 (2,1)->(3,4)
1 1 1
62 (2,2)->(3,5)
1 1 1
63 (2,3)->(3,6)
1 1 1
64 (2,4)->(3,7)
1 1 1
65 (2,5)->(3,8)
1 1 1
66 (2,6)->(3,9)
1 1 1
67 (2,7)->(3,10)
1 1 1
68 (2,8)->(3,11)
1 1 1
69 (2,9)->(3,12)
1 1 1
70 (2,10)->(3,13)
1 1 1
71 (2,11)->(3,14)
1 1 1
72 (2,12)->(3,0)
0 0 0
73 (2,13)->(3,1)
0 0 0
74 (2,14)->(3,2)
1 1 1
75 (2,0)->(0,4)
1 0 1
76 (2,1)->(0,5)
1 0 1
77 (2,2)->(0,6)
1 0 1
78 (2,3)->(0,7)
1 0 1
79 (2,4)->(0,8)
1 0 0
80 (2,5)->(0,9)
1 0 0
81 (2,6)->(0,10)
1 0 0
82 (2,7)->(0,11)
1 0 0
83 (2,8)->(0,12)
1 0 0
84 (2,9)->(0,13)
1 0 0
85 (2,10)->(0,14)
1 0 0
86 (2,11)->(0,0)
1 0 0
87 (2,12)->(0,1)
0 0 0
88 (2,13)->(0,2)
0 0 0
89 (2,14)->(0,3)
1 0 1
90 (3,0)->(1,5)
0 0 0
91 (3,1)->(1,6)
0 0 0
92 (3,2)->(1,7)
0 0 0
93 (3,3)->(1,8)
0 0 0
94 (3,4)->(1,9)
0 0 0
95 (3,5)->(1,10)
0 0 0
96 (3,6)->(1,11)
0 0 0
97 (3,7)->(1,12)
0 0 0
98 (3,8)->(1,13)
0 0 0
99 (3,9)->(1,14)
0 0 0
100 (3,10)->(1,0)
0 0 0
101 (3,11)->(1,1)
0 0 0
102 (3,12)->(1,2)
0 0 0
103 (3,13)->(1,3)
0 0 0
104 (3,14)->(1,4)
0 0 0
105 (3,0)->(4,4)
0 0 0
106 (3,1)->(4,5)
0 0 0
107 (3,2)->(4,6)
0 0 0
108 (3,3)->(4,7)
0 0 0
109 (3,4)->(4,8)
0 0 0
110 (3,5)->(4,9)
0 0 0
111 (3,6)->(4,10)
0 0 0
112 (3,7)->(4,11)
0 0 0
113 (3,8)->(4,12)
0 0 0
114 (3,9)->(4,13)
0 0 0
115 (3,10)->(4,14)
0 0 0
116 (3,11)->(4,0)
0 0 0
117 (3,12)->(4,1)
0 0 0
118 (3,13)->(4,2)
0 0 0
119 (3,14)->(4,3)
0 0 0
120 (4,0)->(2,5)
0 0 0
121 (4,1)->(2,6)
0 0 0
122 (4,2)->(2,7)
0 0 0
123 (4,3)->(2,8)
0 0 0
124 (4,4)->(2,9)
0 0 0
125 (4,5)->(2,10)
0 0 0
126 (4,6)->(2,11)
0 0 0
127 (4,7)->(2,12)
0 0 0
128 (4,8)->(2,13)
0 0 0
129 (4,9)->(2,14)
0 0 0
130 (4,10)->(2,0)
0 0 0
131 (4,11)->(2,1)
0 0 0
132 (4,12)->(2,2)
0 0 0
133 (4,13)->(2,3)
0 0 0
134 (4,14)->(2,4)
0 0 0
135 (4,0)->(3,4)
0 1 0
136 (4,1)->(3,5)
0 1 0
137 (4,2)->(3,6)
0 1 0
138 (4,3)->(3,7)
0 1 0
139 (4,4)->(3,8)
0 1 0
140 (4,5)->(3,9)
0 1 0
141 (4,6)->(3,10)
0 1 1
142 (4,7)->(3,11)
0 1 1
143 (4,8)->(3,12)
0 1 1
144 (4,9)->(3,13)
0 1 1
145 (4,10)->(3,14)
0 1 1
146 (4,11)->(3,0)
0 0 0
147 (4,12)->(3,1)
0 0 0
148 (4,13)->(3,2)
0 1 0
149 (4,14)->(3,3)
0 1 0
17
0 (0,0)->(4,3)
0 0 0
1 (0,1)->(4,4)
0 0 0
2 (0,2)->(4,5)
0 0 0
3 (0,3)->(4,6)
0 0 0
4 (0,4)->(4,7)
0 0 0
5 (0,5)->(4,8)
0 0 0
6 (0,6)->(4,9)
0 0 0
7 (0,7)->(4,10)
0 0 0
8 (0,8)->(4,11)
0 0 0
9 (0,9)->(4,12)
0 0 0
10 (0,10)->(4,13)
0 0 0
11 (0,11)->(4,14)
0 0 0
12 (0,12)->(4,0)
0 0 0
13 (0,13)->(4,1)
0 0 0
14 (0,14)->(4,2)
0 0 0
15 (0,0)->(1,4)
0 1 0
16 (0,1)->(1,5)
0 1 0
17 (0,2)->(1,6)
0 1 0
18 (0,3)->(1,7)
0 1 0
19 (0,4)->(1,8)
0 1 0
20 (0,5)->(1,9)
0 1 0
21 (0,6)->(1,10)
0 1 0
22 (0,7)->(1,11)
0 1 0
23 (0,8)->(1,12)
0 1 0
24 (0,9)->(1,13)
0 1 0
25 (0,10)->(1,14)
0 0 0
26 (0,11)->(1,0)
0 0 0
27 (0,12)->(1,1)
0 0 0
28 (0,13)->(1,2)
0 0 0
29 (0,14)->(1,3)
0 1 0
30 (1,0)->(2,4)
0 0 0
31 (1,1)->(2,5)
0 0 0
32 (1,2)->(2,6)
0 0 0
33 (1,3)->(2,7)
0 0 0
34 (1,4)->(2,8)
0 0 0
35 (1,5)->(2,9)
0 0 0
36 (1,6)->(2,10)
0 0 0
37 (1,7)->(2,11)
0 0 0
38 (1,8)->(2,12)
0 0 0
39 (1,9)->(2,13)
0 0 0
40 (1,10)->(2,14)
0 0 0
41 (1,11)->(2,0)
0 0 0
42 (1,12)->(2,1)
0 0 0
43 (1,13)->(2,2)
0 0 0
44 (1,14)->(2,3)
0 0 0
45 (1,0)->(0,5)
0 0 0
46 (1,1)->(0,6)
0 0 0
47 (1,2)->(0,7)
0 0 0
48 (1,3)->(0,8)
0 0 0
49 (1,4)->(0,9)
0 0 0
50 (1,5)->(0,10)
0 0 0
51 (1,6)->(0,11)
0 0 0
52 (1,7)->(0,12)
0 0 0
53 (1,8)->(0,13)
0 0 0
54 (1,9)->(0,14)
0 0 0
55 (1,10)->(0,0)
0 0 0
56 (1,11)->(0,1)
0 0 0
57 (1,12)->(0,2)
0 0 0
58 (1,13)->(0,3)
0 0 0
59 (1,14)->(0,4)
0 0 0
60 (2,0)->(3,3)
0 0 0
61 (2,1)->(3,4)
0 0 0
62 (2,2)->(3,5)
0 0 0
63 (2,3)->(3,6)
0 0 0
64 (2,4)->(3,7)
0 0 0
65 (2,5)->(3,8)
0 0 0
66 (2,6)->(3,9)
0 0 0
67 (2,7)->(3,10)
0 0 0
68 (2,8)->(3,11)
0 0 0
69 (2,9)->(3,12)
0 0 0
70 (2,10)->(3,13)
0 0 0
71 (2,11)->(3,14)
0 0 0
72 (2,12)->(3,0)
0 0 0
73 (2,13)->(3,1)
0 0 0
74 (2,14)->(3,2)
0 0 0
75 (2,0)->(0,4)
0 0 0
76 (2,1)->(0,5)
0 0 0
77 (2,2)->(0,6)
0 0 0
78 (2,3)->(0,7)
0 0 0
79 (2,4)->(0,8)
0 0 0
80 (2,5)->(0,9)
0 0 0
81 (2,6)->(0,10)
0 0 0
82 (2,7)->(0,11)
0 0 0
83 (2,8)->(0,12)
0 0 0
84 (2,9)->(0,13)
0 0 0
85 (2,10)->(0,14)
0 0 0
86 (2,11)->(0,0)
0 0 0
87 (2,12)->(0,1)
0 0 0
88 (2,13)->(0,2)
0 0 0
89 (2,14)->(0,3)
0 0 0
90 (3,0)->(1,5)
1 1 1
91 (3,1)->(1,6)
1 1 1
92 (3,2)->(1,7)
1 1 1
93 (3,3)->(1,8)
1 1 1
94 (3,4)->(1,9)
1 1 1
95 (3,5)->(1,10)
1 1 1
96 (3,6)->(1,11)
1 1 1
97 (3,7)->(1,12)
1 1 1
98 (3,8)->(1,13)
1 1 1
99 (3,9)->(1,14)
0 0 0
100 (3,10)->(1,0)
0 0 0
101 (3,11)->(1,1)
0 0 0
102 (3,12)->(1,2)
0 0 0
103 (3,13)->(1,3)
1 1 1
104 (3,14)->(1,4)
1 1 1
105 (3,0)->(4,4)
1 0 0
106 (3,1)->(4,5)
1 0 0
107 (3,2)->(4,6)
1 0 0
108 (3,3)->(4,7)
1 0 0
109 (3,4)->(4,8)
1 0 0
110 (3,5)->(4,9)
1 0 0
111 (3,6)->(4,10)
1 0 0
112 (3,7)->(4,11)
1 0 0
113 (3,8)->(4,12)
1 0 0
114 (3,9)->(4,13)
0 0 0
115 (3,10)->(4,14)
0 0 0
116 (3,11)->(4,0)
0 0 0
117 (3,12)->(4,1)
0 0 0
118 (3,13)->(4,2)
1 0 0
119 (3,14)->(4,3)
1 0 0
120 (4,0)->(2,5)
0 0 0
121 (4,1)->(2,6)
0 0 0
122 (4,2)->(2,7)
0 0 0
123 (4,3)->(2,8)
0 0 0
124 (4,4)->(2,9)
0 0 0
125 (4,5)->(2,10)
0 0 0
126 (4,6)->(2,11)
0 0 0
127 (4,7)->(2,12)
0 0 0
128 (4,8)->(2,13)
0 0 0
129 (4,9)->(2,14)
0 0 0
130 (4,10)->(2,0)
0 0 0
131 (4,11)->(2,1)
0 0 0
132 (4,12)->(2,2)
0 0 0
133 (4,13)->(2,3)
0 0 0
134 (4,14)->(2,4)
0 0 0
135 (4,0)->(3,4)
0 0 0
136 (4,1)->(3,5)
0 0 0
137 (4,2)->(3,6)
0 0 0
138 (4,3)->(3,7)
0 0 0
139 (4,4)->(3,8)
0 0 0
140 (4,5)->(3,9)
0 0 0
141 (4,6)->(3,10)
0 0 0
142 (4,7)->(3,11)
0 0 0
143 (4,8)->(3,12)
0 0 0
144 (4,9)->(3,13)
0 0 0
145 (4,10)->(3,14)
0 0 0
146 (4,11)->(3,0)
0 0 0
147 (4,12)->(3,1)
0 0 0
148 (4,13)->(3,2)
0 0 0
149 (4,14)->(3,3)
0 0 0
18
0 (0,0)->(4,3)
1 0 0
1 (0,1)->(4,4)
0 0 0
2 (0,2)->(4,5)
0 0 0
3 (0,3)->(4,6)
0 0 0
4 (0,4)->(4,7)
1 0 1
5 (0,5)->(4,8)
1 0 1
6 (0,6)->(4,9)
1 0 1
7 (0,7)->(4,10)
1 0 1
8 (0,8)->(4,11)
1 0 0
9 (0,9)->(4,12)
1 0 0
10 (0,10)->(4,13)
1 0 0
11 (0,11)->(4,14)
1 0 0
12 (0,12)->(4,0)
1 0 0
13 (0,13)->(4,1)
1 0 0
14 (0,14)->(4,2)
1 0 0
15 (0,0)->(1,4)
1 1 1
16 (0,1)->(1,5)
0 0 0
17 (0,2)->(1,6)
0 0 0
18 (0,3)->(1,7)
0 0 0
19 (0,4)->(1,8)
1 1 1
20 (0,5)->(1,9)
1 1 1
21 (0,6)->(1,10)
1 1 1
22 (0,7)->(1,11)
1 1 1
23 (0,8)->(1,12)
1 1 1
24 (0,9)->(1,13)
1 1 1
25 (0,10)->(1,14)
1 1 1
26 (0,11)->(1,0)
1 1 1
27 (0,12)->(1,1)
1 1 1
28 (0,13)->(1,2)
1 1 1
29 (0,14)->(1,3)
1 1 1
30 (1,0)->(2,4)
0 0 0
31 (1,1)->(2,5)
0 0 0
32 (1,2)->(2,6)
0 0 0
33 (1,3)->(2,7)
0 0 0
34 (1,4)->(2,8)
0 0 0
35 (1,5)->(2,9)
0 0 0
36 (1,6)->(2,10)
0 0 0
37 (1,7)->(2,11)
0 0 0
38 (1,8)->(2,12)
0 0 0
39 (1,9)->(2,13)
0 0 0
40 (1,10)->(2,14)
0 0 0
41 (1,11)->(2,0)
0 0 0
42 (1,12)->(2,1)
0 0 0
43 (1,13)->(2,2)
0 0 0
44 (1,14)->(2,3)
0 0 0
45 (1,0)->(0,5)
0 0 0
46 (1,1)->(0,6)
0 0 0
47 (1,2)->(0,7)
0 0 0
48 (1,3)->(0,8)
0 0 0
49 (1,4)->(0,9)
0 0 0
50 (1,5)->(0,10)
0 0 0
51 (1,6)->(0,11)
0 0 0
52 (1,7)->(0,12)
0 0 0
53 (1,8)->(0,13)
0 0 0
54 (1,9)->(0,14)
0 0 0
55 (1,10)->(0,0)
0 0 0
56 (1,11)->(0,1)
0 0 0
57 (1,12)->(0,2)
0 0 0
58 (1,13)->(0,3)
0 0 0
59 (1,14)->(0,4)
0 0 0
60 (2,0)->(3,3)
0 0 0
61 (2,1)->(3,4)
0 0 0
62 (2,2)->(3,5)
0 0 0
63 (2,3)->(3,6)
0 0 0
64 (2,4)->(3,7)
0 0 0
65 (2,5)->(3,8)
0 0 0
66 (2,6)->(3,9)
0 0 0
67 (2,7)->(3,10)
0 0 0
68 (2,8)->(3,11)
0 0 0
69 (2,9)->(3,12)
0 0 0
70 (2,10)->(3,13)
0 0 0
71 (2,11)->(3,14)
0 0 0
72 (2,12)->(3,0)
0 0 0
73 (2,13)->(3,1)
0 0 0
74 (2,14)->(3,2)
0 0 0
75 (2,0)->(0,4)
0 0 0
76 (2,1)->(0,5)
0 0 0
77 (2,2)->(0,6)
0 0 0
78 (2,3)->(0,7)
0 0 0
79 (2,4)->(0,8)
0 0 0
80 (2,5)->(0,9)
0 0 0
81 (2,6)->(0,10)
0 0 0
82 (2,7)->(0,11)
0 0 0
83 (2,8)->(0,12)
0 0 0
84 (2,9)->(0,13)
0 0 0
85 (2,10)->(0,14)
0 0 0
86 (2,11)->(0,0)
0 0 0
87 (2,12)->(0,1)
0 0 0
88 (2,13)->(0,2)
0 0 0
89 (2,14)->(0,3)
0 0 0
90 (3,0)->(1,5)
0 0 0
91 (3,1)->(1,6)
0 0 0
92 (3,2)->(1,7)
0 0 0
93 (3,3)->(1,8)
0 1 0
94 (3,4)->(1,9)
0 1 0
95 (3,5)->(1,10)
0 1 0
96 (3,6)->(1,11)
0 1 0
97 (3,7)->(1,12)
0 1 0
98 (3,8)->(1,13)
0 1 0
99 (3,9)->(1,14)
0 1 0
100 (3,10)->(1,0)
0 1 0
101 (3,11)->(1,1)
0 1 1
102 (3,12)->(1,2)
0 1 1
103 (3,13)->(1,3)
0 1 1
104 (3,14)->(1,4)
0 1 1
105 (3,0)->(4,4)
0 0 0
106 (3,1)->(4,5)
0 0 0
107 (3,2)->(4,6)
0 0 0
108 (3,3)->(4,7)
0 0 0
109 (3,4)->(4,8)
0 0 0
110 (3,5)->(4,9)
0 0 0
111 (3,6)->(4,10)
0 0 0
112 (3,7)->(4,11)
0 0 0
113 (3,8)->(4,12)
0 0 0
114 (3,9)->(4,13)
0 0 0
115 (3,10)->(4,14)
0 0 0
116 (3,11)->(4,0)
0 0 0
117 (3,12)->(4,1)
0 0 0
118 (3,13)->(4,2)
0 0 0
119 (3,14)->(4,3)
0 0 0
120 (4,0)->(2,5)
0 0 0
121 (4,1)->(2,6)
0 0 0
122 (4,2)->(2,7)
0 0 0
123 (4,3)->(2,8)
0 0 0
124 (4,4)->(2,9)
0 0 0
125 (4,5)->(2,10)
0 0 0
126 (4,6)->(2,11)
0 0 0
127 (4,7)->(2,12)
0 0 0
128 (4,8)->(2,13)
0 0 0
129 (4,9)->(2,14)
0 0 0
130 (4,10)->(2,0)
0 0 0
131 (4,11)->(2,1)
0 0 0
132 (4,12)->(2,2)
0 0 0
133 (4,13)->(2,3)
0 0 0
134 (4,14)->(2,4)
0 0 0
135 (4,0)->(3,4)
0 0 0
136 (4,1)->(3,5)
0 0 0
137 (4,2)->(3,6)
0 0 0
138 (4,3)->(3,7)
0 0 0
139 (4,4)->(3,8)
0 0 0
140 (4,5)->(3,9)
0 0 0
141 (4,6)->(3,10)
0 0 0
142 (4,7)->(3,11)
0 0 1
143 (4,8)->(3,12)
0 0 1
144 (4,9)->(3,13)
0 0 1
145 (4,10)->(3,14)
0 0 1
146 (4,11)->(3,0)
0 0 0
147 (4,12)->(3,1)
0 0 0
148 (4,13)->(3,2)
0 0 0
149 (4,14)->(3,3)
0 0 0
19
0 (0,0)->(4,3)
0 0 0
1 (0,1)->(4,4)
0 0 0
2 (0,2)->(4,5)
0 0 0
3 (0,3)->(4,6)
0 0 0
4 (0,4)->(4,7)
0 0 0
5 (0,5)->(4,8)
0 0 0
6 (0,6)->(4,9)
0 0 0
7 (0,7)->(4,10)
0 0 0
8 (0,8)->(4,11)
0 0 0
9 (0,9)->(4,12)
0 0 0
10 (0,10)->(4,13)
0 0 0
11 (0,11)->(4,14)
0 0 0
12 (0,12)->(4,0)
0 0 0
13 (0,13)->(4,1)
0 0 0
14 (0,14)->(4,2)
0 0 0
15 (0,0)->(1,4)
0 0 0
16 (0,1)->(1,5)
0 0 0
17 (0,2)->(1,6)
0 0 0
18 (0,3)->(1,7)
0 0 0
19 (0,4)->(1,8)
0 0 0
20 (0,5)->(1,9)
0 0 0
21 (0,6)->(1,10)
0 0 0
22 (0,7)->(1,11)
0 0 0
23 (0,8)->(1,12)
0 0 0
24 (0,9)->(1,13)
0 0 0
25 (0,10)->(1,14)
0 0 0
26 (0,11)->(1,0)
0 0 0
27 (0,12)->(1,1)
0 0 0
28 (0,13)->(1,2)
0 0 0
29 (0,14)->(1,3)
0 0 0
30 (1,0)->(2,4)
0 0 0
31 (1,1)->(2,5)
0 0 0
32 (1,2)->(2,6)
0 0 0
33 (1,3)->(2,7)
0 1 0
34 (1,4)->(2,8)
0 1 0
35 (1,5)->(2,9)
0 1 0
36 (1,6)->(2,10)
0 1 0
37 (1,7)->(2,11)
0 1 0
38 (1,8)->(2,12)
0 1 0
39 (1,9)->(2,13)
0 1 0
40 (1,10)->(2,14)
0 1 0
41 (1,11)->(2,0)
0 1 1
42 (1,12)->(2,1)
0 1 1
43 (1,13)->(2,2)
0 1 1
44 (1,14)->(2,3)
0 0 0
45 (1,0)->(0,5)
0 0 0
46 (1,1)->(0,6)
0 0 0
47 (1,2)->(0,7)
0 0 0
48 (1,3)->(0,8)
0 0 0
49 (1,4)->(0,9)
0 0 0
50 (1,5)->(0,10)
0 0 0
51 (1,6)->(0,11)
0 0 0
52 (1,7)->(0,12)
0 0 0
53 (1,8)->(0,13)
0 0 0
54 (1,9)->(0,14)
0 0 0
55 (1,10)->(0,0)
0 0 0
56 (1,11)->(0,1)
0 0 0
57 (1,12)->(0,2)
0 0 0
58 (1,13)->(0,3)
0 0 0
59 (1,14)->(0,4)
0 0 0
60 (2,0)->(3,3)
0 0 0
61 (2,1)->(3,4)
0 0 0
62 (2,2)->(3,5)
0 0 0
63 (2,3)->(3,6)
0 0 0
64 (2,4)->(3,7)
0 0 0
65 (2,5)->(3,8)
0 0 0
66 (2,6)->(3,9)
0 0 0
67 (2,7)->(3,10)
0 0 0
68 (2,8)->(3,11)
0 0 0
69 (2,9)->(3,12)
0 0 0
70 (2,10)->(3,13)
0 0 0
71 (2,11)->(3,14)
0 0 0
72 (2,12)->(3,0)
0 0 0
73 (2,13)->(3,1)
0 0 0
74 (2,14)->(3,2)
0 0 0
75 (2,0)->(0,4)
0 0 0
76 (2,1)->(0,5)
0 0 0
77 (2,2)->(0,6)
0 0 0
78 (2,3)->(0,7)
0 0 0
79 (2,4)->(0,8)
0 0 0
80 (2,5)->(0,9)
0 0 0
81 (2,6)->(0,10)
0 0 0
82 (2,7)->(0,11)
0 0 0
83 (2,8)->(0,12)
0 0 0
84 (2,9)->(0,13)
0 0 0
85 (2,10)->(0,14)
0 0 0
86 (2,11)->(0,0)
0 0 0
87 (2,12)->(0,1)
0 0 0
88 (2,13)->(0,2)
0 0 0
89 (2,14)->(0,3)
0 0 0
90 (3,0)->(1,5)
0 0 0
91 (3,1)->(1,6)
0 0 0
92 (3,2)->(1,7)
0 0 0
93 (3,3)->(1,8)
0 0 0
94 (3,4)->(1,9)
0 0 0
95 (3,5)->(1,10)
0 0 0
96 (3,6)->(1,11)
0 0 1
97 (3,7)->(1,12)
0 0 1
98 (3,8)->(1,13)
0 0 1
99 (3,9)->(1,14)
0 0 0
100 (3,10)->(1,0)
0 0 0
101 (3,11)->(1,1)
0 0 0
102 (3,12)->(1,2)
0 0 0
103 (3,13)->(1,3)
0 0 0
104 (3,14)->(1,4)
0 0 0
105 (3,0)->(4,4)
0 0 0
106 (3,1)->(4,5)
0 0 0
107 (3,2)->(4,6)
0 0 0
108 (3,3)->(4,7)
0 0 0
109 (3,4)->(4,8)
0 0 0
110 (3,5)->(4,9)
0 0 0
111 (3,6)->(4,10)
0 0 0
112 (3,7)->(4,11)
0 0 0
113 (3,8)->(4,12)
0 0 0
114 (3,9)->(4,13)
0 0 0
115 (3,10)->(4,14)
0 0 0
116 (3,11)->(4,0)
0 0 0
117 (3,12)->(4,1)
0 0 0
118 (3,13)->(4,2)
0 0 0
119 (3,14)->(4,3)
0 0 0
120 (4,0)->(2,5)
0 0 0
121 (4,1)->(2,6)
0 0 0
122 (4,2)->(2,7)
1 1 1
123 (4,3)->(2,8)
1 1 1
124 (4,4)->(2,9)
1 1 1
125 (4,5)->(2,10)
1 1 1
126 (4,6)->(2,11)
1 1 1
127 (4,7)->(2,12)
1 1 1
128 (4,8)->(2,13)
1 1 1
129 (4,9)->(2,14)
1 1 1
130 (4,10)->(2,0)
1 1 1
131 (4,11)->(2,1)
1 1 1
132 (4,12)->(2,2)
1 1 1
133 (4,13)->(2,3)
0 0 0
134 (4,14)->(2,4)
0 0 0
135 (4,0)->(3,4)
0 0 0
136 (4,1)->(3,5)
0 0 0
137 (4,2)->(3,6)
1 0 1
138 (4,3)->(3,7)
1 0 1
139 (4,4)->(3,8)
1 0 1
140 (4,5)->(3,9)
1 0 0
141 (4,6)->(3,10)
1 0 0
142 (4,7)->(3,11)
1 0 0
143 (4,8)->(3,12)
1 0 0
144 (4,9)->(3,13)
1 0 0
145 (4,10)->(3,14)
1 0 0
146 (4,11)->(3,0)
1 0 0
147 (4,12)->(3,1)
1 0 0
148 (4,13)->(3,2)
0 0 0
149 (4,14)->(3,3)
0 0 0
