LP information:
0
38 1.0 40 8.0 44 21.0 
1
72 8.0 73 2.0 
2
128 3.0 129 26.0 5 19.0 6 10.0 
3
71 21.0 
4
77 8.0 87 9.0 
5
13 2.0 63 21.0 77 2.0 111 8.0 118 13.0 
6
83 24.0 85 6.0 123 24.0 125 6.0 
7
139 22.0 13 22.0 
8
19 12.0 29 14.0 73 1.0 85 14.0 89 12.0 92 1.0 
9
14 20.0 54 20.0 
10
104 10.0 51 10.0 
11
139 19.0 
12
4 13.0 144 13.0 
13
132 10.0 
14
137 21.0 148 7.0 92 7.0 96 21.0 
15
76 19.0 89 1.0 
16
74 21.0 
17
90 8.0 104 11.0 
18
26 10.0 29 6.0 
19
131 10.0 125 14.0 

Final Solution:
0
38 30.0 
1
62 9.0 72 1.0 
2
19 29.0 42 29.0 
3
72 21.0 
4
83 17.0 
5
13 3.0 62 20.0 83 3.0 113 20.0 
6
83 30.0 122 30.0 
7
136 21.0 13 22.0 142 1.0 
8
72 27.0 90 27.0 
9
13 20.0 53 20.0 
10
90 10.0 53 10.0 
11
142 19.0 
12
9 13.0 147 13.0 
13
122 10.0 
14
136 28.0 95 28.0 
15
78 20.0 
16
62 21.0 
17
90 13.0 95 6.0 
18
19 16.0 
19
132 20.0 122 4.0 
