LP information:
0
42 24.0 44 7.000000000000001 
1
61 10.0 
2
2 29.0 125 29.0 
3
61 9.0 71 8.0 72 2.0 
4
88 16.0 
5
65 22.0 113 22.0 
6
85 28.0 125 28.0 
7
137 20.0 14 20.0 
8
20 5.0 29 11.0 61 12.0 85 11.0 88 5.0 94 12.0 
9
14 19.0 54 19.0 
10
104 8.0 49 8.0 
11
142 21.0 
12
8 13.0 146 13.0 
13
132 11.0 
14
137 7.0 139 22.0 96 7.000000000000001 98 22.0 
15
79 13.0 88 8.0 
16
63 7.0 69 12.0 
17
94 19.0 
18
24 8.0 29 9.0 
19
132 2.0 124 12.0 125 11.0 

Final Solution:
0
37 20.0 44 11.0 
1
63 10.0 
2
1 29.0 124 29.0 
3
74 19.0 
4
83 16.0 
5
14 2.0 63 20.0 83 2.0 111 20.0 
6
83 28.0 122 28.0 
7
137 20.0 14 20.0 
8
29 28.0 84 28.0 
9
14 19.0 53 19.0 
10
92 8.0 53 8.0 
11
146 7.0 148 14.0 
12
1 13.0 146 13.0 
13
122 11.0 
14
148 29.0 92 12.0 96 17.0 
15
84 21.0 
16
63 19.0 
17
96 19.0 
18
29 17.0 
19
122 4.0 124 21.0 
