LP information:
0
44 30.0 
1
61 2.0 74 7.0 
2
128 3.0 130 14.0 131 14.0 5 3.0 7 14.0 8 14.0 
3
65 13.0 68 1.0 71 5.0 
4
75 6.0 86 7.0 88 3.0 
5
63 20.0 65 2.0 112 20.0 114 2.0 
6
134 14.000000000000002 79 9.0 83 18.0 122 12.999999999999998 
7
2 3.0 135 18.0 12 18.0 140 2.0 141 1.0 
8
15 13.0 19 10.0 71 5.0 75 10.0 86 13.0 92 5.0 
9
0 20.0 54 7.0 55 13.0 
10
104 10.0 54 10.0 
11
138 21.0 
12
5 13.0 145 13.0 
13
133 10.0 
14
137 14.0 139 15.0 96 14.0 98 15.0 
15
78 14.0 79 5.0 
16
63 20.0 
17
94 2.0 96 16.0 
18
29 17.0 
19
130 2.0 123 1.0 126 20.0 

Final Solution:
0
41 30.0 
1
60 9.0 
2
1 31.0 125 31.0 
3
60 19.0 
4
85 16.0 
5
14 2.0 69 20.0 84 2.0 117 20.0 
6
84 27.0 123 20.0 124 7.0 
7
1 6.0 139 21.0 14 15.0 
8
15 28.0 84 20.0 85 8.0 
9
14 20.0 54 20.0 
10
85 7.0 93 3.0 54 3.0 119 7.0 125 7.0 
11
139 10.0 148 11.0 
12
1 13.0 139 13.0 
13
124 10.0 
14
148 29.0 93 29.0 
15
85 19.0 
16
60 20.0 
17
93 18.0 
18
15 17.0 
19
124 23.0 
